6,5,2.722512329765032E-31,4.359426466260021E-73,1.1946344697427268E-21,2.5613308689035253E-16,3.345501161672988E-96,0.8184835200472572,0.1815164799527423,1.3446640693135036E-16,1.025754460113801E-172,2.3995621343746416E-239,
6,5,6.959119189417744E-27,4.33670909965491E-73,3.166975873008774E-17,4.1705021132056987E-16,1.835827838272261E-93,0.8521789447410475,0.1478210552589518,6.186632433203951E-17,2.9402725515072666E-174,1.2110750089450337E-239,
3,3,1.0270164852857279E-152,0.005174418753534493,9.113666929682971E-155,0.9948255804662222,7.888358698623021E-154,7.802433431656896E-10,2.0279864442709344E-84,4.053764456756476E-167,1.1457085727206744E-169,1.8371251745097877E-163,
3,3,1.5296536307910758E-155,1.375942693974108E-5,6.413244110288773E-158,0.9999862405730242,2.656023003317871E-94,3.6073233460457646E-14,2.4199233875090492E-85,4.563522860900325E-169,1.5389114595748452E-249,9.947833936543292E-167,
3,3,2.890683502627803E-157,2.624198492741336E-6,2.062710617372029E-159,0.9999973758014618,9.707746823867811E-158,4.5533707146858515E-14,5.386640138558538E-85,1.1823539499239878E-168,8.76630752878775E-265,3.775452356046219E-170,
3,3,1.673915578670613E-88,1.547792740242242E-4,4.713565807433267E-90,0.9998452207257218,1.545325684472514E-82,2.540223800108941E-13,1.4778929647990523E-86,1.7698546116602268E-171,1.7479839584176928E-171,2.172466004873268E-163,
5,5,2.2352860719127875E-164,4.825798170970079E-75,1.3945923027437764E-160,9.733600205840556E-14,3.0586384992653554E-170,0.9999999999999027,3.94205262879029E-77,1.0134654883671449E-91,8.060664063686979E-249,5.250219880776E-312,
5,5,2.0546555663157764E-169,2.3318036030693165E-74,6.346539749037711E-165,5.014111758373764E-13,6.740193719071028E-175,0.9999999999994986,7.944340259094414E-77,1.099995113284188E-91,2.5742341817331415E-247,9.984855924126E-312,
5,5,5.349665809575833E-82,1.9954726649476266E-7,1.357620008184616E-82,9.20515109094558E-84,2.41340340536622E-89,0.7417337486339982,0.2582660518187353,1.3230409420608268E-93,3.8752755278156253E-243,6.584079528136189E-100,
6,6,1.1578063718624272E-75,0.007689870568614137,1.653044139894514E-78,1.292284066874971E-80,2.457120724850645E-19,0.15744247325351263,0.8348676561778732,1.9976474734323852E-95,4.8683924765112737E-163,2.683453441775975E-88,
5,1,7.592645070186949E-12,0.6088394675628886,1.0044773492104136E-13,4.8575550220445064E-77,1.472060864327215E-10,0.39116053228218006,3.2047769924118E-14,1.1744563454309807E-177,5.479886029779463E-232,1.2479921546296591E-158,
5,1,3.8459868215676174E-14,0.8183794189481255,1.9037724073699497E-12,0.17995307964692678,5.165578608675107E-13,0.0016675014024888932,1.6802909089021054E-80,8.236436348973098E-104,1.9409360239746586E-238,1.5559357944599452E-99,
5,5,1.778811634300896E-86,2.5069508656220243E-72,7.497013641475516E-83,2.7978976847286373E-14,9.977187970465375E-83,0.9943811931245956,0.005618806875376516,1.49133868041368E-26,1.701662913507482E-238,1.0108736823179992E-164,
5,6,2.1372777534048825E-86,7.928250546012777E-70,1.8488309704176238E-82,4.3230225682911975E-75,3.276779507647277E-87,0.043444229214826255,0.9565557707851737,9.901788805997835E-24,2.36223215203037E-232,1.3472966602667367E-169,
5,5,5.651160083459599E-89,6.8311954148827554E-74,5.439884251200609E-87,5.229792183632414E-88,8.440656100584065E-155,0.977410805557732,0.022589194442268062,1.1031616814593322E-98,1.9326777988217442E-249,3.927374172334241E-171,
6,6,3.7616926209103025E-75,0.01187376400580705,1.0212919918812689E-78,1.6143275241725257E-80,5.300000635383924E-18,0.10230078705355831,0.8858254489406348,1.3668071595557448E-95,2.0672503644190147E-160,3.4983634201636613E-87,
5,5,1.3150903082017815E-90,6.883849921867804E-74,1.0647603838917635E-89,7.368975323242452E-87,1.1453328924458267E-155,0.9997212148019566,2.7878519804334505E-4,4.702687203339611E-101,3.0738012421092042E-245,1.6804891470768367E-175,
6,5,2.6375980841249887E-161,2.625016507084649E-74,6.232270083373987E-156,5.4971852792320645E-77,7.928718425965789E-231,0.9984024029208441,0.0015975970791559117,4.454632881747793E-22,2.10619746882445E-246,1.715011683846219E-246,
5,1,0.05648905258165383,0.6094748828027353,0.027156463954369672,3.1751467549432534E-78,0.0022666212664183417,0.2952774153960067,0.009335563998816163,9.519897209708827E-168,3.5618821471833788E-236,1.302722662250411E-18,
6,5,4.0084686821565255E-13,5.42464155330508E-6,3.365543503786672E-8,1.7126513666206728E-82,1.5068274381523272E-14,0.8071396740812374,0.19285486762135828,1.0837779856589782E-100,6.90391601098832E-248,2.977928319537023E-100,
6,5,1.275634795436969E-21,2.1002463779616706E-72,6.982454523327199E-16,6.921087863387147E-86,3.766996442829945E-80,0.9799727666429515,0.020027233357047675,2.2059281776027906E-103,1.147982721608011E-249,6.468349342824311E-170,
1,2,0.005378079404339223,0.013620395047051882,0.9810015214052005,1.2797522841094503E-10,1.4156950295556387E-12,4.0074460891511224E-9,6.571342942603616E-12,1.2073119690443034E-98,3.369175475794137E-166,4.807575063663486E-26,
0,2,0.008332168542455026,0.0015607647381445204,0.990107065490583,7.325293944198929E-12,1.0833569042355266E-12,1.1757864973398976E-9,4.462224101063295E-11,5.218064860951751E-96,8.383087630327759E-168,8.739656559549609E-23,
0,2,0.020188676098400384,5.721660573725499E-4,0.979239157760584,1.2649755641799755E-89,6.763727554214281E-12,7.247120473152046E-11,4.408053202952805E-12,4.591117464934978E-174,1.9965197802509546E-90,4.689589857935765E-20,
1,1,1.7901599780786793E-8,0.9999975781881477,8.89057300980838E-7,1.2391877099760038E-6,2.867070082221217E-16,2.756652413373758E-7,6.698408492029651E-22,1.4863664640863782E-170,5.003867965244474E-162,2.8083728407888217E-97,
1,1,4.199452541705313E-4,0.9797878161575588,0.019791540293091707,1.2142253632584473E-7,4.990973525045381E-13,5.768721003609043E-7,4.3010608821965196E-14,6.304944959648138E-109,6.831377246711422E-162,3.153884658492968E-97,
0,0,0.975395533836397,2.9653186294277464E-4,0.024307934090231804,5.609229139031804E-13,2.050095107648131E-10,4.557888173741194E-12,2.5848603349196427E-13,8.806491047991895E-101,1.0299007860074067E-160,4.149220643959082E-14,
0,0,0.9292486459967818,3.5922267295355955E-4,0.07039213020675081,2.2505312430919816E-13,1.1178104458597644E-9,3.593434520877211E-12,1.4696130484959318E-12,1.960117895147284E-100,1.7679131821128582E-159,4.155590268941362E-13,
1,2,0.41467026790201916,0.01863118764950711,0.5666985434171281,5.413626862928908E-89,3.907617958471578E-10,6.396255269629588E-10,9.583678577464794E-13,3.9251475024764873E-175,4.696822506895074E-165,2.0599176421588265E-21,
1,0,0.8719071118714183,7.773685420486004E-4,0.12731551953808187,5.110054686964251E-90,1.6300656671318187E-11,2.744271180601401E-11,4.707643301499851E-12,1.0711884471098979E-175,2.076409443670291E-85,8.178233360992052E-17,
1,1,1.1403519998221085E-75,0.9370653457515716,4.273739882164751E-74,0.06293465385580368,1.061729620579845E-84,3.926246451359211E-10,3.364383203022873E-81,1.2869382328199707E-166,3.514414931815964E-157,2.697423810491248E-96,
1,1,8.700319897766771E-77,0.5962094305125074,3.4732482974149737E-74,0.40379056943447655,2.8754045067233824E-86,5.301588305091809E-11,7.323486871762569E-80,2.8169447334294073E-165,3.418992597848498E-156,8.736877456596648E-157,
1,1,5.0939213134110526E-77,0.99889644885292,6.363405483098836E-75,0.0011035041900362258,4.4720009069691154E-86,4.6957043730872634E-8,6.68725661157466E-83,5.240643988630744E-168,1.2485949866872433E-159,1.2548284727837246E-97,
1,1,4.533000540559539E-75,0.7712676661963557,1.025552248316067E-73,0.22873233367988502,1.4541161111379726E-83,1.2375922595502477E-10,9.930789711835875E-81,5.22823458835843E-166,2.4528431994659595E-156,7.193598470868674E-95,
0,2,0.003810599886121609,0.0023307888642449615,0.993858607361478,2.8151317906808603E-88,6.901812227249886E-13,3.669157054897659E-9,2.1830813847978726E-10,1.0635589864848656E-171,4.055345087494733E-167,2.1260956509270464E-23,
0,2,0.024487602442993132,0.0013739987139132367,0.9741383984814137,4.985806408344854E-90,4.065555949572776E-13,2.886803649753033E-10,7.259308742693654E-11,7.309003295525948E-175,2.2207985824605552E-88,5.3668013708159505E-21,
1,2,0.0034989040472466724,0.13506833830513304,0.8614325175648322,8.584370896261878E-9,3.087264811008171E-12,2.3148802231054561E-7,7.307630727156925E-12,8.915844709246443E-101,1.622719046171539E-166,2.4760501771089997E-29,
0,2,0.0203613066559244,0.0030753026523850833,0.976563389452665,8.740911765824634E-13,5.814235361121733E-13,1.067710363566296E-9,1.698596355078048E-10,1.764966611513341E-97,1.8938641185243766E-165,3.7846825410121107E-22,
1,1,2.8366501780964547E-4,0.9143552167204373,0.08535965687696853,1.2352837090013607E-7,4.823519196823309E-12,1.3378515037791014E-6,8.634492020406456E-14,7.834461288231496E-106,1.2504567852685712E-241,2.9083696568426847E-97,
2,2,0.03699865116972103,0.008306065536930628,0.9546952827215098,1.5092256175966846E-11,2.4165075268534085E-11,5.300216938862615E-10,2.559533392277147E-12,5.746608863485441E-101,3.832037185034373E-241,1.1788005259683E-22,
1,1,5.854698412426153E-15,0.9999952577609624,1.167482798569232E-10,2.5401412211755768E-6,1.5176037549200798E-22,2.2019810620411747E-6,1.5888923153407238E-83,2.5124903090517505E-167,8.731563267332582E-241,6.303496208975908E-167,
2,2,4.72893308319281E-5,0.21877333356810413,0.7811790311387062,3.063135047985446E-11,9.42742543637009E-15,2.4072951415517146E-7,1.0520220256476821E-7,4.2482114103481147E-94,2.210861093299186E-165,3.9242245996130278E-31,
1,2,1.314277717370907E-4,0.18554328419941696,0.8143240123217638,1.2680300345748385E-9,5.8608069336135174E-15,1.2743784801703513E-6,6.05661702545096E-11,1.9669434685500394E-100,1.818599375316955E-181,6.405357070000768E-35,
2,2,1.4561549689796698E-4,0.19637045260491756,0.8034836298800103,5.301434334091162E-11,1.1651950061044605E-14,1.7991019375450446E-7,1.220549544267674E-7,3.553566727717063E-96,4.506433769741737E-164,3.376893215005376E-30,
2,2,4.813661030253682E-5,0.037464595548709755,0.9624792526771745,1.4953227621662275E-10,1.0387296259161522E-16,7.94273562208977E-6,7.227865877417079E-8,3.339539693971748E-94,3.3077890069550558E-242,1.6024930466800593E-34,
2,2,8.584547319178757E-5,0.04156389768158043,0.9583502520391446,4.89619597469119E-11,8.446739960447377E-15,4.703577777700469E-9,5.353508899589334E-11,8.435742448942103E-98,1.566636133522151E-168,5.277520019740919E-33,
1,2,0.0018575676293581108,0.45874508896859306,0.5393966311957246,4.242943163828088E-8,3.030121160241972E-13,6.697594208955803E-7,1.7168780857605667E-11,1.1062997014531353E-99,2.3778180859324835E-164,6.887927122006618E-32,
1,1,2.8278770676019276E-8,0.9999080126271753,8.880019138098618E-5,1.0918478570184676E-6,3.0654937184002623E-16,2.067054815647535E-6,3.050310093825849E-16,8.499120227367539E-167,4.739424571618489E-240,1.0832737809400771E-102,
0,2,0.03764835530872652,0.0015208702962554344,0.9608307724211941,3.4873455163364205E-13,1.628867589505244E-14,8.446648953145121E-10,1.1287940209309416E-9,6.851294375188441E-95,3.851348145995672E-101,3.258886770774179E-22,
0,2,0.012200732723499511,0.0019433561417758897,0.9858559105762364,3.0951772286285664E-13,5.375427887902287E-15,1.8281896966387835E-10,3.753542055939469E-10,1.3063437441513093E-95,8.019829656426738E-88,8.270461668022789E-24,
2,2,0.012200732723499511,0.0019433561417758897,0.9858559105762364,3.0951772286285664E-13,5.375427887902287E-15,1.8281896966387835E-10,3.753542055939469E-10,1.3063437441513093E-95,8.019829656426738E-88,8.270461668022789E-24,
2,2,0.012200732723499511,0.0019433561417758897,0.9858559105762364,3.0951772286285664E-13,5.375427887902287E-15,1.8281896966387835E-10,3.753542055939469E-10,1.3063437441513093E-95,8.019829656426738E-88,8.270461668022789E-24,
2,2,0.012200732723499511,0.0019433561417758897,0.9858559105762364,3.0951772286285664E-13,5.375427887902287E-15,1.8281896966387835E-10,3.753542055939469E-10,1.3063437441513093E-95,8.019829656426738E-88,8.270461668022789E-24,
0,0,0.6379953509003964,3.8639702595944653E-4,0.36161825186717045,1.4417467331815804E-90,6.050219003571807E-11,9.664187533961987E-11,4.93292163665075E-11,2.4348117501382035E-175,4.466301130261211E-98,5.869576232214435E-16,
0,0,0.9191172576886917,1.2806049686467502E-4,0.08075468170331022,3.8194487012953756E-91,1.0508520136449863E-10,3.1026212623557013E-12,2.8938522142812623E-12,8.347755473788447E-177,5.931635385356371E-84,5.180155430533491E-14,
0,2,0.051077712739740586,0.002177286113367827,0.9467449925719305,1.7443710038387188E-12,4.585317014342393E-13,8.31312703451453E-9,2.596313319244849E-10,7.212554099822602E-97,1.8243312765433282E-181,2.164241807205072E-22,
0,2,0.08245401204930468,0.002791875197292929,0.9147541114955899,2.371738608145521E-12,1.916542844573618E-12,1.1934020273626287E-9,6.012226110918797E-11,1.0021266001769008E-97,1.5014759622014112E-166,1.6832688546381248E-21,
0,2,0.482925528309999,7.545887822004233E-4,0.5163198824097651,1.4389802783981913E-90,8.476755656869057E-12,2.542465824768135E-10,2.3531202761906166E-10,2.7089939267857864E-174,1.1671470759324183E-98,1.0399717354909566E-17,
0,0,0.9255564187041679,1.3841055647288405E-4,0.07430517066983275,3.56421137813243E-91,6.230372571569297E-11,3.465415104345459E-12,3.7378729074279985E-12,1.342989895719858E-176,3.8394674065279145E-84,1.9328385365752625E-14,
0,2,0.06374667316368782,0.002378740388191743,0.933874579256199,2.1261521851036467E-12,6.601530042084486E-13,6.957467266327676E-9,2.3166767396125577E-10,6.409975222520284E-97,2.2536799811659826E-180,6.747751746940813E-22,
2,2,0.01883048530195173,0.013076634457415054,0.9680928778810571,1.2832367375027851E-11,4.3466625674119146E-13,2.3311537370607695E-9,1.5155165855475285E-11,9.483004146581299E-100,8.74358595270029E-165,1.6698000832130637E-25,
1,1,0.09429230025453916,0.8435079789145528,0.06219886172260441,1.032876644233037E-7,2.767971448153198E-10,7.555437493947614E-7,9.238023219072731E-14,2.754021682463281E-107,1.510155921343619E-162,2.1526825341156078E-89,
1,1,0.028928561752879615,0.8713950484047701,0.09967589026098167,1.2634120493631912E-7,1.5827024034591672E-10,3.7308180341071254E-7,9.005152915098112E-14,3.8543773427302847E-107,7.947427273976239E-162,3.6700017608155686E-90,
0,0,0.9084698520460245,0.003596587753961253,0.08793355889156788,3.8485201251633153E-11,4.2431245100730256E-10,8.407915048792395E-10,4.857227695186054E-12,7.747633587297225E-100,2.1799320101894774E-161,6.96326186217105E-17,
0,0,0.9754507564144597,5.283881918264444E-5,0.024496404519329277,9.910587348132995E-14,2.381422090459995E-10,6.919625065723643E-13,9.157275371464774E-13,3.733169631846656E-102,1.0389133371533701E-82,7.1794371106433445E-12,
1,1,2.5782465693684357E-8,0.9999801159393388,5.939072383109586E-6,8.408997952288555E-7,2.5879171520783335E-15,1.3078306014750543E-5,4.1203813990667767E-20,8.918073023572184E-169,2.34669750518278E-177,8.151028498636418E-97,
1,1,3.411085609939814E-7,0.9999852319378133,1.3364583014310943E-5,3.947962024316864E-7,2.005589647713296E-14,6.675743888496262E-7,1.9015919150421703E-21,1.1830751652879776E-170,2.913998164993619E-164,7.753777818919721E-94,
5,5,7.176815926228739E-101,2.9460526990975103E-74,1.6371588327130045E-93,3.7055755873467717E-14,6.018166704000284E-111,0.9999999996407749,3.59187968990214E-10,1.9508050789884496E-83,1.1401989423217406E-249,1.2392478216E-314,
5,5,4.777387063089003E-162,5.2789285644804434E-74,1.7630352000223616E-153,6.384203114898721E-80,1.0357911821060137E-168,0.9945027209426526,0.00549727905725805,8.926896437899873E-14,1.1607201850324844E-253,2.5946572162357594E-249,
6,6,2.7905934056133123E-225,4.819699489750588E-75,1.4381296089093248E-157,1.0933594265270097E-82,4.856434350035783E-238,0.012627527307405385,0.9873721111011292,3.615914653233757E-7,1.2088042485447129E-258,2.1015560068843603E-250,
6,6,5.503215136071237E-227,1.6715158252911609E-77,1.616801919061743E-160,2.9649762395481573E-85,6.155542649329212E-238,1.8964515192375106E-5,0.9999800038709155,1.0316138921722935E-6,9.341692985252527E-267,6.6940312032514E-251,
5,5,8.148587411817742E-225,1.366257941447781E-74,1.3343628801563968E-94,2.8948329259912854E-81,4.6948468887625536E-166,0.8795354302992463,0.120464569261273,4.3948074794502926E-10,9.965152357368498E-254,7.521708634701348E-246,
5,5,6.339629116997721E-227,1.309070314257E-74,2.1040807614874762E-156,2.9340384782633102E-80,1.7840491553107283E-167,0.9881456694197727,0.011854330580149853,7.744322287498663E-14,8.389778024880713E-264,6.3220899334341E-253,
6,0,0.8811614433427523,1.0592817837705273E-4,0.11873260842234448,9.387592888682334E-14,1.431548066645017E-11,1.663169554746563E-8,3.410412769545992E-9,2.363627074776055E-96,1.1139877505052931E-98,8.591190569252199E-15,
6,0,0.36870491935299965,4.3211729670557E-5,0.06439935263537062,4.88593086191054E-11,5.16591826917378E-14,0.3618132636610659,0.20503925257198177,4.787289203522208E-90,8.966580040275043E-91,4.9199647830024195E-16,
0,0,0.7097640436331681,1.5210655414891607E-4,0.29008384831973644,3.787731466805279E-13,5.694749745668057E-11,8.019544194126269E-10,6.336371495314691E-10,1.7059907114920025E-97,2.7195544806074004E-100,2.895988404119729E-14,
0,0,0.9281562909779194,1.2656800597148245E-4,0.0717171409563583,2.0084239717912982E-14,4.6936137663043837E-11,8.734178498347476E-12,4.044518507563906E-12,1.3530808863440108E-99,2.831750899555474E-86,1.59674043136143E-14,
6,2,0.343340745347444,0.011183711220691695,0.5918126119273305,2.5404680202234316E-11,1.6898894033032735E-12,0.01336971377315752,0.04029321770428164,6.416217033629257E-90,1.2274912076239602E-232,2.577987577310134E-20,
6,6,2.4050030635046316E-12,1.4994202264460126E-72,2.1050268880705706E-10,5.645167967899563E-17,3.213170891621321E-81,0.17303029207082618,0.8269697077162661,5.383647481285175E-25,6.449263528885453E-233,1.1181670135913163E-95,
5,5,5.339036057231148E-85,6.982082044485029E-7,2.8247391010993143E-83,6.730207248301567E-10,1.2570683572108701E-30,0.9999989482264595,3.528923153011216E-7,1.720116598957012E-30,2.786003995093377E-238,6.119856302411934E-178,
5,5,1.790166929039232E-151,2.4101000121258434E-73,8.717654541210054E-150,5.7255726778054664E-18,1.5206807036525992E-160,0.9999988051405995,1.1948594005418308E-6,5.407157302779214E-30,1.3781607136342083E-240,5.447229187291257E-243,
6,6,4.688671361676326E-6,0.019023314207969672,0.0046010141557508545,3.6315077947251757E-10,9.82922843523357E-15,0.4205162895532614,0.5558546930484869,9.055843564479954E-15,1.6526980563858838E-235,1.1495666907924042E-33,
6,6,6.295964688800635E-152,2.423602366061322E-74,4.1382471961050175E-150,4.070999373574556E-83,7.137696825696372E-101,0.030291545814015757,0.9697084541859411,4.301068333439313E-14,4.40806635782784E-240,3.9415654397458786E-177,
6,6,4.4785948613133414E-85,2.7836110323159595E-73,1.9286011114632809E-81,3.0730606504107385E-82,3.3062914938889318E-90,0.01768125985779982,0.9823187401422001,9.595295816918557E-21,1.0755188666892429E-237,6.361168720183106E-169,
6,6,4.991179442582529E-81,2.8557264372430156E-72,5.484935887641931E-77,3.938475086728988E-81,5.960063902251003E-88,0.011291946815263758,0.9887080531847362,6.634894639972206E-89,2.010820392983988E-160,1.5240067428239652E-169,
6,6,1.074898824526515E-147,3.8629395200394916E-73,2.6615862875645836E-145,3.403324462797788E-19,3.4911778725286804E-158,0.13037308751917398,0.869626912480826,2.9220994792765004E-21,3.249479441041998E-159,6.54861231344226E-167,
5,1,6.31572906109473E-85,0.9961846697983332,5.557036895714457E-84,0.0014476008878976118,1.945716630374651E-25,0.0023677293137691654,8.575234117832442E-80,1.296705236749685E-102,9.274193078879236E-237,1.4755415983956172E-163,
5,1,2.3559135278301676E-25,0.9931155585102992,8.5834739934137E-21,0.002674860208082587,4.772648446263888E-24,0.004209581281618211,2.0884041184912096E-79,5.95721649375382E-96,5.075183803626982E-237,5.748681142915251E-167,
1,1,3.717722489463125E-82,0.9998352982565528,6.898185094213983E-78,1.6193192047750116E-4,2.3123232419919317E-22,2.76982296967398E-6,1.9166289022737234E-81,1.370826806301833E-102,5.626731499818485E-242,8.606509024142631E-108,
5,5,2.4769718174080774E-152,7.159939940176795E-72,4.034615590514005E-149,8.238735627519133E-78,1.5242582644806715E-164,0.8878061630454263,0.1121938369545738,3.1119698135844837E-18,0.0,1.0091434473065461E-242,
6,6,1.3517611616239464E-94,3.1156558913707195E-74,2.816383611885521E-88,9.770266309053121E-83,2.9641017091682135E-103,2.767360678074972E-6,0.9999969355792948,2.970600271882628E-7,0.0,1.0721572549613587E-245,
6,6,4.167956767778332E-97,4.530450371073436E-75,1.0873007062438248E-90,7.71057580511724E-84,2.687144944357539E-167,8.542255864645713E-10,0.99999954152205,4.5762372449785743E-7,3.639424259452867E-241,6.7131767682291235E-248,
6,6,9.546520998536442E-89,1.4065039825665195E-73,3.125939332007987E-83,1.2781141494541156E-81,4.777947481853514E-162,1.944533555682872E-10,0.9999999997919358,1.3610835139002464E-11,2.041326064585641E-161,4.841834777115622E-240,
5,5,1.2293366156436744E-20,0.09886026384886289,2.3680254662722034E-15,1.0845658441162319E-4,3.193025804743585E-23,0.9010312795667231,2.8268167487017868E-77,2.2744883123050585E-92,7.748655531851175E-239,1.2533000592776973E-171,
1,1,2.7694065394115814E-83,0.9964853969541417,9.258954601325866E-79,0.0022809174582301473,1.303194450486984E-85,0.0012336855876281445,8.559964140965109E-79,8.479946990418362E-100,3.05447599E-315,5.688796177675133E-172,
5,5,3.905146570230184E-231,5.424658026548969E-78,5.295653801795611E-228,1.8618557001579055E-74,1.5594074322797212E-173,1.0,1.0771420821087283E-75,1.5311523566323696E-78,1.250071942830121E-257,1.326339154654671E-248,
3,3,3.632724584900586E-154,0.1765546524708448,1.568446465860512E-92,0.8227746369238269,2.2254267527632762E-91,6.707106053284225E-4,4.4933888477555824E-80,6.932995835276013E-162,0.0,9.223485381908492E-172,
3,3,2.7476436657485815E-86,0.04097473507306266,6.879822288697149E-86,0.9590252607296857,4.700271551062597E-84,4.197251617736595E-9,2.107290210870162E-84,1.6314037431425877E-167,1.9096882260401084E-185,4.0813952939126563E-168,
3,3,6.243530396594749E-84,0.04010184598354501,5.224623788626334E-84,0.959898149176949,4.8039858271432975E-83,4.839505957519584E-9,8.993554675405415E-85,1.4059439549760662E-167,1.0294078817980621E-185,1.663753554062753E-168,
3,1,2.5263840078058828E-12,0.9256773597126096,2.9017616717483788E-11,0.07432263164765246,5.603404760524613E-10,8.047853561568558E-9,3.2302323196638173E-22,2.4803250853736257E-169,1.0036433059976666E-173,1.6463831035482853E-103,
3,3,8.522704343070695E-95,3.522431262220484E-4,1.7960766378744823E-93,0.9996477568728727,2.927917790071493E-88,9.053013313318202E-13,4.669130277876068E-86,1.5735527110727883E-168,2.45453800732048E-180,3.5883829625134276E-174,
3,3,8.96565523274023E-80,0.012308553795238809,7.327890459858479E-80,0.9876914460100007,2.139278677521562E-80,1.9476052754799894E-10,2.065995660255211E-84,4.0394209823086017E-169,1.020847059258833E-308,1.2422564070332588E-103,
1,1,1.952502427785264E-74,0.9998564858556521,4.518092993026785E-75,1.4350756183569097E-4,1.8874188464599772E-18,6.582512185742127E-9,1.208860103626637E-86,5.605163356777568E-172,3.2917066021505735E-238,2.1165836859566998E-89,
1,1,3.717476059462601E-74,0.9998215828351584,1.698754432273782E-74,1.7840613832448653E-4,1.3544879173426872E-18,1.1026517066682234E-8,2.161422535842493E-86,8.458934361253441E-172,3.1246174874521314E-165,5.5642417841643E-90,
0,0,0.9995255806505399,1.9094850652490817E-5,4.543229932211486E-4,5.672717823689083E-90,9.433794504239982E-7,2.763521582716561E-14,1.1164509497843363E-15,2.1401879638347936E-180,1.1110061082747627E-16,5.812610734666757E-8,
0,0,0.9997152456857475,1.4563073164037404E-5,2.678793524317629E-4,2.4742059044802E-89,1.5179617029684398E-6,1.8216805257312447E-14,1.1123758605059303E-15,2.276279619571878E-181,2.994082068638378E-13,7.939266349964811E-7,
1,2,0.042970932192752366,0.163314373718453,0.7937144039971866,2.282997870892306E-9,2.6843537474232267E-7,1.9365813079702296E-8,7.422223107471649E-12,1.1527851061942012E-94,8.925332903930479E-167,5.533566028271965E-24,
0,0,0.6042051396571436,9.170713641008664E-4,0.39487778858367417,9.216283195060213E-13,2.1653898093715558E-10,1.657858012332062E-10,1.1835187482517081E-11,3.6358629536605062E-99,8.198834654869253E-93,4.648108985394456E-19,
0,0,0.9983920864113868,2.710184514331997E-5,0.0015802323290773606,6.355505444202107E-90,5.609613653361954E-7,1.1637345556783776E-13,5.37153590980158E-15,2.2623290989739957E-179,2.573066556752595E-17,1.8452905516980765E-8,
1,1,0.0030419253515215493,0.981841551353765,0.015115957349545054,4.171024805483243E-8,5.129660112237855E-7,1.1268908708499223E-8,1.424848522577535E-16,5.2726967050588975E-107,2.2984358278016003E-237,6.923467913607096E-91,
0,2,0.2922326521778065,5.657948754599103E-4,0.7072015520057383,1.9573837084696485E-12,4.1536038525794165E-10,4.530650861799072E-10,7.061220559627343E-11,2.179835522345974E-96,7.024380939947778E-89,2.1099015490676374E-16,
1,2,0.03436307500892133,0.2788989832823775,0.6867373743310248,1.1165793482051479E-7,6.022623636413424E-8,3.95483854757117E-7,9.650407732389903E-12,1.5725366035655163E-99,3.753008262247323E-163,9.543051397317158E-26,
1,1,3.766281223062866E-10,0.9999794498445194,5.7337175647064845E-8,1.7707515625374532E-5,6.769181749851493E-11,2.7848582586506816E-6,1.0067882147785356E-13,3.0644127063221203E-104,2.59083815247953E-163,1.2163646335495304E-162,
0,0,0.8159107266989056,2.0927032207935899E-4,0.1838800003730376,5.033131299944289E-13,2.5772501342713774E-9,2.5214157738710187E-11,2.853583535782027E-12,1.4950957081051505E-98,6.933471153172323E-86,1.5632595819157674E-13,
1,1,3.80139936399378E-8,0.9999264463280155,1.3077885612628503E-7,7.255781236502851E-5,5.1988776240183016E-11,8.270147809611146E-7,1.5509682889931709E-21,4.916676437406181E-168,1.177505326850501E-161,9.504143201241066E-93,
1,1,1.3919571944559318E-7,0.9999761584777825,4.517561491218527E-7,2.2743369006069857E-5,2.503270002554635E-11,5.071763099770364E-7,7.017745873265483E-22,1.602194775599029E-169,1.6750303583701977E-162,7.58425250107475E-93,
1,1,6.449234295935959E-8,0.9999823001830043,3.610581610788528E-7,1.6775831693206497E-5,1.3297662183121951E-11,4.98421500806345E-7,6.71351103505788E-22,6.504960042568857E-169,4.642558093749238E-167,4.66092187362255E-95,
1,1,4.911571872270349E-11,0.9999536627605259,8.851226449917295E-11,4.597762920552341E-5,1.017803519758485E-13,3.594725388590239E-7,1.3071468799646576E-84,1.3354519137994452E-168,2.615916077553256E-162,2.8802947272908983E-93,
1,1,4.798076502512481E-11,0.999953152035591,8.366822889047521E-11,4.648906988273774E-5,9.795994590558981E-14,3.5876277938933937E-7,1.3081668963456415E-84,1.349858109434812E-168,2.6275078468429076E-162,2.8327028004587027E-93,
1,1,0.00455057989699861,0.994869419495771,5.788344845507456E-4,5.727901678299718E-7,8.875381104839443E-10,5.924449735659533E-7,2.630955246830625E-17,4.4672364160357895E-170,1.6551478945370722E-165,5.34657643137742E-88,
2,0,0.8762327244478855,1.0220979104132492E-4,0.12366506486758394,1.398032527222709E-91,1.9992700169673676E-10,7.641926532652797E-12,3.3328288147548783E-10,3.067445913501059E-176,5.328213377812438E-21,3.5263740058738326E-10,
0,0,0.998204527979279,8.774551209671043E-6,0.0017866971651939313,3.28313093307568E-93,4.029755517106367E-11,1.0137353264212938E-13,1.0111511913740135E-11,2.329084338991826E-179,2.8746226790339725E-17,2.538067024043429E-10,
0,0,0.9988246063757527,6.993382427504872E-6,0.0011683995085612915,1.5991797516751134E-93,3.852515394146007E-11,3.2069890255927193E-14,3.597886658180565E-12,1.4292922836356005E-180,1.541035179336302E-16,6.911031572016005E-10,
1,2,0.019800003198602378,0.01876731771536863,0.9614236915582487,3.0308683430941386E-87,1.3329720983161403E-9,2.9190523927382697E-7,8.694289568546663E-6,1.5770139125826618E-97,1.128928537551423E-118,4.55539083779982E-16,
0,0,0.99699098082481,2.792759002730069E-5,0.0029810864877597913,1.6538063375700882E-92,8.194040755656738E-11,2.047465828499433E-13,4.658301447137779E-12,8.028732810973204E-177,3.4484444472863006E-13,5.010254644678149E-9,
0,0,0.9994324914207672,9.586733333416703E-6,5.579082369541603E-4,1.7184937113024114E-93,1.58882363378907E-11,3.377301602314976E-14,1.215892556265676E-12,4.2453966444445845E-178,7.363863925006901E-12,1.3584443462600584E-8,
1,0,0.9930395142843427,0.0021268088953689656,0.004233058112573016,2.6608019771534536E-86,6.00606577772813E-4,1.7869382115086017E-11,6.387303107408133E-14,5.0876610087525875E-177,6.172033650033589E-167,1.211200941083569E-8,
0,0,0.8900485927058311,0.012731173685415632,0.09626386448143476,2.8243039607304555E-85,9.563664312544187E-4,1.947368200237513E-9,2.174143938850805E-11,3.9649914883813597E-174,2.4104675607192384E-171,7.269544997369477E-10,
1,0,0.9516116979461687,0.042525717238782165,0.0042979840170883936,4.0625627180937543E-84,0.0015645939020618234,6.81000706508599E-9,4.156161020788387E-12,9.104290822960657E-178,1.736908058123367E-87,8.173547770746577E-11,
0,0,0.9987770955311632,7.843986257236587E-4,1.5812854567351224E-4,2.4421096672497426E-87,2.8020333611205884E-4,3.4842751753749622E-12,3.3063808217027477E-14,2.9023783164796373E-179,2.8733871418348865E-162,1.7395781022892095E-7,
1,1,0.0016102645625931135,0.9961603219597464,5.44323149570436E-4,3.1236412441814433E-80,0.001683917077742211,1.1732477315510234E-6,2.6163535693878177E-12,1.4700879978460315E-119,1.8931663119123573E-176,1.4785509339252974E-86,
1,0,0.41632219491371397,0.39543434858080445,0.013820300275258442,7.841278583803816E-4,0.1736390232203884,5.151151426974476E-9,3.0254657060952473E-13,1.3680823057658353E-101,5.2597128089998266E-177,3.6861076349262575E-16,
1,3,1.8919373793622373E-73,0.4909282302233222,6.794439349528167E-77,0.5090717697560966,4.3095241518099964E-75,2.058130157245953E-11,2.948753182460529E-86,1.1346875204753495E-171,7.149870205002493E-234,2.505607469011836E-81,
1,1,1.9134760103295133E-11,0.9462545399415343,3.0951112440139785E-14,0.053745458764561896,6.709998182253943E-11,1.2076380448377298E-9,2.1794578601907667E-86,1.12764514765828E-171,5.171428953832288E-158,6.496001425928943E-81,
0,0,0.9970636363991661,1.6129963847007713E-4,0.002565960236009998,3.198854358918251E-87,1.4438978919084617E-4,1.468682794418258E-11,1.3795785057367263E-11,1.4277899888966821E-175,1.1487924889184478E-89,6.471390868045067E-5,
0,0,0.9978878676868181,8.545393264388544E-5,5.359364851928759E-4,2.7260703512442377E-88,4.239869657480555E-4,2.5172555301758384E-13,2.8569553783303555E-13,2.529164659840918E-178,6.627754713782936E-86,0.001066754929059632,
1,1,0.009882557130218477,0.9727491251573266,3.4394234673711293E-6,5.7951555623180346E-80,0.01736487824961364,3.9373900573291506E-11,6.857634266521663E-21,5.927321510879672E-252,4.179768504338729E-96,1.6125490262975444E-78,
1,1,0.007000658489133542,0.9674134549861426,3.3561202846746683E-6,0.0134701232296079,0.01211240709120659,8.36245895382794E-11,3.72410738772308E-21,1.1914086237628378E-174,6.888974970710568E-94,4.6419633872789185E-80,
1,4,0.09447237112524753,0.25927248016388044,1.5859504625133697E-5,2.034649022068487E-80,0.6462392891964952,9.751585232505456E-12,4.519953122877107E-18,3.7635880600394357E-190,1.553205188812433E-93,3.5912475170291816E-78,
1,1,0.00168029840200429,0.9960819613906828,1.8528480550531812E-11,4.1838059843464344E-79,0.0022377401832506115,5.533725298514324E-12,3.0962427408342773E-25,2.79614645843736E-253,7.059351199040741E-87,2.0562086638030964E-75,
1,4,0.16997104272401875,0.0016451950316385268,5.095678115010374E-8,1.6885679826201303E-5,0.8283668256059125,1.175244865798444E-15,3.9660817719367963E-19,1.0201694429695913E-111,1.4717530094460315E-165,1.8217826055380435E-12,
1,4,0.0736008471462835,0.0332284337103869,1.3127873977022022E-8,0.0013750574063739979,0.8917956486090596,2.2031154354405278E-14,3.4563071715269566E-20,2.64119772264081E-116,2.043878442778271E-164,2.7267627929657344E-78,
9,9,0.007163884535475114,3.7336507315974196E-14,6.379828428863848E-85,9.759696951562091E-89,0.002516105234956347,1.916761969627939E-27,5.556592900347149E-19,1.5844302614588607E-184,1.849393753225541E-5,0.990301516291999,
1,1,0.025855047303627896,0.9720558181910365,9.259063388233074E-7,1.907905834358759E-81,0.0020882077643794234,8.346174457047459E-10,6.415775136125664E-20,2.1373466131281572E-250,6.959131626760046E-162,4.7439156265203415E-77,
1,1,3.8057323053363384E-4,0.9995879006827559,5.344109842819001E-9,5.28323376099823E-81,3.152063576940977E-5,1.0683113379149814E-10,3.003960479609997E-25,1.3302354706886253E-251,4.78795360137727E-87,1.0686862743773773E-76,
1,0,0.9270304688683458,0.013080946668928064,4.263720624497439E-5,9.222650031100012E-84,0.05984594718714377,7.094646471956423E-12,4.170590988761689E-16,2.7602556788413336E-183,7.542037971298127E-162,6.224213247311741E-11,
0,0,0.9886235565813389,1.0829257475873269E-4,1.6874409916738578E-4,6.482010891064993E-87,0.010499037526632109,2.970926896642976E-14,9.042317458629095E-15,3.564289361199845E-178,1.3739998629805295E-88,6.003692180640676E-4,
0,0,0.7816119740648193,6.006589017564701E-8,1.9432493859369275E-17,6.600451528105667E-89,0.04614061394700473,1.3944141447457602E-20,1.1420453897459311E-17,3.7349909273096286E-179,2.494879790808165E-156,0.17224735192228588,
9,9,0.004474315645984994,1.6014559032612194E-14,2.5061254285105712E-85,1.4332802960428987E-91,2.5332198493017017E-5,6.323926858951936E-28,6.6760409697109264E-21,2.3915105753974166E-186,0.06133649757046318,0.9341638545850429,
9,9,0.02408135693109743,2.5531405363549516E-18,5.277167321638708E-84,8.33140519226377E-89,2.2476133670130418E-4,8.955345834707886E-32,1.4530966434103078E-20,3.525894674426204E-183,1.1626437579540063E-78,0.9756938817322013,
9,9,0.01873790996741702,9.522072570551993E-20,5.114295724897174E-84,1.0208918834104867E-88,2.0115031604826006E-4,9.047677936324627E-93,7.707413329508991E-21,3.5111064551625764E-183,5.786815417282351E-79,0.9810609397165347,
9,9,0.02374502362361867,8.12612778905827E-17,3.6735486893423493E-84,4.706902240987242E-89,2.6825223825362946E-4,2.6048041784783368E-30,2.3925278733396307E-20,1.9945518965758228E-183,1.1034133813274755E-78,0.9759867241381276,
9,9,0.3697611456674205,1.0261136131476809E-11,7.966845356139035E-83,3.0565188268647973E-88,0.004044623127594439,2.7828429081396325E-24,1.694558153384368E-18,2.4460113155771546E-182,2.4336329190005817E-80,0.6261942311947238,
0,9,0.4650244276928116,2.7851023552371983E-11,3.9048648772133257E-81,4.914550818162408E-88,0.0012050963223360538,4.567989096767951E-21,8.635859334412684E-15,8.538438036044352E-180,6.62157485907328E-20,0.5337704759569926,
0,9,0.2134597541862928,4.918305728679413E-12,3.984961326978564E-83,7.017307023857522E-90,4.4834365001327007E-4,1.1596381565936932E-24,7.11423810357042E-19,1.2516627900067453E-183,4.081797327575998E-4,0.785683722426018,
0,0,0.9645322786193963,3.359603841415338E-6,1.6271792668712537E-7,1.6727521709592028E-88,9.492209027899598E-4,7.351218405751569E-15,3.299082260277586E-14,1.0632489059802807E-179,1.129468300741126E-20,0.03451497815600526,
6,0,0.9992113492073054,1.2752443265000842E-5,1.8435864975645667E-4,1.3022118016178887E-87,4.040816466700729E-6,7.687495950996041E-9,1.7395247505267245E-9,5.430862336057612E-175,3.488233694704751E-77,5.874894561856511E-4,
0,0,0.9944682089727523,1.1495532740100926E-5,1.5256491742662782E-5,2.8301143696397495E-89,3.998120983894078E-4,3.314590822627027E-14,1.8298516473155275E-14,6.369175392002607E-179,3.0938091824114766E-22,0.005105226904324019,
0,0,0.9982775064538499,3.0756523897169545E-5,2.115041193163892E-4,3.1084509052568393E-12,1.845207327705724E-4,2.2217960370919725E-14,5.660423129198474E-15,1.3934892010963356E-101,2.563242993593934E-9,0.0012957096037865311,
1,1,6.528590196465857E-5,0.999913742440381,7.571991906292613E-8,3.327424119697918E-81,2.089441758650587E-5,1.5201487172885903E-9,1.305480864796157E-23,1.0464316121227394E-248,1.5179230005029752E-86,3.9817983665963086E-77,
1,1,5.4282981840738334E-73,0.9999999999252885,2.3493568899114947E-77,1.9763559046624647E-79,4.432741763511266E-75,7.471142110610175E-11,1.3362063428935414E-86,7.15397396686468E-248,8.930417904943177E-83,8.457518541483027E-76,
1,1,5.360096800461648E-7,0.9999994012645168,3.8330257367780163E-10,1.2916091713706687E-81,6.155768854911987E-8,7.848119829327364E-10,6.166423019843317E-87,1.3387562387364253E-249,1.9273146589752775E-86,8.764784316223354E-77,
0,0,0.9980401188608339,4.2463441149501657E-4,0.0010401659651400707,4.393348745779605E-87,4.950445089363921E-4,6.110885463801628E-13,1.236824009665576E-15,2.005374006977996E-180,1.6656793516275881E-90,3.6252982218006125E-8,
0,0,0.9999782451091987,6.966393611242145E-11,4.919895580347971E-80,2.5270175915079918E-90,5.04369329058825E-7,5.9021255839449905E-21,9.042524301438028E-17,5.951976645307634E-181,2.039370388540424E-84,2.1250451807996494E-5,
0,0,0.9997787088123445,5.517289644197944E-12,4.408887486959055E-80,5.665395956175345E-91,4.005939299317658E-7,1.944431167335961E-22,5.396480367205235E-17,8.952400137544755E-181,1.650567384094327E-7,2.2072553146986008E-4,
1,0,0.999825915122289,1.4495375703786379E-4,2.773715637872796E-5,4.8590401545632705E-90,1.3923501735885051E-6,4.212964199787242E-14,8.596999658459111E-17,5.156217920798725E-180,3.0123182980560514E-86,1.614078703602409E-9,
0,0,0.9999268674027426,6.724473208876137E-7,1.401752989238324E-8,2.903012413754253E-91,3.989591852080778E-7,1.7100294080589271E-16,5.034199838700552E-16,8.384275041184314E-181,7.388276582130695E-8,7.197329045469915E-5,
1,0,0.9759859861451065,1.6742109407706532E-4,0.023846498464995286,4.977489018162072E-89,9.420135806911478E-8,1.2872184549872764E-11,3.939433090716639E-13,8.845113853727824E-175,1.8256772496964787E-93,8.1196742077896E-11,
0,0,0.9932203924258042,2.9049971219415613E-5,0.006750552585250359,3.135735110837276E-91,4.570791613270877E-9,7.040770839444873E-13,1.6306128362450154E-13,1.3763447440047508E-176,4.0930790671206193E-16,4.460668922409057E-10,
0,0,0.7921182260248443,3.9500873601589257E-4,0.20748676096204877,2.4967500347505773E-89,4.212374873416431E-9,6.154241427305567E-11,2.7007936567277797E-12,2.7859443767339435E-174,9.21199580160276E-102,4.731832429801712E-13,
0,0,0.5238384700484584,3.210296727233303E-4,0.47584049748593343,1.3967094831003976E-89,1.9404779881728013E-9,5.953846248154825E-10,2.5672177922924297E-10,1.442884566226844E-171,2.990427932413862E-28,3.0026441936299824E-13,
1,0,0.8951491501881549,0.0017188270446294876,0.10313201032695715,4.305874317158465E-88,9.017850281787214E-9,3.415417245273976E-9,6.986774990811651E-12,1.3931381443208353E-175,1.492583396233509E-113,4.164262856376625E-15,
1,0,0.9648344256784109,0.01070081447327991,0.02446472205382836,4.628768485713419E-87,3.483794122544599E-8,2.9562478012062933E-9,2.9194116488561946E-13,1.2590332690582393E-179,1.1322109565058276E-94,1.340119804732384E-17,
1,0,0.9747431717362284,0.014346667335279133,0.010910051167385044,1.8267760711135456E-86,2.3591011749345252E-8,8.615847842149223E-8,1.1617224524054438E-11,1.8744835954025043E-177,1.2093286529307925E-108,1.2812629579109892E-17,
0,0,0.9980915135315572,5.030998992267271E-4,0.001405256777571036,1.7332424420543226E-87,8.021204650805898E-9,1.200508436482298E-7,1.7191490132185454E-9,7.44624624757943E-173,2.934130593618663E-168,4.478987252589191E-13,
0,2,0.0077722987238679495,0.03657767193114994,0.9555223175452808,1.3075397849661894E-10,1.0354839195417188E-15,1.2550400295625142E-4,2.2076659900636204E-6,8.565620978894137E-95,0.0,5.8943411576912745E-30,
1,1,7.58323066253695E-7,0.9989461020796139,6.288377015620759E-4,2.517882051537708E-8,4.970344645969423E-16,4.2427566878864073E-4,1.0481480444259416E-9,1.9380883738880172E-35,9.109183927560571E-260,4.700889309140719E-106,
1,1,1.6347710248367854E-17,0.9999615096024989,2.3377724674821608E-14,2.9088588696931027E-8,8.781629416087218E-23,3.8461308889085706E-5,9.979595441066005E-80,1.60517769619469E-97,3.8876055913266424E-247,4.300073539567638E-113,
1,1,1.277545367300548E-4,0.9986134105588906,0.0012472987157572607,6.222659365444533E-8,6.908355692634659E-15,1.1473962018466165E-5,3.0678123061335892E-15,5.0083295329648674E-169,7.809025575964584E-179,2.8070679167004697E-95,
