2,2,0.30683373356551813,0.15155577762764888,0.541610488806833,
0,0,0.6798348577807705,0.07746562637823057,0.2426995158409989,
2,1,0.24549007036768178,0.6031237358501331,0.15138619378218507,
2,0,0.6222865374767653,0.1357029451142072,0.24201051740902732,
1,2,0.06562587151129069,0.21621779444305725,0.718156334045652,
2,1,0.01482763380195825,0.8091663540178173,0.1760060121802245,
1,1,0.1346009096177049,0.6200991524529544,0.24529993792934066,
2,2,0.0642409635117796,0.11090833997913033,0.8248506965090902,
2,0,0.8499674580148481,0.0271410961411568,0.12289144584399511,
2,2,0.06222554269847533,0.22123524090497557,0.7165392163965492,
2,1,0.12069581415331881,0.6289022499607669,0.25040193588591425,
2,1,0.0718746275912518,0.6874266636358856,0.2406987087728627,
2,2,0.2609740831635667,0.17151641446849267,0.5675095023679405,
2,1,0.035808425648973206,0.925536934806949,0.038654639544077794,
2,2,0.1876318882294048,0.23541351640722766,0.5769545953633676,
2,2,0.0928593408636149,0.20188711207942597,0.7052535470569591,
2,2,0.4458391081525885,0.07525723662549594,0.47890365522191547,
1,0,0.4557456202283568,0.20338245540604344,0.3408719243655999,
2,2,0.07018356401217064,0.351674133798543,0.5781423021892863,
2,1,0.08593621411335185,0.8508493370392978,0.06321444884735032,
1,1,0.11046634468175343,0.6585163952659219,0.23101726005232473,
2,1,0.04197653559285437,0.8795366821389912,0.07848678226815439,
2,1,0.06202219787496258,0.54770695892685,0.3902708431981875,
1,0,0.5452517831216587,0.13688799278657948,0.3178602240917618,
1,1,0.21087380745114778,0.4980766240606565,0.29104956848819574,
1,2,0.19935130611659246,0.1508331453265439,0.6498155485568636,
2,1,0.03272966651656427,0.6216781882900153,0.3455921451934204,
1,1,0.18846321285296516,0.6856808547013605,0.1258559324456742,
1,2,0.17027999298110455,0.2815511117211656,0.5481688952977299,
2,1,0.15413204324001412,0.5536561737565551,0.29221178300343076,
2,1,0.09304284404186253,0.7228063953375782,0.18415076062055943,
0,0,0.4098571437826587,0.33888153388526737,0.25126132233207393,
2,2,0.02498655620196396,0.4122398975320357,0.5627735462660003,
2,1,0.007727918421050022,0.7343604039923346,0.2579116775866155,
2,0,0.5506996328659016,0.20474531706683008,0.24455505006726833,
2,1,0.22360595578655743,0.6303417774249693,0.14605226678847325,
2,1,0.018813541318080853,0.9084930106158642,0.07269344806605492,
2,1,0.10781684462590875,0.777379279085876,0.1148038762882152,
0,2,0.1361073236755433,0.2699726985145987,0.5939199778098581,
0,0,0.5492272429627668,0.07549642998870386,0.3752763270485293,
2,1,0.04712007386718738,0.8817332397109111,0.0711466864219015,
2,1,0.011149492011641693,0.9330022856319593,0.055848222356398976,
2,1,0.07204294970050769,0.8559749267837993,0.07198212351569305,
2,2,0.06382633202624505,0.08677856675796633,0.8493951012157887,
1,1,0.16629981177260195,0.7462050161449107,0.08749517208248729,
2,1,0.028256988525001414,0.6450968133192925,0.326646198155706,
1,1,0.050961092809842644,0.5675679362479246,0.3814709709422328,
0,0,0.38242479409769503,0.29096271927896283,0.326612486623342,
2,0,0.47777681080546813,0.35197646661705523,0.17024672257747664,
1,1,0.07993567214005608,0.8372828888176815,0.08278143904226244,
2,1,0.06079342623763575,0.7428705299212465,0.1963360438411179,
1,1,0.08933116577824156,0.8202788672587146,0.09038996696304401,
2,1,0.057257495030247144,0.7742980966683727,0.16844440830138016,
0,2,0.03045790873565523,0.4103569321978161,0.5591851590665285,
1,1,0.13761719560293673,0.6700205402843291,0.19236226411273416,
2,1,0.09565688475140667,0.5443456312802062,0.35999748396838716,
1,1,0.15855420105006615,0.5818924407530014,0.2595533581969324,
1,1,0.17141869931247855,0.7114210179352478,0.11716028275227354,
2,1,0.031228406135876765,0.6885490204040324,0.2802225734600909,
1,1,0.1920510621443565,0.6755276895440846,0.13242124831155883,
2,0,0.4494895546611457,0.13857459771531347,0.41193584762354074,
2,1,0.08651244748578327,0.7967354086012199,0.11675214391299686,
2,2,0.009360659842559812,0.15039828990164555,0.8402410502557947,
2,1,0.027689029243865067,0.8447888610053225,0.12752210975081255,
2,1,0.07289846995555305,0.8707250927513377,0.056376437293109295,
1,1,0.1734220637381667,0.6999242280783547,0.12665370818347843,
2,1,0.07117246077196418,0.6528035602613793,0.27602397896665654,
2,1,0.24674565618352207,0.5284340904285068,0.22482025338797126,
2,0,0.7547985769751362,0.019985774811212585,0.22521564821365117,
2,2,0.04876351902269327,0.02438532847855621,0.9268511524987505,
2,1,0.07501149026257128,0.8090073269795393,0.11598118275788952,
1,2,0.030492998938503744,0.057866887539774876,0.9116401135217215,
2,2,0.06843934340590556,0.18612783098065053,0.7454328256134438,
2,2,0.059647569560506854,0.2879239402675891,0.6524284901719041,
2,1,0.024470070586566053,0.8359721026430696,0.13955782677036427,
2,2,0.02360940801136873,0.19314358542140336,0.7832470065672279,
2,2,0.10334330454250895,0.19166985505727446,0.7049868404002165,
2,2,0.15320516091878958,0.34869038354511683,0.49810445553609356,
2,2,0.047927381598939646,0.2773407843974033,0.6747318340036571,
2,1,0.057888300124040455,0.6371687081043224,0.3049429917716372,
2,2,0.008761427092177306,0.4429298002788262,0.5483087726289965,
2,1,0.03099565781817058,0.9168804171370025,0.052123925044826984,
2,2,0.1670563657856709,0.16942514557612257,0.6635184886382065,
2,1,0.05979004088148222,0.532943045848635,0.40726691326988257,
2,2,0.06981747370890606,0.2323300716929607,0.6978524545981333,
0,1,0.3795385559204383,0.3965311514304135,0.22393029264914824,
2,1,0.032641741142325424,0.7815844828430255,0.18577377601464906,
2,1,0.05224283821515395,0.7555926432549201,0.19216451852992605,
2,1,0.10634768676497934,0.5409141402639643,0.35273817297105625,
2,1,0.03303751962624259,0.641281754073413,0.3256807263003443,
0,2,0.2356225985040206,0.27622702116687975,0.4881503803290996,
1,1,0.14912376465715832,0.7677741759541314,0.08310205938871026,
2,2,0.09932489042975295,0.2691557296313909,0.6315193799388562,
1,1,0.1523713296568652,0.6465445208056476,0.2010841495374872,
1,1,0.2765752152845394,0.53713874035643,0.18628604435903068,
1,2,0.18401895909069024,0.08118514371278615,0.7347958971965235,
2,1,0.0714315227759993,0.5545828473971238,0.3739856298268768,
2,2,0.007405715781723049,0.11318913572340242,0.8794051484948745,
0,0,0.4773091919564814,0.18563956642493748,0.3370512416185812,
2,2,0.05367248207321816,0.386264480660866,0.5600630372659159,
2,2,0.034437734777787304,0.43142420701396106,0.5341380582082517,
2,1,0.19032681537872773,0.4544892696150542,0.355183915006218,
2,2,0.034764651947239364,0.23159933904426344,0.7336360090084972,
2,2,0.01454857322954586,0.29716628510268295,0.6882851416677712,
2,1,0.026647068276129147,0.7589258438675645,0.2144270878563063,
2,2,0.06005589875458215,0.4529425520663758,0.487001549179042,
2,2,0.2313232610241913,0.3580182903181401,0.41065844865766865,
2,2,0.19672331675356666,0.07087950407745854,0.7323971791689748,
2,2,0.0935763092455798,0.20410814453778528,0.702315546216635,
2,2,0.023004894908333438,0.087643042230937,0.8893520628607295,
2,2,0.04238993928787048,0.07077357636340945,0.88683648434872,
1,1,0.33181694987934696,0.37316650031594484,0.2950165498047082,
1,1,0.18721198557037394,0.5916433016533378,0.22114471277628833,
2,2,0.07851923128557504,0.041908813878439345,0.8795719548359856,
2,2,0.11947192716665744,0.20289019661418767,0.6776378762191548,
2,1,0.18255307459955278,0.47385267457150854,0.34359425082893874,
2,1,0.10409720893142743,0.5847316814751937,0.31117110959337874,
2,2,0.015535668146434351,0.2368346788295248,0.7476296530240408,
2,2,0.01969164628537793,0.20316796533578982,0.7771403883788323,
2,1,0.009495090019103617,0.6095597992984922,0.3809451106824042,
2,2,0.015682367879887683,0.3663602369787516,0.6179573951413608,
2,1,0.2543463354656382,0.6556243171006132,0.09002934743374864,
2,2,0.014517462632360752,0.05276503247839965,0.9327175048892395,
2,1,0.13508123135768157,0.5620649791278317,0.30285378951448677,
2,1,0.02692794325664582,0.6912920721504324,0.2817799845929219,
2,2,0.006969034956283927,0.07816068968119384,0.9148702753625222,
2,1,0.02162719261203304,0.5595306680160753,0.4188421393718917,
1,1,0.028934143938060118,0.5333300092454316,0.4377358468165083,
0,2,0.12690151091825913,0.42249787885593687,0.4506006102258039,
2,2,0.14314963448153353,0.12073170117959564,0.7361186643388709,
2,1,0.18081650295340165,0.45092854817305056,0.36825494887354776,
2,1,0.14045846234584702,0.7711770769139271,0.08836446074022572,
1,2,0.1669203608099881,0.23083876753704846,0.6022408716529635,
1,2,0.24804941903499889,0.28436026479742343,0.4675903161675777,
2,2,0.09555772851961708,0.20909007708909425,0.6953521943912886,
1,1,0.10248615346850931,0.6676479064037201,0.2298659401277705,
0,2,0.31115098671406544,0.17108308973661276,0.5177659235493218,
2,2,0.12431592234737335,0.23740033194656615,0.6382837457060605,
2,2,0.09439287735455003,0.3466779474923994,0.5589291751530506,
2,1,0.04779105212021495,0.5152788648791898,0.43693008300059527,
2,2,0.020760508011265656,0.3466492037575822,0.6325902882311522,
1,1,0.18583837616894458,0.6112884967907235,0.20287312704033184,
2,2,0.019156838952026908,0.14503575838195967,0.8358074026660135,
2,2,0.024074338807247606,0.3508110667664234,0.625114594426329,
2,2,0.13297827801581424,0.1671163148094921,0.6999054071746936,
2,2,0.08035299679634317,0.3304495648176272,0.5891974383860297,
1,1,0.08497512808662368,0.5529232923709158,0.36210157954246064,
1,1,0.15491045751008586,0.6624319287878085,0.18265761370210573,
0,1,0.04708775650920264,0.8041716933844919,0.1487405501063054,
2,1,0.02078774943388488,0.8866124205131276,0.09259983005298748,
0,2,0.03532334734068896,0.2619556629902374,0.7027209896690736,
1,2,0.32741303588796467,0.31818261680780247,0.3544043473042328,
2,2,0.08047096181651583,0.15486708072428196,0.7646619574592022,
2,1,0.29502635708240127,0.5538093455070513,0.15116429741054746,
2,1,0.13386570304636547,0.7482234394633037,0.11791085749033084,
1,1,0.2466137124087823,0.5979982792705704,0.15538800832064747,
0,1,0.17809200829985503,0.49151121870287945,0.3303967729972655,
2,1,0.015944652708516284,0.5046214553864683,0.4794338919050153,
2,1,0.12102157217859458,0.6816950348134732,0.19728339300793218,
1,1,0.09697020504335327,0.706207044835201,0.1968227501214456,
2,1,0.05690761131926976,0.8579873931530863,0.085104995527644,
1,1,0.20242049902506448,0.4631306430582643,0.33444885791667117,
2,1,0.02494912626828339,0.5633078129034957,0.4117430608282208,
2,2,0.04186772434580912,0.013706138004768597,0.9444261376494223,
2,1,0.14401822205489503,0.7158467531753699,0.14013502476973502,
2,2,0.07497498150635065,0.1916899993141897,0.7333350191794596,
0,2,0.05438208230528636,0.1589672753789771,0.7866506423157366,
2,2,0.17178879599677585,0.2671490533499425,0.5610621506532816,
1,1,0.11883037713444582,0.612994717810524,0.2681749050550302,
2,1,0.07924161083994087,0.8397528593478073,0.0810055298122518,
2,2,0.01067933258849907,0.09753580895961739,0.8917848584518835,
1,2,0.10246672568797278,0.4455689377179548,0.4519643365940724,
2,1,0.07833633630688913,0.8420883687150685,0.07957529497804233,
1,1,0.09379675679077916,0.467993806352807,0.4382094368564137,
2,1,0.027605800138160098,0.809497489410866,0.16289671045097395,
1,1,0.17043380264814692,0.41554293449178653,0.4140232628600665,
2,2,0.20626243553853496,0.1368121854231106,0.6569253790383544,
2,1,0.053240024815625286,0.5936669340927391,0.35309304109163564,
1,1,0.1949064093794444,0.724961517548587,0.08013207307196861,
2,2,0.1220647567697397,0.2226451119485735,0.6552901312816869,
1,1,0.10866164861677996,0.6998022292327447,0.19153612215047533,
2,1,0.03666985905898515,0.6702769871336782,0.2930531538073366,
2,1,0.049194018262187444,0.7453986979239478,0.2054072838138648,
2,2,0.15224613734001982,0.3419976179620372,0.505756244697943,
2,2,0.08925291103447042,0.2411613734865639,0.6695857154789656,
2,1,0.07627790346960708,0.6839888184244384,0.23973327810595454,
1,1,0.07105478690326321,0.6568557972218262,0.27208941587491065,
1,1,0.061100601533376896,0.7137205427531307,0.22517885571349242,
2,2,0.2089712732272167,0.1873546689888607,0.6036740577839227,
0,2,0.04586117918750896,0.051062754974246755,0.9030760658382443,
1,1,0.11002822001710218,0.5120916754173144,0.3778801045655836,
1,1,0.17327638866971865,0.6617345261590691,0.16498908517121233,
1,1,0.07891415490107812,0.635786600618996,0.285299244479926,
1,1,0.12609245061361118,0.5241427424311307,0.34976480695525813,
2,2,0.11133491007442242,0.03326297022730811,0.8554021196982694,
2,1,0.17648101074934988,0.5255393215202155,0.2979796677304346,
2,2,0.10489664763808117,0.21968282644080359,0.6754205259211152,
0,1,0.21599085288522243,0.7001707393926228,0.08383840772215467,
2,1,0.16530273845604004,0.49641252555594917,0.33828473598801084,
2,1,0.02776626440449119,0.6059582152237015,0.3662755203718073,
2,2,0.11153995123356737,0.12043406137752792,0.7680259873889046,
0,1,0.10528635934342198,0.7534238692993362,0.14128977135724186,
2,2,0.022280755172677195,0.2547471719324318,0.722972072894891,
2,1,0.17903108129133616,0.6592231948846863,0.16174572382397767,
1,2,0.20170016009272412,0.13852927392812492,0.659770565979151,
2,2,0.031002804058378665,0.0747085889399302,0.8942886070016911,
1,1,0.24273555721583537,0.6369696664568836,0.12029477632728101,
1,1,0.06877295399815361,0.8059581398667983,0.12526890613504793,
0,1,0.10553265246029754,0.5157065198107565,0.378760827728946,
2,1,0.18737349470369266,0.4505442598608237,0.3620822454354838,
0,2,0.04335180871739389,0.1618632651122617,0.7947849261703444,
0,2,0.2502805109474989,0.32263917632151534,0.4270803127309857,
1,1,0.18497754637882724,0.7172179903149275,0.09780446330624534,
0,1,0.22984774924686327,0.5673861790630139,0.20276607169012287,
2,1,0.13984917251777865,0.49522723120879286,0.3649235962734285,
0,1,0.2806384199549396,0.4031256074124326,0.3162359726326279,
2,2,0.2568095204360638,0.28385820623337016,0.45933227333056614,
2,2,0.08448993928218324,0.22601053002431631,0.6894995306935006,
1,1,0.03697125561069675,0.48459030374285683,0.4784384406464464,
2,2,0.09259796096609717,0.2572815251984838,0.650120513835419,
2,1,0.05307607472543467,0.569951046746985,0.3769728785275802,
1,1,0.05368674655719385,0.583322689786755,0.36299056365605104,
0,1,0.08228242294061565,0.463068087754401,0.45464948930498345,
2,2,0.08179658712822262,0.11047818951745454,0.8077252233543228,
1,1,0.154869890048397,0.5601400226435782,0.2849900873080248,
1,1,0.035105989563228496,0.841914794559236,0.12297921587753564,
2,1,0.1355097718460968,0.48673979976523196,0.3777504283886712,
2,1,0.298073040596129,0.4043586689151322,0.2975682904887388,
1,2,0.22202882703744067,0.2828630849951421,0.4951080879674172,
1,1,0.08743851171118046,0.653833684253096,0.2587278040357235,
1,2,0.0876998562193559,0.4244229809323296,0.48787716284831445,
2,2,0.05698586496352769,0.3147007936678504,0.6283133413686219,
1,0,0.41188964033839026,0.17953552154388697,0.40857483811772277,
1,1,0.2359382179250009,0.502688032908397,0.2613737491666022,
2,1,0.12406099513489918,0.5741890196707048,0.30174998519439605,
0,1,0.14426602955968718,0.7819556615553751,0.07377830888493772,
1,1,0.12349436826918062,0.7455420580007879,0.13096357373003156,
1,1,0.07681221917265345,0.5129197755748919,0.4102680052524547,
0,1,0.2540757751155549,0.594026214590561,0.15189801029388414,
2,1,0.2860390214332088,0.47448917232403165,0.23947180624275954,
1,1,0.25369041444846924,0.565324113393612,0.18098547215791877,
1,1,0.3468138093398064,0.46849142145337996,0.18469476920681369,
2,2,0.15378038557485751,0.2672236222281038,0.5789959921970387,
1,1,0.1485449672318951,0.7555083419874505,0.09594669078065445,
1,1,0.1153890224744702,0.7342685277111171,0.15034244981441267,
1,2,0.28029462708845904,0.20464302314074004,0.5150623497708009,
2,1,0.2935851653182775,0.5873139248904611,0.11910090979126135,
1,1,0.2358257690695148,0.547807581979364,0.2163666489511212,
1,2,0.05361780445178105,0.3759925961582586,0.5703895993899604,
1,2,0.3002738422405464,0.18833301839847366,0.5113931393609802,
1,1,0.08340373549809901,0.4620918316307553,0.45450443287114567,
1,1,0.13774871513541498,0.7353902236293134,0.12686106123527174,
2,2,0.08677277611236144,0.30643887353563215,0.6067883503520064,
0,1,0.11417431974919791,0.8197786222702531,0.06604705798054906,
1,1,0.23872468244132278,0.6676047281034988,0.09367058945517831,
0,1,0.14434022036074046,0.7919736509520903,0.06368612868716923,
1,1,0.15500239831978938,0.774102763665841,0.07089483801436954,
1,1,0.16641901593779887,0.740381135903648,0.09319984815855324,
2,2,0.02578627703902356,0.057433257493442705,0.9167804654675337,
0,2,0.03195252358696159,0.06749967146393127,0.9005478049491071,
0,1,0.09255615802369922,0.6938922086504812,0.21355163332581964,
1,1,0.11608194148301305,0.45692224056713265,0.4269958179498542,
0,1,0.27945364190351313,0.4112882907271569,0.30925806736933004,
2,2,0.1411456290475189,0.34234402237290723,0.5165103485795739,
2,2,0.09712839212477103,0.23658124572598133,0.6662903621492476,
1,1,0.34453588173843475,0.4129288894918305,0.24253522876973474,
2,2,0.06640549622305436,0.10050394799635573,0.8330905557805899,
1,1,0.20895653445360243,0.6252026010099093,0.1658408645364883,
1,1,0.04700512173678691,0.5363362753534454,0.4166586029097676,
2,2,0.10276121693805802,0.3060696845145871,0.5911690985473548,
1,2,0.2901446063740851,0.28835012484035577,0.4215052687855592,
2,2,0.04755437241590739,0.29320046614485595,0.6592451614392366,
1,1,0.21564945385682902,0.5747849353816205,0.20956561076155053,
2,2,0.04827811547290762,0.31099030872486844,0.6407315758022238,
0,1,0.10151028608877766,0.8362929639735591,0.062196749937663325,
2,2,0.04559719951821892,0.33504857848574815,0.619354221996033,
2,1,0.034021843438307726,0.5887149315038392,0.377263225057853,
2,2,0.10420101012088236,0.19665424974441323,0.6991447401347044,
2,2,0.025420286556673017,0.45033056400427024,0.5242491494390568,
2,1,0.00921849061134833,0.5164474371538745,0.47433407223477725,
0,1,0.16568566548350247,0.7341430390193749,0.10017129549712257,
2,1,0.02626158663099768,0.520081591850462,0.45365682151854037,
2,1,0.06995592479465343,0.8420444708272558,0.08799960437809078,
2,2,0.013694863885633533,0.4427386545772751,0.5435664815370913,
2,2,0.04549526507931815,0.366619371017609,0.5878853639030729,
2,2,0.01924104287198307,0.00927776700410395,0.971481190123913,
2,2,0.04148802468370499,0.2995615719842246,0.6589504033320704,
2,1,0.021503720667944103,0.7594826516674272,0.21901362766462878,
2,2,0.017412432398482558,0.32555756205610237,0.657030005545415,
2,1,0.2220853981744316,0.3961896259320381,0.38172497589353016,
0,2,0.24606751011224196,0.09634810930257488,0.6575843805851831,
0,1,0.07202730900663816,0.7095951078463235,0.21837758314703826,
2,2,0.04137747638527705,0.2624556390854057,0.6961668845293172,
2,2,0.0894611470776919,0.3543962091276371,0.5561426437946709,
1,2,0.09831544669074903,0.33888089095029106,0.5628036623589598,
2,2,0.04033921907954289,0.30359928579966466,0.6560614951207925,
2,2,0.12668198025538321,0.41279589537581646,0.4605221243688004,
0,1,0.09637646584581137,0.8276804835713554,0.07594305058283315,
2,2,0.06297533526857374,0.0429327784847225,0.8940918862467038,
2,2,0.12014089849846522,0.3763814291374725,0.5034776723640622,
1,2,0.1677286292533729,0.3321308953548151,0.500140475391812,
2,2,0.05011278115365153,0.4353555792700438,0.5145316395763047,
2,1,0.06752420796780886,0.7357235298074645,0.19675226222472664,
2,2,0.1924603986948569,0.12182936696396124,0.6857102343411818,
1,2,0.03857136766577193,0.2168683239358112,0.7445603083984169,
2,1,0.04398041289631504,0.8396525762585619,0.11636701084512312,
2,1,0.09621458622544068,0.6697212218973838,0.23406419187717553,
2,1,0.0246902062233396,0.7610192668764729,0.21429052690018746,
2,1,0.05902939513983805,0.47203006622812044,0.4689405386320415,
2,1,0.07643173204802312,0.7437256066738741,0.17984266127810272,
2,1,0.1058431487775458,0.7239180919669469,0.17023875925550738,
2,1,0.1007489538309819,0.7766613180906212,0.12258972807839702,
2,1,0.14802811930803964,0.5979306341440126,0.2540412465479478,
2,2,0.06259713403000208,0.17920645633915516,0.7581964096308428,
2,1,0.15009420259480627,0.518863290189986,0.33104250721520767,
0,1,0.10884504777995123,0.6068012917513607,0.28435366046868815,
2,2,0.021148736118176078,0.478411416722694,0.50043984715913,
0,2,0.0591453753739404,0.3874381516271068,0.5534164729989529,
2,1,0.0349678114786489,0.7575774389418252,0.20745474957952603,
2,2,0.06177548142249108,0.15220322809784048,0.7860212904796685,
2,1,0.1688655581011,0.6204426735744609,0.21069176832443917,
1,1,0.03557312252964427,0.8063241106719368,0.15810276679841898,
2,2,0.0888027728503251,0.22077097373151197,0.6904262534181629,
2,1,0.01489474270345343,0.6531442776748977,0.3319609796216488,
1,2,0.1187371040641816,0.23567049343943244,0.6455924024963858,
2,2,0.03741716193727354,0.18243294001527938,0.7801498980474472,
2,2,0.02921011692322124,0.40975035802807663,0.5610395250487021,
1,1,0.06641611203207143,0.4923689460978599,0.44121494187006854,
2,2,0.050783529022226506,0.009422253860377787,0.9397942171173957,
1,2,0.19576922834824156,0.3760064572012621,0.42822431445049636,
2,2,0.15748424132266534,0.02257378862553333,0.8199419700518014,
1,2,0.18149242892804426,0.3834470801621465,0.43506049090980914,
2,2,0.021444640288481198,0.009882852343662056,0.9686725073678567,
2,2,0.018985139855496592,0.03415406877981426,0.946860791364689,
2,2,0.14570053992785334,0.022973362251037407,0.8313260978211092,
1,2,0.11522655311800505,0.07338425845344593,0.811389188428549,
2,1,0.01206027678661324,0.7831849357821963,0.20475478743119055,
2,2,0.15928619406008182,0.010432724360558867,0.8302810815793593,
2,2,0.057948708294841215,0.025274606859530167,0.9167766848456287,
2,2,0.09094825471471563,0.006904438438807449,0.902147306846477,
2,2,0.007108108560862633,0.08058666759965014,0.9123052238394873,
2,2,0.049578088828833,0.08441031819810384,0.8660115929730632,
2,2,0.13831747596687557,0.18193583119008128,0.6797466928430431,
2,2,0.03512598058326549,0.025855871063955597,0.939018148352779,
2,2,0.01694731347719854,0.014620516360997675,0.9684321701618038,
2,2,0.0148234151094736,0.049920074628123465,0.935256510262403,
2,2,0.12767318754828832,0.1847297886207119,0.6875970238309999,
2,2,0.11039483391814132,0.13641076004328834,0.7531944060385704,
2,1,0.1577306395537049,0.5925557015318227,0.24971365891447242,
2,2,0.046832796311566983,0.1218463355812896,0.8313208681071435,
2,2,0.06089585706408048,0.08463535553796467,0.8544687873979548,
2,2,0.0428912879819741,0.12275170101164705,0.8343570110063788,
1,2,0.3975859805271552,0.04025694022815661,0.5621570792446882,
2,2,0.06376372152345794,0.04049393470965583,0.8957423437668862,
2,2,0.05009986957661491,0.05955952487148585,0.8903406055518993,
2,2,0.03016709659006422,0.10617117191215784,0.863661731497778,
2,1,0.016108527406927968,0.8462770672329445,0.13761440536012748,
2,2,0.010601001809729452,0.012371417723041766,0.9770275804672288,
2,2,0.0088425434089258,0.0071834087579879516,0.9839740478330863,
2,2,0.0904202568009096,0.0629902831879226,0.8465894600111677,
2,2,0.049104775726822404,0.1049406588603597,0.8459545654128178,
2,2,0.0028241727065480755,0.007378939231134174,0.9897968880623177,
2,2,0.008099689830873058,0.012978148365124634,0.9789221618040024,
2,2,0.015176206637113436,0.020979405773338514,0.963844387589548,
2,2,0.014823077607020991,0.044845212674367196,0.9403317097186118,
2,2,0.027589452502139962,0.10681007684513537,0.8656004706527247,
2,2,0.013541424504538975,0.04506486832301584,0.9413937071724452,
1,2,0.012574951099123575,0.08668590056704369,0.9007391483338328,
2,2,0.027676496912889117,0.18542320932495607,0.7869002937621548,
1,2,0.13425914175987907,0.37685425960276,0.48888659863736095,
2,1,0.08605681693877824,0.5283653479829887,0.3855778350782331,
2,2,0.003167377669030774,0.1731003293332766,0.8237322929976926,
2,2,0.057808308485840926,0.3665391295519871,0.575652561962172,
2,2,0.03197906952573299,0.05142699718221877,0.9165939332920482,
1,2,0.27026678243067304,0.2505615427310457,0.47917167483828127,
2,2,0.01972105642257236,0.06676876624402092,0.9135101773334068,
2,2,0.03074445556862314,0.09411785637960494,0.8751376880517718,
2,2,0.01741917346089068,0.03246887804452623,0.9501119484945831,
2,2,0.020198040311351962,0.2533147719200827,0.7264871877685654,
2,2,0.035930896495635814,0.0323948552363729,0.9316742482679912,
1,2,0.09011714881053771,0.4463692711269542,0.46351358006250815,
1,2,0.011728974423650253,0.15391540046668184,0.8343556251096679,
2,1,0.12125778408810386,0.49360728969929024,0.385134926212606,
2,2,0.07801610910382757,0.23333982082307977,0.6886440700730926,
2,2,0.018445842175332655,0.2544754072312796,0.7270787505933878,
2,2,0.04615560491665768,0.25099326525624294,0.7028511298270994,
2,2,0.03377611034333457,0.2089328399046495,0.7572910497520158,
1,2,0.026086577032721773,0.3239785387100491,0.6499348842572291,
1,2,0.24584936737042273,0.21576063690067507,0.5383899957289021,
0,1,0.08555338730345913,0.8430419048619684,0.0714047078345724,
2,1,0.020410355509012525,0.7419214952175696,0.23766814927341792,
2,2,0.04286350898758953,0.14394097644957496,0.8131955145628356,
2,2,0.008994338323048676,0.14679163026957615,0.8442140314073752,
1,2,0.008653763301048936,0.21258144604168214,0.7787647906572689,
2,2,0.07593199580569784,0.39916583595951577,0.5249021682347864,
2,2,0.023397087174764502,0.1340804074104507,0.8425225054147848,
1,2,0.04231197558543794,0.3108378258566281,0.6468501985579339,
2,1,0.23351168749835305,0.4389695252188425,0.32751878728280437,
2,2,0.008591826982420319,0.3627596667890892,0.6286485062284904,
2,1,0.2470932883805475,0.5924471159796846,0.1604595956397678,
2,1,0.014908403463527953,0.5389120334865732,0.44617956304989875,
0,2,0.1267223759057514,0.4271130338685111,0.4461645902257374,
2,2,0.03288653718004659,0.032615360620259506,0.934498102199694,
2,2,0.037771743737228414,0.39100700025716334,0.5712212560056082,
2,1,0.1057233452580439,0.569681943868547,0.3245947108734091,
1,2,0.009421728489326485,0.22986890519271436,0.7607093663179593,
2,2,0.04396018942063626,0.4685352954214212,0.4875045151579425,
1,1,0.08724177579967403,0.7185787301940898,0.19417949400623616,
2,2,0.08925555833195936,0.12198097216823138,0.7887634694998092,
2,2,0.04812028895087342,0.28662693735191513,0.6652527736972114,
2,2,0.09141088600944718,0.08043577509201066,0.8281533388985421,
2,2,0.05154367471888627,0.08164819560898522,0.8668081296721285,
2,2,0.10591266342055063,0.3470751727165872,0.5470121638628621,
2,2,0.11195777470781416,0.2904600506112521,0.5975821746809338,
2,1,0.025310216498569675,0.49046911577680624,0.48422066772462413,
0,1,0.04886719306722429,0.8046700095069488,0.14646279742582696,
2,1,0.013691477559819084,0.6018066004557153,0.3845019219844656,
1,1,0.062136288978679406,0.6087513233417171,0.3291123876796035,
2,2,0.09140996415398625,0.31164249062780575,0.596947545218208,
2,2,0.036534341800321786,0.015050867207529671,0.9484147909921485,
2,2,0.02499022692728195,0.31509223578714113,0.6599175372855769,
1,1,0.2119806898089876,0.4906980239987757,0.2973212861922367,
2,2,0.04237435579376296,0.17973942165492732,0.7778862225513097,
2,2,0.21376558380071015,0.20468411914012083,0.581550297059169,
2,2,0.13041083244845725,0.19527271844599728,0.6743164491055456,
1,2,0.005280424320780003,0.4590887490252189,0.5356308266540012,
2,2,0.05622518548700077,0.08096662986112793,0.8628081846518713,
2,2,0.10305898916694901,0.29411290272765933,0.6028281081053917,
2,2,0.06427403452287578,0.28456043575658835,0.6511655297205358,
2,2,0.08627249354345042,0.15218716277827918,0.7615403436782704,
2,2,0.09702767448369358,0.12054699639288118,0.7824253291234253,
0,1,0.28017572010254005,0.4335584156796826,0.2862658642177772,
2,1,0.08469755696240319,0.6601462215170292,0.2551562215205676,
2,2,0.010690038924350794,0.20623625041891647,0.7830737106567327,
2,2,0.01965478247183178,0.00938518575432709,0.970960031773841,
2,1,0.09685770926764745,0.4902915925274847,0.41285069820486775,
2,2,0.05891866639497724,0.2869378974753814,0.6541434361296413,
2,2,0.006144001115860623,0.137388821457755,0.8564671774263843,
2,2,0.19154514121446897,0.28714964634565276,0.5213052124398783,
2,2,0.07483670863373837,0.08734421464799383,0.8378190767182678,
2,2,0.20634360466857216,0.2812108743694059,0.5124455209620218,
2,2,0.052945167723880644,0.3692771699686222,0.5777776623074973,
2,2,0.0250621280795015,0.07317067387182322,0.9017671980486753,
0,1,0.07484606644352855,0.7120156615604837,0.21313827199598784,
1,1,0.16423502806243276,0.5544222341706109,0.28134273776695634,
2,2,0.05711001366172939,0.07153516001031016,0.8713548263279605,
2,2,0.022826568157416825,0.3165950882206109,0.6605783436219723,
2,2,0.05164505426690973,0.03127943856350436,0.9170755071695859,
2,2,0.07491600454179832,0.09613527689507373,0.8289487185631279,
2,2,0.02255481669054378,0.08045909385693543,0.8969860894525208,
2,2,0.07952053376018682,0.13801350524831263,0.7824659609915005,
2,2,0.06861135411691223,0.17023410669355687,0.761154539189531,
2,1,0.09389456884154598,0.7190900259531638,0.18701540520529022,
2,2,0.023299751885259064,0.043662364894695084,0.933037883220046,
2,2,0.17475574873145225,0.06395113291792855,0.7612931183506192,
2,2,0.027011608895437692,0.3051068198578364,0.667881571246726,
1,1,0.003405033831160666,0.5923812753225646,0.4042136908462748,
0,1,0.05104713405800333,0.769039302175747,0.1799135637662497,
2,2,0.05201769938073344,0.21634596030516912,0.7316363403140975,
1,1,0.2327151876311772,0.6345514085016247,0.1327334038671981,
2,2,0.06431331434054899,0.16277962079008573,0.7729070648693653,
2,2,0.08220032061305739,0.08471889743108614,0.8330807819558566,
2,2,0.05874993073369134,0.03865758957621309,0.9025924796900955,
2,2,0.052683767188517715,0.14442150440394314,0.8028947284075392,
2,2,0.009196306699892682,0.16691468982782692,0.8238890034722804,
2,2,0.0010324970358215949,0.15286744118271073,0.8461000617814677,
2,2,0.001954530358332058,0.030637160380812316,0.9674083092608557,
2,2,0.010102444891047016,0.08378376053388996,0.906113794575063,
2,2,0.05463078170474413,0.18443798055705227,0.7609312377382036,
2,2,0.012230199136830116,0.12614068249429955,0.8616291183688702,
2,2,0.23338266743424443,0.1649150742020786,0.601702258363677,
2,1,0.2589344388685413,0.4910432728230103,0.25002228830844847,
1,1,0.028324301011862545,0.6040793956192254,0.36759630336891197,
1,2,0.18718128224648806,0.2982354771757139,0.5145832405777981,
2,2,0.06973520789062647,0.15493567992599483,0.7753291121833786,
1,2,0.013380624363243917,0.36938203762167726,0.6172373380150789,
2,2,0.005515824338700871,0.053022253364306444,0.9414619222969927,
1,1,0.0022730730366167505,0.7053293398378404,0.2923975871255428,
2,2,0.16169156710933313,0.16447688984789338,0.6738315430427734,
2,2,0.10527529106505139,0.2298852980000073,0.6648394109349413,
2,1,0.12889845917060866,0.6904119027328569,0.18068963809653446,
1,2,0.04945400210978406,0.3342871924375261,0.6162588054526899,
1,2,0.020059689205715058,0.14185952027878626,0.8380807905154987,
1,1,9.26446216967216E-4,0.5686171716528561,0.4304563821301768,
1,1,0.0036302159986489084,0.5350030016877666,0.4613667823135845,
2,2,0.019276057529000423,0.23780577080138537,0.7429181716696142,
2,2,0.08792406280517474,0.20794495864427798,0.7041309785505473,
1,1,0.018831491094260102,0.7163383447607888,0.26483016414495103,
1,1,0.0069311860625139,0.8057990858209022,0.1872697281165838,
2,1,0.008002384264661598,0.7168353724355593,0.27516224329977923,
1,1,0.009033948578810073,0.6731008939054928,0.31786515751569705,
1,2,0.01728620152660965,0.40956719107668016,0.5731466073967102,
1,1,0.014331819339681367,0.5318654814647159,0.45380269919560273,
1,1,0.0016504588168771437,0.7826000627405424,0.2157494784425804,
1,1,0.015000790445857294,0.661131897373646,0.3238673121804967,
1,1,0.014868584520106946,0.8739118731193268,0.11121954236056612,
2,1,0.011097613089666747,0.7773458255447552,0.2115565613655781,
2,2,0.0061275372194667665,0.2614761228478491,0.732396339932684,
1,1,0.007871708181298122,0.5922753726498555,0.3998529191688463,
1,1,0.0069296209100501525,0.5583273658397843,0.4347430132501657,
1,1,0.0031609675819292663,0.7392664876932555,0.2575725447248153,
2,2,0.030121575294348557,0.17353913523029857,0.7963392894753528,
2,1,0.003617339109612325,0.8146328243779307,0.18174983651245702,
1,1,0.0047983176272192495,0.6648059281075763,0.33039575426520446,
2,1,0.005078361626587922,0.6447691523263696,0.3501524860470425,
1,1,0.001042572678919149,0.6433129869302933,0.3556444403907877,
1,2,0.0030461693639843653,0.3176859851891695,0.679267845446846,
1,1,0.0177749437838085,0.6351852726838877,0.34703978353230386,
1,1,0.0036112030658600226,0.8656969702789109,0.130691826655229,
1,2,0.00993789725964863,0.36586948305083933,0.624192619689512,
1,2,0.011596230061636124,0.3986793652019305,0.5897244047364334,
2,2,0.030159722953175813,0.4579624778221711,0.511877799224653,
1,1,0.002869142999674421,0.6216409661581777,0.37548989084214784,
1,1,0.010022514780939629,0.6684459249940478,0.3215315602250125,
2,2,0.04479180073655192,0.29978501298098775,0.6554231862824604,
0,1,0.1124379306908387,0.5284879131262967,0.3590741561828647,
2,1,0.03833371243753211,0.5604993759039634,0.40116691165850454,
1,0,0.37920242102066026,0.3650518454164753,0.25574573356286445,
2,2,0.09218775371411661,0.22467982562346459,0.6831324206624187,
2,2,0.004129644172948749,0.45584337468940556,0.5400269811376456,
2,2,0.03468822774916661,0.46939672677195177,0.4959150454788816,
2,1,0.02182677228227769,0.5446162240728261,0.43355700364489624,
1,1,0.029325080797703226,0.8095931582206516,0.1610817609816452,
2,2,0.014423736664370006,0.2526389466468383,0.7329373166887917,
2,2,0.006158736114080577,0.3810804343703724,0.6127608295155471,
1,2,0.041581460777825506,0.44005688438054047,0.518361654841634,
0,1,0.07884359415431032,0.6446306025227373,0.2765258033229524,
2,2,0.04652026703320824,0.287642059774529,0.6658376731922628,
2,2,0.020179670121502038,0.34663489795915675,0.6331854319193413,
2,2,0.15496117256607228,0.11184862059265267,0.7331902068412751,
2,2,0.005285778171689955,0.07841373325851857,0.9163004885697915,
2,1,0.04914034884744181,0.5253113759325447,0.4255482752200135,
1,1,0.01823305035193975,0.7828207592130784,0.19894619043498196,
2,2,0.016474868059413516,0.26585134434471697,0.7176737875958695,
1,1,0.06063453038360743,0.864518511943432,0.07484695767296061,
1,1,0.03665589305138802,0.8034849457696657,0.15985916117894627,
2,2,0.01371734903060167,0.47412553395910223,0.5121571170102961,
2,2,0.014310802092809133,0.13019336075571952,0.8554958371514714,
1,1,0.005405748100834611,0.7539745120744896,0.24061973982467574,
0,1,0.143267820213332,0.7223135707477435,0.1344186090389244,
2,2,0.08324849263491155,0.3604852708414586,0.5562662365236298,
0,2,0.14770223213223488,0.26619587497635466,0.5861018928914106,
2,2,0.018422558891060915,0.3481001599185242,0.6334772811904149,
0,1,0.26856262187796154,0.3687213122180437,0.36271606590399474,
1,1,0.02918276496101515,0.8710347900080556,0.09978244503092931,
1,1,0.02118116370256182,0.7439220048540385,0.23489683144339962,
2,2,0.07474601601013488,0.16859418333872717,0.756659800651138,
1,2,0.02085965569177765,0.42024955895113864,0.5588907853570836,
2,1,0.024434946559101094,0.4949117269943106,0.4806533264465883,
1,1,0.01989152733002339,0.8296964000439625,0.15041207262601414,
1,1,0.033454830060901934,0.8066568304836084,0.15988833945548972,
1,2,0.042126154914922824,0.4105243180030574,0.5473495270820198,
1,1,0.014925319099017162,0.9032061749565464,0.08186850594443643,
2,1,0.006051346514313834,0.9195228103218691,0.07442584316381701,
1,1,0.02689014526371718,0.9107341291357238,0.06237572560055903,
2,2,0.05700735988945462,0.35045166839837594,0.5925409717121695,
2,1,0.08295636815134615,0.8012458683624509,0.11579776348620287,
2,1,0.07447396420831263,0.7347448111475752,0.19078122464411224,
1,2,0.16052314832975081,0.3747104170484851,0.464766434621764,
2,1,0.0018354995202715762,0.9060718083553762,0.09209269212435221,
1,1,0.038865692441200944,0.784473612035863,0.17666069552293603,
2,1,0.04540186788815475,0.7935761179182732,0.16102201419357207,
2,1,0.06360829001721434,0.6268108940815362,0.3095808159012494,
1,1,0.011111211495561487,0.7912126304766058,0.19767615802783278,
1,1,0.010118746523579074,0.7926009018911833,0.1972803515852377,
2,1,0.010631204585607186,0.8371948372042767,0.15217395821011617,
0,1,0.11260815959206759,0.4773808829138883,0.4100109574940441,
2,1,0.015275550101892015,0.868398023598457,0.1163264262996509,
0,1,0.008776796985280378,0.6639065637623909,0.3273166392523288,
1,1,0.02310410716885922,0.6036228790503505,0.3732730137807902,
1,1,0.047681332788795265,0.8882062023940922,0.06411246481711247,
2,1,0.1284980793976869,0.6985918509491396,0.17291006965317357,
2,1,0.03548105451069099,0.7877791761014288,0.17673976938788025,
1,1,0.09046276733900792,0.7943097507096154,0.11522748195137661,
2,1,0.038063509301157324,0.7217377978208034,0.24019869287803935,
1,1,0.008299506267815952,0.9131635725474212,0.07853692118476277,
2,1,0.07881860926235759,0.47703139119199106,0.4441499995456513,
2,2,0.06275356061928805,0.2536308340437483,0.6836156053369636,
2,2,0.13470042783336458,0.3213984938054497,0.5439010783611856,
2,1,0.011575983992345341,0.7785107781602187,0.20991323784743582,
2,1,0.02856296883513052,0.7653849581588478,0.20605207300602163,
2,1,0.05327293278321927,0.6217608990042429,0.3249661682125378,
2,1,0.05948230449140732,0.7477137797067962,0.19280391580179645,
2,1,0.01059245795409373,0.6202959027002614,0.369111639345645,
1,1,0.029708539824027557,0.8378316935881688,0.13245976658780376,
2,1,0.05004448120865548,0.6020740913074905,0.3478814274838541,
1,1,0.0812584211049633,0.7287933269787533,0.18994825191628345,
1,1,0.06499721525570455,0.7427562256082496,0.19224655913604588,
2,2,0.09573814002341392,0.26479229830253326,0.6394695616740528,
2,1,0.04860359214059271,0.684698645846028,0.26669776201337925,
2,1,0.12380679460183264,0.5757462861674187,0.30044691923074857,
2,2,0.006742546712000317,0.2290885505004652,0.7641689027875345,
2,2,0.14500890771103578,0.346019560285357,0.5089715320036072,
0,1,0.16928884919862178,0.767154504613376,0.06355664618800219,
1,1,0.015895993972540892,0.6980987598078047,0.28600524621965434,
2,2,0.0015232483665344853,0.04469666482003571,0.9537800868134297,
0,2,0.004320273307456398,0.42300617142688257,0.572673555265661,
0,1,0.1523263152134751,0.5935105116689874,0.25416317311753756,
1,1,0.0478061504489476,0.5549889727531584,0.39720487679789396,
1,1,0.007138271965811759,0.6614631889921202,0.331398539042068,
2,2,0.007692830194242167,0.11943120465059227,0.8728759651551655,
2,2,0.23770799714900814,0.3166864081910623,0.44560559465992955,
1,1,0.0048383633972223904,0.5867076230068407,0.408454013595937,
2,2,0.002932829751580106,0.12967225591862042,0.8673949143297995,
1,1,0.009023960706674838,0.7445081730076815,0.24646786628564357,
1,1,0.010799880826013335,0.7224527603300955,0.26674735884389117,
1,1,0.01677027174872653,0.8666944578052584,0.11653527044601494,
1,1,0.017439229042668796,0.696242308761256,0.2863184621960751,
1,1,0.015621291015212901,0.8218689678879119,0.16250974109687527,
1,1,0.0019035718189601466,0.816958500165827,0.18113792801521278,
1,1,0.02927092838405063,0.704948261725602,0.2657808098903474,
2,2,0.12964371704084826,0.3228337934237985,0.5475224895353532,
1,1,0.10535997994048629,0.4848416089355678,0.4097984111239458,
2,1,0.06019071396513678,0.6472582173609011,0.29255106867396224,
1,1,0.013814429587108983,0.8155737149256611,0.17061185548722999,
1,1,0.011675314061328823,0.8358273719380496,0.15249731400062144,
2,2,0.006150938904494129,0.2298883069189094,0.7639607541765965,
1,1,0.008725669390262768,0.8346751071914644,0.1565992234182728,
1,1,0.045124852432712435,0.8395991095652543,0.11527603800203334,
2,1,0.036962895022750464,0.6215779486205542,0.34145915635669544,
1,1,0.003184957320740282,0.7662251224184089,0.23058992026085082,
1,1,0.0034993279960456704,0.7653170229282696,0.23118364907568473,
1,1,0.01034657083691783,0.6405464361133496,0.3491069930497324,
2,1,0.012279906110189273,0.5849745773329614,0.4027455165568493,
1,1,0.021263139384710538,0.7825367816824994,0.19620007893279007,
2,2,0.020013111440504144,0.1978166538420715,0.7821702347174243,
2,1,0.043441929390585055,0.5691113663418371,0.3874467042675778,
