2,1,3.834978065694966E-6,0.7400300772343001,0.2599660877876342,
2,1,1.079214721849503E-9,0.9999998467009678,1.522198175170644E-7,
2,1,4.360292386782024E-5,0.9989325441141755,0.001023852961956619,
2,2,1.4452461816242375E-7,5.7532314496654845E-9,0.9999998497221504,
2,2,7.2111069140411435E-6,6.574723176928055E-4,0.9993353165753932,
2,2,2.7494345829201333E-5,0.0012847814190510007,0.9986877242351198,
2,1,0.0011725849505931933,0.7593007406796404,0.23952667436976643,
2,2,1.2095475711862143E-4,3.549287685027868E-4,0.9995241164743787,
2,2,7.645548333038133E-5,0.37507109472427375,0.624852449792396,
2,2,2.068828475742851E-7,0.011397514328151566,0.9886022787890009,
2,2,1.7291378592426663E-4,0.32970052380566306,0.6701265624084126,
2,2,0.2708160924561446,0.19263386736788374,0.5365500401759717,
2,1,1.498582410435286E-4,0.9698561246056927,0.02999401715326375,
2,1,0.2937094662607992,0.6967118148932462,0.009578718845954575,
2,2,3.0536294904642006E-4,0.035030849440193364,0.9646637876107602,
2,2,0.0015744985128926675,2.0152424823859642E-4,0.9982239772388687,
2,1,0.005274378296217758,0.7809050006821933,0.21382062102158897,
2,1,3.798785970933364E-8,0.9999967279941524,3.234017987736366E-6,
2,2,6.322499772552719E-7,0.011307255430329564,0.9886921123196932,
2,1,6.108256799570454E-5,0.9656606621361502,0.03427825529585406,
2,2,3.5480571512544473E-4,0.008395600751832896,0.9912495935330417,
2,2,0.0018581595078034346,0.004150684459908915,0.9939911560322876,
2,2,1.4492730510506607E-4,4.7003937038667706E-4,0.9993850333245082,
2,1,2.8222930950774494E-8,0.9999993172478183,6.545292506528834E-7,
2,1,1.7033655477002677E-5,0.9999329698160049,4.9996528518207884E-5,
2,1,0.006655176277502349,0.9843012974724423,0.009043526250055172,
2,1,0.005537782536683399,0.9926336103228304,0.0018286071404862059,
2,2,0.062525722867183,0.2767911532774367,0.6606831238553803,
2,1,8.839129146837273E-7,0.999868503412428,1.3061267465734272E-4,
2,1,5.88686118145569E-7,0.9999837013011813,1.5710012700529597E-5,
2,2,1.9045383228075782E-6,1.3761407688578643E-4,0.9998604813847913,
2,2,9.8414914807031E-4,9.396428843908208E-5,0.9989218865634906,
2,1,1.532088987988619E-6,0.9993897888279722,6.086790830396832E-4,
2,2,3.980204557101439E-5,0.009353441387775661,0.9906067565666534,
2,2,0.017675415108600094,0.03680800123078338,0.9455165836606165,
2,1,7.605309027393241E-4,0.9741263081867846,0.02511316091047614,
2,1,0.00469672683547681,0.9746247960030135,0.020678477161509605,
2,1,0.026889828641181716,0.8889224510299731,0.08418772032884515,
2,2,1.0781040153162635E-5,0.07718948831005842,0.9227997306497885,
2,1,6.395665045678951E-7,0.9999980961493735,1.2642841216748502E-6,
2,2,1.1412443859752015E-5,0.0016695914376878395,0.9983189961184523,
2,2,4.002117958222677E-4,0.006083457369856833,0.9935163308343209,
2,1,5.4604950993692365E-5,0.8130013980098084,0.186943997039198,
2,2,0.053729856599567395,0.23659403182013478,0.7096761115802979,
2,1,4.5800259689720786E-10,0.9999876337456746,1.2365796322923478E-5,
2,1,1.9531676215165605E-5,0.9972317764360004,0.0027486918877844078,
2,2,0.001577218554138072,4.801309257045172E-4,0.9979426505201574,
2,2,6.062965022702752E-4,4.155467881384287E-5,0.999352148818916,
2,2,0.02881829475774472,0.03622533550258397,0.9349563697396713,
2,1,0.004425530322945973,0.667144904249235,0.3284295654278191,
2,2,0.019495439796330328,0.003911273478036225,0.9765932867256335,
2,2,1.038406158289269E-4,3.5942823724731114E-5,0.9998602165604463,
2,2,1.1109733465809058E-4,0.010625811991225186,0.9892630906741168,
2,2,1.5787986835026665E-4,5.6061207091668904E-5,0.9997860589245581,
2,2,4.458917664138843E-5,7.808676067352409E-4,0.9991745432166234,
2,2,0.006728937648334553,0.045246187283147284,0.9480248750685182,
2,1,1.1299040654841134E-6,0.7414346417027528,0.25856422839318177,
2,2,4.688172384438239E-4,8.271450090409156E-6,0.9995229113114658,
2,2,3.822047305135589E-6,0.009116964002737362,0.9908792139499575,
2,1,1.3647038980261442E-4,0.9939898305970543,0.005873699013143074,
2,1,0.026618760366324053,0.9404199945723742,0.03296124506130156,
2,2,7.890342808943148E-7,1.780774050011038E-6,0.999997430191669,
2,1,4.500232771882039E-4,0.971018731889842,0.028531244832970006,
2,1,6.947877813032598E-5,0.9822247173649423,0.017705803856927327,
2,2,0.0013444512063559993,0.08311157147154095,0.9155439773221031,
2,2,0.013446255802276865,0.48761377231731845,0.49893997188040456,
2,1,7.843021501562859E-8,0.9999998730108457,4.8558939292515756E-8,
2,1,9.910908633194659E-8,0.9999501976992863,4.970319162726075E-5,
2,2,1.333552753925113E-4,0.07889742976099041,0.920969214963617,
2,1,5.380070267996664E-6,0.9556811580982773,0.044313461831454855,
2,1,7.297048848481556E-7,0.9999992438531197,2.6441995446365136E-8,
2,1,3.511029658146269E-6,0.9473879855846612,0.05260850338568065,
2,2,4.267957636347886E-4,0.12365521228644509,0.8759179919499201,
2,2,1.6675642170341156E-4,0.0010366613998202638,0.9987965821784762,
2,1,4.394096390295525E-6,0.999957603889951,3.8002013658639425E-5,
2,2,0.0010748240229698,0.0013075061662182635,0.997617669810812,
2,1,1.9746496576982686E-5,0.9999672126935317,1.3040809891347785E-5,
2,2,0.0055655927761943695,0.3328299211860122,0.6616044860377934,
2,1,9.958792058563435E-8,0.9974174582526086,0.0025824421594707863,
2,2,0.0010604727377177582,0.2650364742217626,0.7339030530405196,
2,2,1.7511531696975171E-6,7.612287475462229E-7,0.9999974876180828,
2,1,4.033389124885715E-5,0.9999491428659247,1.0523242826448191E-5,
2,2,6.365626376281952E-4,1.8335371693567848E-6,0.9993616038252023,
2,2,2.3228734295274595E-4,7.016295527784135E-7,0.9997670110274945,
2,1,3.1101999830811283E-6,0.9981589771331036,0.001837912666913259,
2,1,1.1217451592982286E-5,0.9484201554313316,0.05156862711707541,
2,2,4.233268701290934E-6,0.0041187928286510285,0.9958769739026476,
2,2,0.0445914043060029,0.29965285028575844,0.6557557454082387,
2,2,0.0014660417583617072,6.645760495576231E-5,0.9984675006366825,
2,1,0.0018480604777135904,0.6618972230231973,0.3362547164990891,
2,2,2.4407044030053795E-5,0.002610813475873611,0.9973647794800964,
2,1,0.004025211166926145,0.9959731681685262,1.6206645477364948E-6,
2,2,2.8347387121264476E-5,1.570634189797391E-8,0.9999716369065368,
2,2,1.91996949479814E-4,0.10315353164702112,0.8966544714034991,
2,2,1.6381488596532422E-4,0.3629488818297531,0.6368873032842817,
2,2,0.0017543216350058947,2.5524784782214703E-5,0.9982201535802119,
2,1,3.4854039057619594E-5,0.9815066224900494,0.018458523470892992,
2,1,2.0781446737079247E-4,0.9794826575092767,0.020309528023352556,
2,2,2.405241892547862E-5,5.498583819426202E-7,0.9999753977226926,
2,2,0.0011398481729695516,0.17959829835125887,0.8192618534757715,
2,1,0.0014085831469716785,0.9365751330557097,0.06201628379731856,
2,2,3.837422634879067E-5,3.3827137117473055E-6,0.9999582430599395,
2,2,0.009326532369796178,0.21891025656929136,0.7717632110609125,
2,2,0.0819729830111634,0.051852840920498786,0.8661741760683378,
2,1,2.7906709946285996E-4,0.9201747234849523,0.07954620941558488,
2,2,2.7051098931014072E-5,4.332595144541307E-4,0.9995396893866149,
2,1,2.1992702220209347E-8,0.9998221302957998,1.778477114980474E-4,
2,1,3.2596500889663393E-6,0.9999967226321348,1.77177763090747E-8,
2,2,8.152130751380491E-5,8.818695459029503E-4,0.9990366091465832,
2,1,7.011990801491194E-8,0.9996747055966416,3.252242834503752E-4,
2,1,0.004961748168505255,0.9928537220562351,0.002184529775259582,
2,1,1.071344200603936E-5,0.9999798528534758,9.433704518204203E-6,
2,1,0.1310780011711598,0.8364599753590012,0.03246202346983911,
2,1,0.0012999433424048165,0.9986841585594451,1.589809815004775E-5,
2,2,6.533747332561659E-5,0.00877985784549494,0.9911548046811794,
2,2,0.002703374147630759,0.20822402472603124,0.789072601126338,
2,2,4.614676237231669E-6,1.0749292396153372E-7,0.9999952778308389,
2,1,2.4803343991619534E-5,0.9945695480943099,0.005405648561698669,
2,1,0.004020622135315736,0.9920456528632081,0.003933725001476173,
2,2,5.4363565003733816E-5,4.104125355252306E-5,0.9999045951814437,
2,2,0.0065199008416761866,0.0025311286926119813,0.9909489704657117,
2,2,7.416486495489736E-5,0.049907058504972644,0.9500187766300724,
2,2,2.789854826993597E-4,0.027410880099763738,0.972310134417537,
2,1,1.2702305668451307E-4,0.9945041792041673,0.005368797739148098,
2,2,3.344377493219499E-5,0.020190155912384707,0.9797764003126831,
2,2,2.422657746885481E-5,9.910362952931305E-9,0.9999757635121682,
2,1,3.8923396163817047E-4,0.859381959979504,0.14022880605885793,
2,1,3.3723819239586616E-6,0.9990396250487421,9.570025693339766E-4,
2,2,0.0180246203350026,0.007919449934265821,0.9740559297307316,
2,2,3.072268975506286E-4,0.023234680903787705,0.9764580921986616,
2,2,1.9884604684154505E-5,2.18326834343922E-5,0.9999582827118815,
2,2,0.0583801409926211,0.25619930721207296,0.685420551795306,
2,1,2.4941776460488787E-6,0.9959948507574882,0.004002655064865844,
2,1,2.6087436491824606E-7,0.9968729001647475,0.003126838960887573,
2,2,4.1173181278798387E-4,0.0010567581605499976,0.9985315100266621,
2,1,1.9574937345112606E-4,0.9860149063786738,0.013789344247875097,
2,2,7.744466006662748E-6,3.931268456118884E-4,0.9995991286883814,
2,2,3.6755194812917144E-5,0.3008850980192703,0.6990781467859168,
2,1,4.4472658807660435E-6,0.9709183971457712,0.02907715558834793,
2,2,3.5130248827979236E-4,0.013930777124817335,0.9857179203869029,
2,1,3.9881255766062334E-5,0.9980871919668273,0.0018729267774066662,
2,1,2.349663753879107E-6,0.7325299353467762,0.26746771498946986,
2,2,1.114685298235456E-5,0.09055397428620914,0.9094348788608085,
2,1,8.909939089250251E-5,0.9641642358920519,0.03574666471705558,
2,1,1.0731331938349377E-6,0.9979835377488463,0.002015389117959821,
2,2,0.004617144062866506,0.01963430866331324,0.9757485472738203,
2,2,5.225650705166722E-4,0.005566715829003313,0.99391071910048,
2,0,0.41841488363826795,0.1722133740384892,0.40937174232324286,
2,2,5.967212001810352E-5,0.0046627359085055576,0.9952775919714764,
2,2,0.033306739768502965,0.3801293132503971,0.5865639469810999,
2,2,6.778728056909601E-5,3.369384129234517E-4,0.9995952743065075,
2,1,1.0316356487584807E-6,0.9999805731600858,1.839520426542479E-5,
2,2,0.03221195308963657,0.0601341377951867,0.9076539091151766,
2,2,5.293983500769368E-6,1.0717440725340514E-5,0.9999839885757739,
2,2,7.916233825303788E-5,2.0356199580575112E-6,0.9999188020417888,
2,1,1.373170705842417E-7,0.999999847568638,1.5114291332175044E-8,
2,1,7.804038454909214E-7,0.9999986469433383,5.726528162067718E-7,
2,1,0.16610010244330173,0.8313606756102138,0.0025392219464845157,
2,1,1.2846382603285294E-8,0.9999999846398704,2.5137471129752695E-9,
2,2,8.996436442523446E-7,6.906430129360442E-7,0.9999984097133428,
2,1,8.279350775666856E-6,0.5452818364454723,0.4547098842037519,
2,2,9.27444333340979E-5,1.7860214317061875E-5,0.9998893953523488,
2,2,5.797995929633274E-7,2.93789588432274E-7,0.9999991264108187,
2,2,0.003382958681115455,0.009184351563319754,0.9874326897555649,
2,1,3.831730917922188E-8,0.9998251858717991,1.7477581089180285E-4,
2,2,0.008427543075219746,0.034957155572343905,0.9566153013524363,
2,1,1.0646968968009033E-5,0.9505220120222692,0.04946734100876278,
2,1,7.991737645207196E-7,0.9996951975869084,3.0400323932698977E-4,
2,2,0.00937492793407993,1.570533153297816E-5,0.990609366734387,
2,1,4.760707731337936E-6,0.9998808708911728,1.1436840109597777E-4,
2,1,4.30548175226851E-6,0.8036656376995129,0.19633005681873483,
2,2,1.2605506444458404E-5,0.42457589387642075,0.5754115006171348,
2,2,1.1421912345678899E-5,0.010831554780706966,0.9891570233069474,
2,2,1.8627942772065276E-4,0.0022050005363247376,0.9976087200359546,
2,2,0.0016187363371640497,9.511615847216367E-6,0.9983717520469887,
2,1,8.520976570319756E-11,0.9999999971011155,2.813674696900287E-9,
2,2,5.329644509260038E-5,8.939065538068377E-6,0.9999377644893693,
2,2,7.236442485336882E-5,0.21344949321505846,0.7864781423600882,
2,2,2.1057086610115126E-4,0.13725085098997072,0.8625385781439282,
2,2,3.394243118434934E-5,7.472616761093001E-7,0.9999653103071394,
2,2,4.8544958569997826E-4,0.007648598941077736,0.9918659514732222,
2,2,4.974421091144495E-7,0.004495242006316424,0.9955042605515745,
2,1,4.354979041044149E-4,0.9995405347837139,2.396731218187349E-5,
2,1,3.4277275075697017E-7,0.704329443316153,0.29567021391109627,
2,1,3.8738036183115915E-6,0.8148713121793306,0.18512481401705105,
2,2,6.168363264805406E-5,0.15093611131590276,0.8490022050514492,
2,2,0.001663709318724473,0.01934509900998369,0.9789911916712919,
2,2,7.0311298116968076E-6,0.013478788454870166,0.9865141804153181,
2,1,9.988684578529845E-6,0.9999842200262004,5.791289221162324E-6,
2,1,2.4275386031255637E-6,0.5743817455891548,0.4256158268722421,
2,2,4.866896918960784E-6,0.0011561240234923278,0.9988390090795888,
2,2,0.0012473664066020326,0.027854685311309878,0.9708979482820882,
2,2,0.0025604394959479206,0.08433021625241777,0.9131093442516344,
2,2,6.981714456497338E-4,0.40361300644896436,0.5956888221053859,
2,2,3.2616940614367916E-6,0.292149839823116,0.7078468984828226,
2,1,6.260842491255535E-4,0.961696177136832,0.037677738614042416,
2,2,3.762202240111444E-6,9.662350094530824E-4,0.9990300027883068,
2,2,3.854306554220422E-6,6.1993677327216E-8,0.9999960836997684,
2,1,2.189979750230816E-5,0.9913003756824071,0.00867772452009063,
2,2,2.040922551625822E-5,0.36556490201594005,0.6344146887585438,
2,2,0.003476542765549573,0.016918891632260197,0.9796045656021903,
2,1,2.1544307901815213E-4,0.999672137327157,1.1241959382482946E-4,
2,2,1.9593162252383868E-4,0.020267598763953308,0.9795364696135228,
2,1,2.7039561085900795E-4,0.5759060641299375,0.42382354025920344,
2,1,2.9670261170218156E-4,0.9467979411715469,0.052905356216751014,
2,2,6.81104168944683E-8,1.4632314005763951E-6,0.9999984686581825,
2,2,1.9664867353252646E-5,0.07425458688818552,0.9257257482444613,
2,2,7.728946175940717E-5,1.82591980687045E-6,0.9999208846184338,
2,1,0.0011626112514013618,0.9987662960048528,7.10927437457993E-5,
2,2,6.942539597945976E-6,1.3418436817824722E-4,0.9998588730922238,
2,1,1.1601822513735183E-6,0.9999987949233643,4.489438437523307E-8,
2,1,1.2422639606470782E-6,0.9999609871728629,3.777056317643735E-5,
2,2,3.4662609345721804E-5,0.11040216725572931,0.8895631701349249,
2,1,0.0016605459901282672,0.9417085649040182,0.05663088910585367,
2,1,3.5211196132584315E-4,0.990012640819429,0.009635247219245227,
2,1,3.092291421350979E-5,0.9998178041774327,1.512729083538138E-4,
2,2,7.101259880732025E-4,0.022251635702182016,0.9770382383097447,
2,2,0.04959987579794079,0.13966418868214717,0.8107359355199121,
2,1,6.048275061096944E-8,0.997253766679642,0.0027461728376073887,
2,2,3.6054929955584227E-6,1.1221076404820071E-4,0.9998841837429562,
2,2,2.4341535550493373E-5,3.032123359339406E-4,0.9996724461285156,
2,1,4.0469829633142453E-5,0.9818155150472216,0.01814401512314536,
2,2,1.25852064305936E-5,2.054483895240772E-5,0.9999668699546169,
2,1,3.69343913978677E-7,0.9999971914670643,2.4391890216802295E-6,
2,2,2.425467464392176E-5,0.03760816718053425,0.9623675781448219,
2,2,9.104950475201665E-5,0.004077041161920804,0.9958319093333271,
2,2,0.001315841986247447,6.836930577515158E-6,0.9986773210831751,
2,2,0.00704730985260064,7.307203495446653E-5,0.9928796181124449,
2,2,0.02299077728789857,0.01727030468265639,0.959738918029445,
2,2,5.740287204752775E-4,0.15994744232156768,0.839478528957957,
2,1,2.822671736577581E-7,0.9945617865593587,0.005437931173467774,
2,2,3.415740428000388E-7,2.331737268333111E-10,0.9999996581927834,
2,1,3.9224681699953095E-5,0.9992239383729237,7.368369453763464E-4,
2,2,1.0963106309907536E-5,1.8056630470175374E-6,0.999987231230643,
2,2,2.575121293703599E-4,0.13564823706914877,0.864094250801481,
2,2,2.7970634725831923E-6,2.7680193067603923E-7,0.9999969261345968,
2,2,6.997940661638592E-4,0.09622689607533415,0.9030733098585021,
2,1,2.1489444617731014E-4,0.9510864396352714,0.048698665918551334,
2,1,0.001500167598201219,0.61569209863701,0.3828077337647888,
2,2,0.0010982447905164437,5.195055539293146E-4,0.9983822496555542,
2,0,0.787973799844183,0.13975025319176987,0.07227594696404717,
2,1,2.2812215578959756E-7,0.9998617751106172,1.3799676722712445E-4,
2,1,1.0314793462826391E-5,0.9999892121505388,4.730559984429438E-7,
2,2,5.898165376400844E-4,0.00223509527057277,0.9971750881917871,
2,2,7.336336518852197E-4,0.026850343227199827,0.972416023120915,
2,2,1.587595109684373E-5,3.2762327773596835E-6,0.9999808478161258,
2,2,1.1569434968346225E-6,5.303167788468955E-6,0.9999935398887146,
2,2,3.0912519670031054E-7,0.010239657340615042,0.9897600335341883,
2,1,0.020016626928593077,0.9778073719135926,0.0021760011578143067,
2,2,0.008637188135508444,0.1510094686820851,0.8403533431824064,
2,2,1.5562133766637387E-6,5.2345955245172135E-5,0.9999460978313781,
2,2,3.044317982011715E-5,7.069058104488905E-6,0.9999624877620754,
2,2,0.007906564297856244,0.0019262869973970364,0.9901671487047466,
2,2,3.058205902280401E-6,2.3741283948969065E-4,0.9997595289546081,
2,2,0.003919208665410721,0.0021775187483859103,0.9939032725862034,
2,2,0.13214628576866416,0.04039626202951038,0.8274574522018254,
2,2,1.0467362276522817E-6,1.1692123823195036E-4,0.9998820320255404,
2,2,0.0018120532052768252,3.291475860139863E-4,0.9978587992087092,
2,2,5.497827517741159E-7,8.607112067568892E-8,0.9999993641461276,
2,2,1.736981038930843E-5,2.7575533756859135E-7,0.9999823544342732,
2,2,1.3927202028123356E-5,0.003901402570915578,0.9960846702270563,
2,2,1.342346722390555E-5,2.8336618871667354E-4,0.9997032103440595,
2,2,3.24475730520814E-5,0.032092627071489875,0.967874925355458,
2,2,2.9017752731150796E-4,0.003845290634784741,0.9958645318379038,
2,1,2.8813863381012506E-4,0.969276042789632,0.030435818576557902,
2,1,1.9690500822720584E-8,0.9997284067118758,2.71573597623335E-4,
2,1,3.1335531526399626E-5,0.783242484290771,0.21672618017770254,
2,2,8.641978719028243E-6,0.1897898449155463,0.8102015131057346,
2,2,0.0076305043526175105,0.08530063282723474,0.9070688628201478,
2,1,2.8431952360613723E-4,0.9797095437919218,0.020006136684472223,
2,1,2.81059357624465E-5,0.9852698611325421,0.014702032931695372,
2,1,2.592618744408956E-7,0.9997448526750521,2.548880630736105E-4,
2,2,2.4577752549464804E-5,0.0030632797630606723,0.9969121424843899,
2,2,3.8165455511960105E-4,0.0014833854273499701,0.9981349600175304,
2,1,9.30598662753541E-6,0.9999421347725014,4.8559240871166654E-5,
2,2,7.201132951234737E-7,0.03303116956750488,0.9669681103191999,
2,2,0.005398196313929459,0.13899461347873973,0.8556071902073308,
2,1,5.6871404901682764E-5,0.7337742762239619,0.2661688523711364,
2,2,3.647018769655023E-4,0.02504939425819433,0.9745859038648401,
2,2,2.5495499943312464E-6,0.10268260389602149,0.8973148465539842,
2,2,4.341620195699232E-4,1.0567875930083582E-4,0.9994601592211293,
2,2,0.0033134671425394304,0.051362008841430475,0.9453245240160301,
2,1,1.068108848348488E-6,0.9983567168851369,0.0016422150060146875,
2,2,0.027178755405746487,0.07321299951885751,0.8996082450753959,
2,1,7.623589536485961E-7,0.5755104997483742,0.4244887378926723,
2,1,0.12514824168789918,0.7442454323854292,0.13060632592667148,
2,2,0.0017100403470409527,2.1935337375937658E-5,0.9982680243155831,
2,1,0.024259043451301913,0.705692402465965,0.27004855408273304,
2,2,0.0010138082492183148,4.554725128063973E-5,0.998940644499501,
2,2,1.8231695207841928E-7,9.364315251233945E-5,0.9999061745305355,
2,1,5.8687792793582114E-6,0.99998137135808,1.2759862640590952E-5,
2,2,2.3666517024654703E-4,3.5854651674297974E-4,0.9994047883130104,
2,2,0.1023376208449781,0.0057265706226492215,0.8919358085323728,
2,2,2.985223588067336E-4,0.023284462549090855,0.9764170150921023,
2,2,3.1639735183129367E-6,4.7098699169816385E-5,0.9999497373273118,
2,1,0.0019509860305503242,0.9904137353806013,0.007635278588848425,
2,2,6.393999389213968E-5,2.6639573295228275E-7,0.9999357936103749,
2,2,1.2692995499238714E-5,7.037467880874619E-4,0.9992835602164133,
2,1,0.0010295478072780819,0.8700365210458944,0.12893393114682755,
2,2,0.0016572713653772416,9.97125316324777E-4,0.997345603318298,
2,1,0.015253526313701376,0.9529089184415898,0.031837555244708986,
2,1,2.165902871482807E-4,0.8607498150163134,0.13903359469653814,
2,1,6.614472455672461E-8,0.995769297976167,0.004230635879108432,
2,1,5.4142137160955456E-5,0.9997692846266454,1.7657323619368803E-4,
2,2,9.328123433923394E-6,0.0020061439865921064,0.9979845278899739,
2,2,0.0036398230837562276,0.03484802840210535,0.9615121485141385,
2,2,5.327672257884154E-7,8.682280023115055E-5,0.9999126444325431,
2,2,3.059417707531005E-6,0.0014355264230623166,0.9985614141592302,
2,2,2.6734425562103598E-5,0.0025072982850970417,0.9974659672893409,
2,2,3.0418713268486462E-5,0.007447360527768048,0.9925222207589635,
2,2,1.6184308843986006E-5,5.582709401896391E-4,0.9994255447509663,
2,2,7.91541601760507E-6,7.45598371608289E-5,0.9999175247468215,
2,1,0.0026673867803574964,0.997287305286837,4.530793280554967E-5,
2,2,2.3541364743938614E-4,6.492799380010796E-5,0.9996996583587604,
2,1,0.006088491780163709,0.8782125853676698,0.11569892285216651,
2,1,8.904435104877834E-7,0.9995757070944037,4.2340246208583533E-4,
2,2,7.058111609838354E-6,4.596838115013163E-6,0.9999883450502751,
2,2,3.827174244541484E-5,0.015211349053355975,0.9847503792041985,
2,2,8.72559307498559E-5,0.02046366534817806,0.979449078721072,
2,1,8.588471163873325E-5,0.9991585331160421,7.555821723190777E-4,
2,2,7.226053544221134E-5,2.4010117072652962E-5,0.9999037293474852,
2,2,3.844082962565525E-5,0.016711682486901743,0.9832498766834726,
2,1,7.882235449921682E-7,0.9999732426628667,2.596911358830314E-5,
2,1,5.854169257417441E-4,0.9454099488996852,0.05400463417457312,
2,2,0.02724691260187878,0.2439892207409539,0.7287638666571674,
2,2,1.452229450032438E-4,0.171219360099061,0.8286354169559357,
2,1,1.8403817565690794E-4,0.9996960558802523,1.1990594409071694E-4,
2,1,9.842937171161947E-5,0.6821160721498979,0.31778549847839055,
2,2,0.002547000513950041,0.006213552849067728,0.9912394466369822,
2,2,4.559659431729494E-6,0.0070249274122014555,0.9929705129283668,
2,2,0.001938674696387407,0.003370074948988383,0.9946912503546242,
2,2,0.0051043710717078765,0.12309946435919365,0.8717961645690985,
2,2,2.9366363747764243E-6,1.5653899094424315E-7,0.9999969068246342,
2,2,1.0837775558716716E-4,0.005146064219186728,0.994745558025226,
2,2,1.926172170941946E-4,5.960804749196507E-6,0.9998014219781567,
2,2,2.5166974564985224E-4,1.2561092365316847E-4,0.999622719330697,
2,1,4.955208981033481E-6,0.8730617957048946,0.1269332490861244,
2,2,0.008241060171967294,0.012110841461566449,0.9796480983664663,
2,2,1.1929897308729794E-4,0.35511310943939856,0.6447675915875142,
2,2,3.1586635259553793E-4,0.0033799023531661337,0.9963042312942384,
2,1,1.1619744574584686E-4,0.5012594912375363,0.4986243113167178,
2,2,4.842514416085008E-8,0.010602800685029003,0.9893971508898268,
2,1,0.0537238035884285,0.821683180306021,0.12459301610555029,
2,2,0.15152485565716456,0.24178469529698648,0.6066904490458489,
2,2,4.1616869804469563E-4,0.015300782463511194,0.9842830488384441,
2,2,4.534190578218486E-6,8.938988509969971E-9,0.9999954568704333,
2,1,0.0015529437177488484,0.9936120699899165,0.004834986292334734,
2,2,5.314744946264577E-4,3.1206236776223114E-4,0.9991564631376113,
2,2,0.0019967076578713684,0.0760230559715916,0.921980236370537,
2,2,5.190957733002668E-5,5.93386680104974E-5,0.9998887517546595,
2,2,9.848886908535336E-4,0.12969496421021673,0.8693201470989297,
2,2,7.843750788962895E-7,8.407143201362382E-5,0.9999151441929076,
2,2,5.265860368514276E-6,9.764073693700101E-5,0.9998970934026945,
2,2,5.666762829470394E-6,7.43920905085629E-8,0.99999425884508,
2,2,2.1999519381809886E-5,2.198696636874028E-5,0.9999560135142495,
2,2,7.819649493822924E-5,4.42934175967663E-5,0.999877510087465,
2,2,3.6920502432353196E-4,4.931948276402783E-4,0.9991376001480362,
2,1,8.596842995641706E-7,0.7926590341465717,0.20734010616912865,
2,1,3.303289056467681E-4,0.5347979554005585,0.4648717156937947,
2,1,0.007211200112201445,0.6896923518411807,0.3030964480466178,
2,2,1.9513744497251826E-7,5.039205390808706E-7,0.9999993009420161,
2,2,0.03814664573303238,0.038109807115208,0.9237435471517597,
2,2,0.03875783256328855,0.4151917907798203,0.546050376656891,
2,2,2.2941442356711278E-4,0.004241882950309966,0.9955287026261229,
2,2,4.508808953142323E-5,0.083518034945532,0.9164368769649367,
2,2,0.3520462482099697,0.25944428452750745,0.3885094672625229,
2,2,2.4927153508363665E-5,7.135891566295974E-10,0.9999750721329025,
2,2,0.00392736344608398,1.0132832829757388E-4,0.9959713082256184,
2,1,1.7935942640191347E-6,0.972853787557972,0.027144418847763932,
2,2,5.595015663437783E-4,2.838631187946794E-4,0.9991566353148614,
2,2,0.0022749877825992203,0.0012183274590473491,0.9965066847583535,
2,2,2.6044079402600577E-5,0.05537639662005272,0.9445975593005447,
2,1,8.801359484651054E-7,0.9999929198454437,6.200018607643511E-6,
2,1,3.532878304550951E-9,0.9999914921250623,8.504342059395794E-6,
2,1,5.8384145115497046E-6,0.539875871683831,0.4601182899016574,
2,1,4.269717465513143E-9,0.9999999933804744,2.349808126741656E-9,
2,2,4.905694167565729E-5,0.09461786563406341,0.905333077424261,
2,2,1.7178941067819287E-7,1.4519130358707338E-6,0.9999983762975534,
2,1,1.262455347709188E-6,0.9999968616300933,1.8759145590012169E-6,
2,2,2.1064744439389856E-5,0.0024297811017934268,0.9975491541537673,
2,2,6.677157242272285E-6,0.02474432024349029,0.9752490025992674,
2,1,0.021025476801701515,0.8555481862098081,0.12342633698849025,
2,1,3.176491228520961E-4,0.9565939321181165,0.0430884187590315,
2,2,8.18816171629437E-5,0.2008744302288973,0.7990436881539398,
2,1,0.0010036235524908588,0.8081087218677446,0.19088765457976448,
2,1,0.03206895914809367,0.6267434679673113,0.341187572884595,
2,1,0.013492030052639874,0.946411667686602,0.04009630226075819,
2,0,0.5510471708250324,0.03954531534770234,0.4094075138272653,
2,2,3.159078966124154E-5,2.1739945471897903E-5,0.9999466692648669,
2,2,1.702221404831069E-5,5.69411959625798E-5,0.999926036589989,
2,1,0.0017530681103520927,0.764067784953634,0.23417914693601397,
2,2,8.021339300069862E-5,0.004817622320329907,0.9951021642866694,
2,2,4.720406829090921E-6,0.3802879943376606,0.6197072852555103,
2,1,4.569388138358417E-6,0.9999918175365502,3.613075311377677E-6,
2,1,7.098310813834677E-6,0.9993928626719588,6.000390172272166E-4,
2,2,4.361866151042028E-6,6.955145156118483E-6,0.9999886829886928,
2,2,4.285680998695556E-6,0.23065532072478295,0.7693403935942185,
2,2,7.653136311276176E-7,0.12338666644808345,0.8766125682382854,
2,2,1.6096489143650263E-5,0.02839170333947441,0.9715922001713819,
2,1,5.556816546658579E-6,0.8580914710360041,0.1419029721474493,
2,1,1.9993396258668079E-4,0.9996435757827608,1.5649025465252616E-4,
2,2,4.155740844210589E-5,0.21915020522367362,0.7808082373678843,
2,2,2.222533884446466E-5,0.017409909819570257,0.9825678648415852,
2,2,2.2658295862090363E-5,7.314146449715742E-7,0.999976610289493,
2,2,2.945562808044571E-5,7.826910732191843E-4,0.9991878532987003,
2,2,2.066450870627761E-4,9.690941079935562E-7,0.9997923858188292,
2,2,1.1430104425367289E-4,0.03078303722569587,0.9691026617300504,
2,1,8.087402444127903E-4,0.9316703162555038,0.06752094350008343,
2,2,3.1165172183887456E-4,0.3507794714973384,0.6489088767808227,
2,1,1.0767855558886136E-4,0.9675283976927073,0.03236392375170396,
2,2,9.4455210424969E-6,2.8291509278384466E-5,0.999962262969679,
2,1,5.2878609267883484E-5,0.7924608438340464,0.20748627755668564,
2,2,1.7132411355954202E-4,0.34652895384207244,0.653299722044368,
2,2,5.9554682076116535E-8,1.467128883197607E-8,0.9999999257740291,
2,1,0.01606769618090631,0.8721425982139266,0.1117897056051671,
2,2,1.5383252158421508E-5,0.17402714932232738,0.8259574674255141,
2,2,4.925264573053936E-6,0.28730967925714046,0.7126853954782866,
2,2,3.0226703721530777E-5,2.4368282026184367E-4,0.9997260904760166,
2,2,1.5845618170669667E-5,0.01397166802280519,0.986012486359024,
2,2,0.0016795347467811238,0.007332091780532863,0.990988373472686,
2,2,0.004958277297175602,4.1160042642557685E-4,0.9946301222763988,
2,1,7.89127522014384E-7,0.9994808701156559,5.183407568220679E-4,
2,2,1.4217393425712755E-4,0.11532985735615155,0.8845279687095914,
2,2,5.451842426196316E-7,1.1775675554429481E-4,0.9998816980602131,
2,2,8.054989553682275E-5,0.024469726279929948,0.9754497238245332,
2,2,1.0844172129856753E-5,8.800370933512993E-4,0.9991091187345188,
2,1,1.8580862475077122E-6,0.9999977588771355,3.830366169979876E-7,
2,2,4.647180292802884E-5,3.6342437479488086E-5,0.9999171857595924,
2,2,1.9657702223473272E-4,0.020332507944776552,0.9794709150329888,
2,2,0.0015425664534166282,0.1834747540478723,0.8149826794987111,
2,1,0.002031039405449056,0.9379450635175227,0.06002389707702818,
2,2,4.366467714391554E-5,0.003361810935912842,0.9965945243869432,
2,1,5.378845791477849E-4,0.8857900944576164,0.1136720209632359,
2,2,1.3530388213534355E-5,3.177441275332844E-4,0.9996687254842531,
2,1,1.8927169117596932E-4,0.8233402824776775,0.17647044583114666,
2,2,1.3740014595732314E-6,2.8918572738147403E-8,0.9999985970799676,
2,2,2.905927860214219E-7,0.004112551626439902,0.9958871577807741,
2,1,3.4111368838782625E-6,0.9980519453746327,0.0019446434884834412,
2,2,1.8794567318381625E-7,2.0033695705561844E-5,0.9999797783586213,
2,1,0.1735099910698556,0.7877744215836358,0.03871558734650862,
2,2,6.308801222818417E-5,1.1971064687937377E-8,0.9999369000167072,
2,1,1.0634501881475432E-6,0.8098682502957814,0.19013068625403054,
2,2,0.019675072489208217,0.0058018813720776136,0.9745230461387141,
2,2,2.6278442279064674E-4,1.1336254770099072E-4,0.9996238530295083,
2,0,0.4479862083783196,0.22922299059633652,0.3227908010253439,
2,2,8.538532000603584E-4,0.009078550367893594,0.9900675964320461,
2,2,0.007267976979024027,0.020761531648019298,0.9719704913729567,
2,2,1.7411083319727548E-5,2.276746685063985E-4,0.9997549142481739,
2,2,3.1689915461274794E-5,0.11626089014567222,0.8837074199388666,
2,1,2.5479247552621862E-5,0.9999295986630985,4.492208934897507E-5,
2,2,4.6984251771422283E-4,0.0011473271015434777,0.9983828303807423,
2,1,0.008761388006229155,0.9391635335436144,0.05207507845015657,
2,2,2.2759930552295504E-7,2.0028812690864817E-6,0.9999977695194253,
2,2,4.944500063001171E-4,4.1039985914721413E-4,0.9990951501345526,
2,1,6.358631423904705E-6,0.9998046723205211,1.889690480549685E-4,
2,2,4.347558829748001E-5,7.44576797147434E-7,0.9999557798349054,
2,2,7.132645289708787E-6,2.1906417983645252E-4,0.9997738031748739,
2,1,2.051057020035442E-9,0.9999457903167283,5.4207632214783805E-5,
2,2,0.001092781318272142,0.042009930128116525,0.9568972885536113,
2,2,5.564035782909143E-4,1.414882975916802E-4,0.9993021081241175,
2,2,2.1723428497218866E-5,4.2067561328037113E-7,0.9999778558958895,
2,1,0.10095074591341943,0.6323731921908822,0.2666760618956985,
2,2,7.290501096981892E-5,6.654194667198887E-4,0.9992616755223103,
2,2,4.648590920074615E-4,5.223634523547523E-4,0.9990127774556378,
2,1,2.4480548630472445E-5,0.9949346101169574,0.005040909334412192,
2,1,2.2268856955564714E-8,0.9968636057202098,0.0031363720109333663,
2,1,1.1143371087350569E-8,0.9515866156135612,0.048413373243067694,
2,1,5.1998146466766E-6,0.7208063885009025,0.27918841168445085,
2,2,3.1806740840827866E-5,0.032896337017521496,0.9670718562416377,
2,1,1.4736266027590784E-6,0.8894694789986527,0.1105290473747446,
2,2,6.070685075134578E-4,0.003802002837346542,0.9955909286551399,
2,1,2.776857998699559E-4,0.9964213509731982,0.003300963226931926,
2,1,5.643211794169821E-7,0.8761138606019436,0.12388557507687704,
2,1,2.752996223557465E-4,0.9652479501940794,0.03447675018356492,
2,2,0.007070674992326691,3.0671364850032432E-6,0.9929262578711884,
2,1,3.2332485596809243E-7,0.7602211696767578,0.2397785069983862,
2,1,8.00417140227049E-9,0.9529794573126444,0.04702053468318412,
2,1,1.1110511732485175E-8,0.9830107568028899,0.01698923208659831,
2,2,0.049426776436783726,0.24613462855410606,0.7044385950091102,
2,2,2.3165943575339328E-7,8.052978424595527E-5,0.9999192385563183,
2,1,0.0025379481287424593,0.8186791530375197,0.17878289883373774,
2,1,7.89484432797083E-7,0.9566740036928955,0.04332520682267184,
2,2,1.6126013181951967E-4,0.005623404711182017,0.9942153351569983,
2,2,0.10416138480067634,0.022937745397743757,0.8729008698015799,
2,2,7.856768822848587E-5,0.005445289387005506,0.994476142924766,
2,2,0.001057814607959968,5.7968912530427535E-5,0.9988842164795096,
2,2,1.4611120194589109E-5,2.0437648200280581E-4,0.9997810123978025,
2,2,7.978265084385523E-7,5.517494677997383E-5,0.9999440272267116,
2,2,8.485453201071727E-7,5.205901200839553E-5,0.9999470924426714,
2,2,2.3537463198769566E-4,2.1315695745037834E-6,0.9997624937984377,
2,2,1.077912604533065E-4,0.1300147470437698,0.8698774616957768,
2,1,3.7581618396054726E-5,0.9865535554733482,0.013408862908255739,
2,1,3.0534374373359773E-6,0.8894676194109001,0.11052932715166242,
2,2,3.6989332562279707E-6,0.21400754988568607,0.7859887511810577,
2,2,0.015940891124394518,0.011447501044948289,0.9726116078306571,
2,1,0.048594572700191255,0.7340463773606951,0.21735904993911345,
2,2,2.515913999573575E-5,0.009938852351420674,0.9900359885085837,
2,1,1.2368781258439472E-5,0.999840928847953,1.4670237078859817E-4,
2,2,0.003580419649740346,2.95143555050422E-7,0.9964192852067046,
2,2,0.01357502786656888,1.7370266135023898E-4,0.9862512694720809,
2,1,0.002534090983397286,0.9446208662163713,0.05284504280023141,
2,2,1.9013395633668132E-5,0.021316101609781757,0.9786648849945846,
2,2,9.846470333424481E-4,1.9748708627973207E-4,0.9988178658803778,
2,1,7.683386200366229E-7,0.9928184915307544,0.007180740130625578,
2,2,1.507828489357394E-5,0.05155100699659867,0.9484339147185078,
2,2,0.012178708890309491,0.11918191054545316,0.8686393805642374,
2,1,0.1235334242759223,0.5501350880236555,0.3263314877004221,
2,2,1.0097619839563873E-6,0.22003392243239814,0.779965067805618,
2,1,2.12566303966874E-6,0.9891895535791251,0.010808320757835244,
2,1,2.4600877199933187E-5,0.989869049633934,0.010106349488865969,
2,2,3.026570238896666E-8,1.8629659775431295E-4,0.9998136731365432,
2,2,8.559494284634817E-7,5.408723428798199E-9,0.9999991386418482,
2,2,7.008261236521048E-5,0.003402796880712682,0.9965271205069222,
2,2,2.9502138140011225E-4,0.0021474221852186342,0.9975575564333812,
2,1,1.363800765836474E-4,0.6780926235522217,0.32177099637119483,
2,2,3.640229713102175E-8,8.127363643802283E-4,0.9991872272333228,
2,1,0.006638292805194791,0.9915350389776069,0.0018266682171981495,
2,2,1.9866991217249553E-4,4.149056747475052E-6,0.9997971810310802,
2,1,8.473322613970069E-7,0.9960908382008243,0.003908314466914307,
2,1,2.7881359610953604E-5,0.9688143495252721,0.031157769115116845,
2,1,0.06344593914708949,0.6851515619125211,0.25140249894038935,
2,1,1.147483169353995E-5,0.788703688704462,0.21128483646384458,
2,2,3.047988854299206E-5,0.05099859725737543,0.9489709228540816,
2,2,1.373967714182118E-5,0.0013854245390128575,0.9986008357838453,
2,2,1.0387934222540754E-4,0.2371744713980324,0.7627216492597422,
2,1,0.023088512497095613,0.6071350583114654,0.36977642919143905,
2,1,1.442624374190476E-5,0.9997123601560977,2.732136001603767E-4,
2,1,0.0011126683391305073,0.9912755237005683,0.007611807960301302,
2,2,7.506048258984819E-5,0.2765461944768494,0.7233787450405608,
2,2,1.8876645763254605E-4,1.41717658055844E-6,0.9998098163657869,
2,2,3.981672018330851E-5,2.9277514651529014E-4,0.9996674081333015,
2,1,5.1914154777025E-7,0.9999948258785921,4.654979859901674E-6,
2,1,4.060120162800746E-6,0.9998149488007029,1.8099107913431222E-4,
2,2,0.004809048368259479,0.10675618926280511,0.8884347623689354,
2,2,4.511014179578658E-6,2.894147255567021E-6,0.999992594838565,
2,2,0.02430211863067624,0.012734225155864122,0.9629636562134597,
2,1,1.1858215162640713E-6,0.9980106041010214,0.001988210077462243,
2,1,2.514141548134261E-4,0.992318470352724,0.00743011549246263,
2,2,2.4115391073837276E-4,0.4928418044972357,0.506917041592026,
2,2,1.916503857537133E-6,0.3685794119148787,0.6314186715812637,
2,1,4.308030243914052E-4,0.5134619826761069,0.4861072142995016,
2,1,1.606226920930022E-4,0.9060298851609876,0.09380949214691942,
2,1,6.604777729467791E-4,0.9993380263868661,1.4958401871873058E-6,
2,1,0.06728282406464885,0.8713459157798394,0.06137126015551168,
2,2,0.0021323357902245516,0.005643495763647507,0.992224168446128,
2,1,1.7705648712063588E-4,0.9564117289433932,0.043411214569486135,
2,2,1.160515166351174E-4,9.320410267541748E-5,0.9997907443806895,
2,2,7.4970516459625585E-6,0.2981687105529191,0.7018237923954349,
2,2,2.642586955319097E-5,1.0164860816036186E-4,0.9998719255222864,
2,2,9.459056564224798E-5,0.028392491563424542,0.9715129178709332,
2,2,1.4337660844545413E-6,9.155636811578594E-5,0.9999070098657997,
2,2,0.39849736987997797,0.046999941473796776,0.5545026886462252,
2,1,0.008766123028234355,0.5012592794873454,0.4899745974844201,
2,2,4.0236867959938615E-5,4.287092864263526E-6,0.9999554760391758,
2,1,0.002877781268144887,0.9586367023173784,0.038485516414476666,
2,2,1.4878790273999374E-6,0.2513366641629986,0.748661847957974,
2,2,4.504724495303271E-6,0.08030127393148373,0.919694221344021,
2,2,1.6796011847455833E-4,0.05727510268830349,0.942556937193222,
2,2,9.633970336724128E-5,0.19805479239311946,0.8018488679035134,
2,1,2.614224491593141E-7,0.9999748775038692,2.486107368179449E-5,
2,1,2.311228668647575E-5,0.9772285554909789,0.022748332222334522,
2,1,3.826357347034025E-6,0.8738989809143929,0.12609719272826,
2,2,4.657635005909122E-4,0.14605929074756308,0.853474945751846,
2,2,0.010088174910078535,0.013837192164690947,0.9760746329252306,
2,2,2.3815583498739662E-4,0.010002521279750131,0.9897593228852625,
2,2,9.00781316981639E-4,0.10265298076841649,0.8964462379146019,
2,2,0.0045617463108398116,6.765705367472934E-8,0.9954381860321065,
2,1,0.077977244631327,0.9039387414916102,0.01808401387706278,
2,2,1.98660059147241E-5,2.3875409548077518E-8,0.9999801101186757,
2,1,0.004308950917387841,0.707565952335414,0.2881250967471982,
2,2,1.6380963351910502E-6,0.001561749874066217,0.9984366120295987,
2,1,7.871894157257847E-6,0.9998049753371266,1.8715276871613523E-4,
2,2,1.6718598883118955E-6,9.509925784446478E-11,0.9999983280450124,
2,2,9.243317305339584E-8,4.700931593126364E-8,0.999999860557511,
2,1,3.9254031721099424E-7,0.9999842452037142,1.536225596866756E-5,
2,2,3.211919108011666E-7,0.1301801159605656,0.8698195628475236,
2,2,2.5656428154497097E-7,4.287127898134612E-6,0.9999954563078204,
2,2,5.257121968427883E-5,5.092385837346372E-5,0.9998965049219422,
2,2,8.834762154836834E-7,3.6216628526682603E-4,0.9996369502385177,
2,2,4.558521775910339E-4,0.0016232797025508235,0.9979208681198581,
2,2,4.0447059699023775E-7,1.419920561821128E-7,0.9999994535373468,
2,2,5.250751597957743E-4,7.900545743354982E-4,0.9986848702658687,
2,1,3.391170433072819E-4,0.6804544344884611,0.31920644846823154,
2,1,2.0572571811459834E-6,0.9968704366413709,0.0031275061014479945,
2,2,1.5067798080919817E-5,0.026230894209993912,0.9737540379919251,
2,2,6.475313537761416E-5,0.2577552531442847,0.7421799937203377,
2,2,7.4210482293695386E-6,2.847042783999009E-5,0.9999641085239307,
2,2,1.8168960517916228E-5,0.34839614013571185,0.6515856909037703,
2,2,3.8661979985892086E-7,5.9164400295317114E-6,0.9999936969401706,
2,2,6.936340325161718E-6,0.2970746450700418,0.7029184185896331,
2,2,2.2834502444230118E-4,1.65754824662808E-5,0.9997550794930915,
2,1,1.3082780221482723E-4,0.9987171700418347,0.001152002155950446,
2,2,0.030126489411103272,0.2707718138769976,0.6991016967118991,
2,2,7.965751878718204E-5,0.0021703925199530916,0.9977499499612598,
2,2,3.7593965726476675E-4,1.2149267232195242E-5,0.9996119110755031,
2,2,4.380076416036405E-4,0.005191964634958882,0.9943700277234374,
2,2,7.253311627794099E-5,0.0027209554086696877,0.9972065114750523,
2,2,2.477120237353539E-4,3.471794452410499E-6,0.9997488161818122,
2,2,9.281348546362023E-6,0.021460459593765437,0.9785302590576883,
2,2,1.0321692110373621E-4,0.031628663445198844,0.9682681196336974,
2,1,5.534160431817496E-4,0.9987968377875893,6.497461692289402E-4,
2,2,3.0901459860881045E-5,0.03524412248604154,0.9647249760540976,
2,2,7.392253675732067E-5,1.07219819434877E-4,0.9998188576438077,
2,2,1.889667364800648E-4,9.167514862129354E-6,0.9998018657486578,
2,2,0.008053286138827331,0.005457843628843326,0.9864888702323293,
2,2,4.118530382781795E-4,0.11087057831366386,0.8887175686480581,
2,1,8.27891299599373E-4,0.9862121374556204,0.012959971244780152,
