2,3,3.3440360058049965E-6,1.4989857390222646E-160,6.359089441061226E-5,0.9999330650695836,
2,3,7.315948720949639E-5,1.3133258160683481E-89,5.414296227386812E-5,0.9998726975505167,
2,2,1.5167390175113725E-5,1.7630302418465614E-82,0.6099770509433883,0.3900077816664367,
2,3,1.9142361338785876E-5,5.504693155461444E-153,0.2995298586982012,0.70045099894046,
2,3,1.1225100483769301E-4,8.211712109554622E-152,0.31755245700435625,0.6823352919908061,
2,3,2.0492302181844867E-6,5.558949717470943E-153,0.012541832145029132,0.9874561186247527,
2,3,4.101444636278651E-15,3.8519678069399454E-157,3.2653232483996855E-10,0.9999999996734635,
2,3,1.4920242424220543E-10,1.3776497280381206E-156,1.6896241498614442E-4,0.9998310374358114,
2,3,5.891051334713444E-8,1.0151679858580898E-82,0.005820685754531687,0.994179255334955,
2,3,3.719441935381371E-20,4.688289268845156E-86,1.8357830880674837E-9,0.9999999981642169,
2,3,2.0365812159462364E-10,6.160398086998678E-84,0.007810685783974066,0.9921893140123679,
2,3,1.9381392365114873E-12,1.944228281729458E-156,1.0603496602449672E-4,0.9998939650320374,
2,2,2.068935100294131E-9,1.7216253195687813E-149,0.7791484365302664,0.22085156140079845,
2,3,1.3165744933887747E-6,2.693038719496455E-8,0.16684362378398263,0.8331550327111368,
2,2,5.486370230078638E-5,1.8169628971034933E-13,0.5638466239606649,0.43609851233685265,
2,3,1.887507667492335E-11,7.678441094918104E-89,5.004956961191901E-5,0.999949950411513,
2,2,5.054812526574528E-14,4.993348560067182E-88,0.860054592561637,0.1399454074383124,
2,2,5.3212235588416375E-14,6.479022104933822E-88,0.7498179461047848,0.25018205389516207,
2,3,2.2775707356718867E-14,2.1834816727094466E-18,3.662991340379784E-4,0.9996337008659393,
2,2,1.5039893875008077E-10,1.1147713274967838E-24,0.998992508109087,0.0010074917405141818,
2,2,3.21712555022188E-14,1.8312936067301172E-16,0.9980573427234789,0.0019426572764887117,
2,3,3.1396382381630647E-14,1.3063929739804162E-102,8.04385353652401E-6,0.999991956146432,
2,3,3.1260988478294536E-4,1.0861475069697299E-88,0.006125252155337855,0.9935621379598791,
2,2,7.00730734427437E-4,9.349455416097284E-90,0.9992978214565532,1.4478090192959308E-6,
2,2,3.330088398118156E-5,1.704220367878563E-101,0.9998763934971496,9.030561886915718E-5,
2,2,0.0018364860474255854,5.684446157868337E-34,0.9981631886863468,3.2526622766577253E-7,
2,3,1.5047636753541804E-15,6.185177072797693E-89,1.0434844569409702E-6,0.9999989565155416,
2,2,1.453551599874728E-4,2.5764435992757358E-89,0.643324380500433,0.35653026433957963,
2,3,5.064171773488052E-13,4.295563766010639E-83,1.9724751899478875E-4,0.9998027524804989,
2,2,1.526973655855654E-5,2.1267044573977752E-153,0.9771398121569056,0.022844918106535796,
2,2,1.810897396027619E-4,8.734463585754051E-151,0.61228665514464,0.38753225511575723,
0,2,1.19010963526721E-5,1.6060845996730716E-153,0.9999880473984628,5.150518438210041E-8,
2,2,8.126466426178784E-4,1.4494173979909508E-76,0.5098825428869332,0.48930481047044877,
2,3,1.7502060592247155E-4,3.1355302102883358E-77,0.1250955281954875,0.87472945119859,
2,2,7.715104715726178E-4,1.623917146900081E-76,0.5710200980399611,0.42820839148846634,
2,3,9.358953096074884E-11,1.0352807139556245E-85,4.9891917029381704E-11,0.9999999998565186,
2,3,9.358953096074884E-11,1.0352807139556245E-85,4.9891917029381704E-11,0.9999999998565186,
2,3,9.859125812863042E-6,1.4676689006958426E-84,5.96009593286698E-5,0.9999305399148585,
2,3,3.146971041859685E-8,1.298917602955115E-83,7.2956767408730405E-9,0.9999999612346129,
2,3,1.322279863966092E-10,1.3023594456790094E-85,7.608366788895224E-11,0.9999999997916884,
2,3,0.0012942996186664788,1.0505445192985825E-81,0.018032088361675292,0.9806736120196582,
2,2,0.0014290565490113994,6.115336043539761E-76,0.9985709434472528,3.735758199003258E-12,
2,2,8.449798907675626E-5,1.0132296694711068E-76,0.8826728803852295,0.11724262162569363,
2,2,1.0823992289379562E-4,2.1897216220469096E-75,0.9950987921102998,0.004792967966806222,
2,2,3.576253498732233E-6,2.5426238054084083E-81,0.999996390149605,3.359689623510472E-8,
2,2,0.0038828868426018185,2.552715931276394E-7,0.9961166148075963,2.430782087562455E-7,
0,2,0.035789085907452764,2.677433627101535E-4,0.9636949377455217,2.482329843154323E-4,
0,2,0.02972876348364312,1.672802744536519E-7,0.9702710692360733,9.157106360780517E-15,
0,2,0.03233571227513666,1.8857464617320687E-7,0.9676640991501986,1.8561362105647458E-14,
0,2,0.14227785570353818,3.1308123872586313E-78,0.8574568570769228,2.652872195389312E-4,
0,2,0.08195450400851864,5.963946977043076E-7,0.9180386404841892,6.259112594535138E-6,
0,2,0.08074083565979247,6.806555779881893E-7,0.9192535711002965,4.91258433303211E-6,
0,0,0.9623759620272548,2.4936443089806764E-12,0.037624037970105606,1.4592312323751514E-13,
0,0,0.9871299831768562,2.1383742809117833E-84,0.012870016764994259,5.8149611336432304E-11,
0,0,0.5262601890880392,3.5601939928804285E-6,0.4737362507179676,3.0222534829444933E-16,
0,3,0.020484347839616036,7.226740366800941E-10,5.338015851915378E-6,0.9795103134218579,
0,0,0.9999636359477633,8.784000611668824E-81,3.614367530698273E-5,2.2037692970219216E-7,
0,0,0.9998619084246481,1.341068756422601E-8,1.380755988324204E-4,2.565831856726491E-9,
0,0,0.9976690828906305,1.767076567777066E-85,0.002330917091914756,1.7454711282534667E-11,
0,0,0.9972717560360771,1.9395703619800674E-85,0.0027282439631946412,7.28306665010596E-13,
0,2,0.2868774993317483,1.4066022511322795E-13,0.7131225006681108,2.2089410676202235E-16,
0,0,0.9821231748491024,2.274568981666937E-85,0.01787179031353473,5.034837362812856E-6,
0,0,0.9924578764416309,3.4991678445286147E-84,0.007415803189275238,1.26320369093923E-4,
0,0,0.990983092032589,2.8295528171591404E-84,0.008466937727067681,5.499702403432442E-4,
0,2,0.39056946754978134,1.3326948470216822E-78,0.6094300342622442,4.981879744622052E-7,
0,0,0.9761527135153379,1.1307555956958227E-72,0.02300494542425508,8.423410604068921E-4,
0,0,0.9886275750955206,2.0769484629328729E-72,0.009609181707615258,0.0017632431968641444,
0,0,0.9884783611706321,1.9520533378860092E-72,0.010331017839903476,0.0011906209894642814,
0,0,0.9587468617884595,1.6582359394140629E-72,0.041206076503303816,4.706170823667745E-5,
0,1,0.09832809934396458,0.8973163774801537,0.004355344032100322,1.7914378139248045E-7,
0,2,6.873709629966458E-5,8.698213033942485E-81,0.9999312628968068,6.893682868039752E-12,
2,2,0.0015052767395766407,4.0064483797508756E-8,0.9984946831959395,7.119010056296566E-22,
2,2,0.0026806714828347044,1.4293991528343751E-80,0.9973193276851972,8.31968195518897E-10,
2,2,0.002473634785025013,1.050170482148279E-80,0.9975263635646843,1.6502907701664418E-9,
2,2,0.41343285495795173,2.284061270019344E-72,0.5863349732130488,2.3217182899955166E-4,
2,2,0.2639961028657387,1.5856097386780797E-72,0.7358686801191775,1.3521701508364988E-4,
2,1,0.024175039716850456,0.704993707379701,0.2708310976874175,1.5521603101514965E-7,
2,1,0.07265846751351819,0.7566894458927202,0.17065208659376158,4.6467534296014316E-17,
2,2,0.11068374519803773,5.3800149007250844E-73,0.8893150059343753,1.2488675870025382E-6,
2,2,0.26694780228894505,4.662559576840979E-73,0.7330521977110543,6.678108773923065E-16,
2,2,0.27392714753409203,4.671443427463002E-73,0.7260728524659069,1.1220867542186513E-15,
2,2,0.24858678638260076,2.1321236221216208E-73,0.7514132136173987,5.602626025082735E-16,
2,2,0.276026483456463,4.712599900865548E-73,0.7239735165435359,1.1295930265779925E-15,
2,2,0.25127915796644446,2.1173709373773254E-73,0.748720842033555,5.726619571484581E-16,
2,2,0.1442271077141112,3.332407565226865E-73,0.8557711020984107,1.790187478157321E-6,
2,2,0.3108612659846316,1.0842752481364084E-72,0.6891231951512418,1.5538864126706225E-5,
2,2,0.42606039032101606,5.543628244687448E-73,0.5738062427937232,1.3336688526082233E-4,
2,1,0.05450024870950071,0.7362787956917732,0.20922095559872603,4.2097852096538614E-19,
2,2,2.1268720222124157E-10,0.0011768906181167144,0.998823109169196,7.906096605004736E-20,
2,2,0.1656840108650282,2.6565149861015527E-73,0.8343159891349716,2.0187016279010067E-16,
2,2,3.19336633151531E-10,5.529145386100357E-76,0.9999999996806633,6.748039136699192E-18,
2,2,2.4411950026933944E-10,0.001302761832078973,0.9986972379238015,3.356291339732747E-19,
2,2,4.927038714670084E-10,0.001195472196382422,0.9988045273109137,3.97466040425684E-29,
2,2,1.5661970590928085E-11,1.95745872874298E-77,0.9999999999843381,5.078542121469204E-31,
2,2,1.2680750230460614E-11,7.848606666925215E-77,0.9999999999873193,6.614484410317832E-32,
2,1,0.018767907984349748,0.8206824727917738,0.1605496192238764,4.163013620156109E-31,
2,1,0.023700655837631136,0.5139478422329252,0.46235150192944363,2.736072553944561E-20,
2,2,0.0033030564456729716,1.115321029493179E-73,0.9966969395438778,4.010449176131258E-9,
2,2,0.010790549422961686,6.245066801111638E-74,0.9892092153036592,2.3527337913582014E-7,
2,2,0.007245404370962433,2.065290649478412E-74,0.9927538464270868,7.492019508037814E-7,
2,2,0.0019218639557959107,3.752355812763145E-74,0.9980781281231892,7.92101486304572E-9,
2,2,0.0018735558703815434,3.905186291049501E-74,0.9981264237308267,2.0398791735585248E-8,
2,2,0.0021770305149320865,7.581781989278122E-74,0.9978229694850679,2.5292547151233064E-81,
2,2,0.002107301308710095,4.178309290835984E-74,0.9978926982418693,4.49420580098125E-10,
2,2,1.3745211197933074E-5,5.0092443527733E-73,0.9999846523088438,1.6024799581836196E-6,
2,2,2.5104078310288516E-14,6.991282427934197E-151,0.9999999999568149,4.316010321549879E-11,
2,2,3.157680166313359E-14,1.6233113492198917E-150,0.9999999999999684,2.923281018336199E-96,
2,2,2.091705275553037E-6,2.527233415242462E-148,0.9999979082947245,8.933491587088223E-23,
2,2,2.2927274972978212E-6,2.294827305905746E-148,0.9999977072725028,1.4794206661486503E-22,
2,2,3.3100044842936454E-6,4.5620332069369425E-148,0.9999966899955157,3.4730706036781465E-82,
2,2,3.2648854964208955E-6,4.565201930917873E-148,0.9999967351145035,2.5921767246711332E-82,
2,1,0.007742822036254083,0.7783817093960556,0.21387546637715849,2.1905317948234872E-9,
2,1,0.0032117678532119958,0.9144267340482879,0.08236149809850017,1.0193326917437832E-86,
2,1,0.005766351863049076,0.8782165011068819,0.11601714703006909,6.61129706361653E-82,
2,1,0.0032548122392732108,0.9062931924976294,0.09045199526309736,9.494136043576666E-83,
2,2,2.6479098897204924E-5,7.224976937554664E-74,0.999973520899463,1.6396552723143897E-12,
2,2,2.5137593332134167E-5,7.632060681969132E-74,0.9999748624060223,6.456427592714476E-13,
2,2,2.5137593332134167E-5,7.632060681969132E-74,0.9999748624060223,6.456427592714476E-13,
2,2,2.481398433918052E-5,6.8744115827269306E-74,0.9999751860146905,9.70217831580144E-13,
2,2,2.9339634106106078E-5,6.4520120253978575E-74,0.9999706603630968,2.797091647828278E-12,
2,2,3.667097346699915E-5,7.70028498187268E-74,0.9999633290256422,8.90742052425552E-13,
2,2,2.8741376121410653E-5,6.422249310201965E-74,0.9999712586234515,4.2695930138919974E-13,
2,2,6.083823239280856E-6,6.072234026193681E-148,0.9999939161705635,6.197278562719216E-12,
2,2,2.5366430440308943E-5,9.40743792244296E-148,0.9999746269912019,6.5783578170014445E-9,
2,2,4.132560275888064E-5,8.79952019388103E-148,0.9999586743972411,6.40464853994796E-83,
2,2,1.9193798994996413E-5,1.0914958609933507E-147,0.999980806201005,1.045426194292062E-86,
2,2,0.022308742292482794,1.7857090250137186E-73,0.977691257686139,2.137826526463764E-11,
2,2,0.03171384537800872,2.0195523561034996E-73,0.9682861546219913,4.406943071684824E-86,
2,2,0.018314474634542388,1.1998094331235972E-73,0.9816855253623855,3.072170392837412E-12,
2,2,0.016608161645737887,1.1490137612558433E-73,0.9833918383528835,1.3785945696778792E-12,
2,2,2.0578467560211349E-4,1.667211475809617E-73,0.9997942153243167,8.135435264551822E-14,
2,2,1.1156587163650813E-6,1.1781712900635906E-83,0.9999988843412837,2.6280619302355357E-19,
2,1,0.13026083948639636,0.7329478578503744,0.13679130266318984,3.934759853151267E-14,
2,0,0.8302099949386809,0.010746304943770586,0.15904370011751598,3.2515253241798015E-14,
2,1,0.1702517647881851,0.60280562172983,0.22694261348198486,5.522930923716708E-21,
2,2,5.783922185267647E-4,1.1104501592196996E-73,0.9994216077542283,2.7245012924040637E-11,
2,2,0.001211603338697154,4.826465809192517E-74,0.9987883966589566,2.3462304066000337E-12,
2,2,0.002355678526832691,1.2667986093404577E-75,0.9976443214731673,2.962280632697841E-22,
2,2,0.30582729956041865,0.033786937028828457,0.6603857634107528,1.4329148910523862E-26,
2,2,1.2449393333106434E-6,5.243569279039237E-87,0.9999987550606666,2.021332359702384E-23,
2,0,0.5513722350684093,1.0834061218309033E-74,0.4486277649315907,1.1895725187341587E-21,
2,0,0.8461256768299792,1.96389716087252E-75,0.15387432317002078,1.8927645554534876E-27,
2,1,0.13467602664413542,0.7147409801373373,0.15058299321852722,3.9752103413566205E-21,
2,2,0.012390699860730334,1.0926459207963974E-12,0.987609300138177,4.3938436634140306E-32,
2,0,0.6104878859379145,0.17742255352238742,0.21208956053969805,1.9778087355085547E-29,
2,0,0.558430415085579,0.20811425138905087,0.23345533352537018,3.712506958014187E-25,
2,0,0.3954692055596131,0.38680680722746047,0.21772398721292652,3.2966485797931497E-32,
2,1,0.2324509777370583,0.6573557629731668,0.11019325928977472,3.936732176718644E-44,
2,1,0.08461681280761518,0.8466260197075964,0.06875716748478841,1.7499675886517217E-38,
2,1,0.034732307010630084,0.9394423224283971,0.025825370560972817,1.0113275927668144E-36,
0,1,0.29314153739747845,0.7058697175372484,9.887450652732227E-4,1.2476120571566261E-23,
0,0,0.5654280508176791,0.43313251230173105,0.001439436880589763,2.2929863745322827E-26,
0,0,0.6778932843320733,0.1703884660281776,0.15171824963974925,1.2098744666716382E-39,
0,1,0.3128659527873139,0.5200667728677697,0.16706727434491644,1.3225545409996711E-38,
0,0,0.7215693680000694,0.27512248264562356,0.003308149354306937,1.2966015049985481E-39,
0,0,0.716238211963402,0.2793763993925088,0.00438538864408936,4.731278575195412E-40,
0,0,0.7254046432116427,0.27022023642565673,0.004375120362700572,4.831880596287478E-40,
0,0,0.9432892675108724,0.0550844407106274,0.0016262917785003052,8.200471644606751E-38,
0,0,0.8538474104048192,0.14230850847689225,0.0038440811182885635,2.877654501157186E-39,
0,0,0.6937696639754578,0.3031016692929633,0.0031286667315788682,2.593847044976929E-39,
0,1,0.29920744427377305,0.5496253335531404,0.15116722217308665,3.6460390833827566E-38,
0,0,0.7035310918321293,0.22117035680134178,0.07529855136652895,4.2011220458804525E-33,
0,0,0.7063101009153904,0.22969065055656426,0.06399924852804542,4.852042658046591E-33,
0,0,0.6664542608505949,0.27108733984311384,0.06245839930629125,6.395851029442494E-33,
0,0,0.9048977232734808,0.0943938414579179,7.084352686012712E-4,9.256770634503479E-34,
0,0,0.8853049333346596,0.11399267088044507,7.023957848952976E-4,2.5980765218268486E-33,
0,0,0.8817222511294239,0.1175688762037002,7.088726668760089E-4,3.71450637235747E-33,
0,0,0.8618271752086271,0.13706294572698377,0.0011098790643892427,7.917798425861467E-34,
0,0,0.8467024216925422,0.15217011363421787,0.001127464673240007,1.2271324732442472E-33,
2,0,0.4976409171377528,0.38826840802816753,0.11409067483407966,2.431105433787998E-35,
2,0,0.4652445626621082,0.420046704636163,0.11470873270172886,2.5813089807299946E-32,
0,0,0.8078375874515971,0.19059864798196918,0.0015637645664337851,1.0117033202396895E-35,
0,0,0.780890888031571,0.21696285854945682,0.002146253418972145,9.169384246382933E-33,
0,0,0.5391893379679429,0.45794525415040754,0.002865407881649539,6.998154843069898E-38,
2,1,0.22709618455944605,0.6855128311323104,0.08739098430824338,7.096217384080765E-36,
2,1,0.20467636550231302,0.7202143716513076,0.0751092628463792,2.5140461577438563E-38,
0,1,0.4952930890378922,0.5025722425188561,0.0021346684432516183,1.1887773484216332E-36,
2,1,0.17764436432147762,0.7548503065190552,0.06750532915946723,9.071195395009975E-36,
0,1,0.4432207315148799,0.554730048697395,0.0020492197877252072,2.2513507919656497E-36,
0,1,0.43739025503017603,0.5605088436613366,0.002100901308487472,2.9469334489457373E-36,
0,1,0.41860998330874455,0.5795002338035381,0.0018897828877174785,4.0322382375695395E-36,
0,1,0.42015222838419763,0.5781566417844916,0.001691129831310662,5.7911151402038935E-37,
0,1,0.16097087373911467,0.808376367371422,0.030652758889463283,1.394098989961157E-38,
0,1,0.22314687243822703,0.725892905281498,0.05096022228027497,5.625771810186382E-36,
0,1,0.22647487435599747,0.7271224710097436,0.04640265463425897,5.3053071192906054E-36,
0,1,0.2189670088248111,0.7306372408900311,0.05039575028515763,5.918239530068199E-36,
2,1,0.18641654801154303,0.7227010412879394,0.09088241070051746,5.381806607132353E-36,
0,1,0.22427858623242405,0.7294821503706455,0.04623926339693055,4.940633023762704E-36,
0,1,0.15562714934277283,0.8119157507207239,0.032457099936503205,3.088561053772255E-36,
0,1,0.31526501118605554,0.6441286142139595,0.04060637459998478,1.2439355374715363E-30,
0,1,0.317334167471192,0.6453099217189866,0.03735591080982147,9.761509103413116E-31,
0,1,0.15471813301054832,0.812395441829078,0.0328864251603737,3.118249164379234E-36,
0,1,0.31084094012915275,0.6522053454846707,0.03695371438617646,1.1768041102050465E-30,
0,1,0.1514346808987843,0.816225339957413,0.03233997914380273,3.7353198921864534E-36,
0,1,0.20967065985498717,0.7439915605314752,0.046337779613537446,6.046042965705477E-38,
0,1,0.2221245525487717,0.7305903137073496,0.047285133743878695,7.113781196910155E-36,
0,1,0.21432096142341342,0.7395829259909172,0.046096112585669376,7.344531048489564E-36,
0,1,0.32417019992118573,0.6151373896381289,0.06069241044068529,2.9586128683540787E-31,
0,1,0.39532138008082,0.5599047823883017,0.04477383753087837,1.4439904829602153E-32,
0,1,0.1322080859038275,0.8370050994620696,0.030786814634103075,3.482333319852519E-38,
0,1,0.22903650328733868,0.7277745355832292,0.043188961129432005,1.833113032127088E-31,
0,1,0.2008684451951861,0.7490314900255247,0.050100064779289244,8.52695719037029E-36,
0,1,0.2828504071330325,0.6800155872373744,0.03713400562959306,1.5943631152076646E-32,
0,1,0.14085621474295093,0.8277204643803175,0.03142332087673159,4.630650562122877E-36,
0,0,0.9988533412800303,1.6733869458656576E-6,0.0011449853330238466,1.9426756179771348E-28,
0,1,0.13827666540808525,0.8302136464153942,0.0315096881765204,5.7624179538737503E-36,
0,1,0.19585693605928456,0.7526640619274378,0.051479002013277646,1.4133400939145046E-35,
2,1,0.10653307085200178,0.8352823669917953,0.05818456215620301,1.1170393827443884E-35,
2,1,0.1021349212906597,0.8330051828729022,0.06485989583643811,1.6591890231281207E-35,
0,1,0.11790299868635568,0.8514692122701528,0.03062778904349151,1.2125944627416445E-35,
0,1,0.18615423560287464,0.7721628015006045,0.04168296289652088,6.656721686403451E-31,
0,1,0.25657590520453033,0.7075712204194515,0.03585287437601826,1.1693500878187562E-28,
2,1,0.3253712318818053,0.5558691464240786,0.1187596216941162,2.585335693436465E-29,
0,1,0.17582591607269116,0.7856606609184033,0.03851342300890552,1.3046496448384183E-30,
0,1,0.44948244551925026,0.5487327993960084,0.0017847550847414724,3.672708924619253E-31,
0,1,0.16934609493007108,0.7917864390841872,0.03886746598574165,1.5041373603257117E-30,
0,1,0.34393329930426747,0.6547490884287474,0.00131761226698512,6.843283837382725E-106,
0,1,0.43685150026760294,0.5613803635551797,0.0017681361772173337,5.277534046308755E-31,
0,1,0.15892727224095,0.7661349749815708,0.07493775277747927,1.9603156214601448E-30,
2,1,0.13862822292992452,0.7932110923623773,0.06816068470769811,3.170231728440843E-30,
2,1,0.13707733359497887,0.7925807553913218,0.07034191101369937,3.931512465293491E-30,
2,1,0.13544561808779196,0.7877713923477617,0.07678298956444636,5.194661857339031E-30,
0,1,0.43033557644211706,0.5678651111685653,0.0017993123893175855,1.2361895457683235E-30,
2,1,0.14899929928906988,0.7770374936880092,0.07396320702292088,1.3322965851529594E-28,
2,1,0.13451389970150227,0.7902368200748383,0.07524928022365948,9.005531938689317E-30,
2,1,0.10417386868965864,0.830363736761092,0.06546239454924944,3.936858612592589E-29,
0,1,0.16706357079395293,0.7905365551691994,0.04239987403684769,1.1988844766516447E-28,
2,1,0.024367071290645435,0.9725573336902062,0.0030755950191482507,2.085535618383798E-30,
2,1,0.14894384532721663,0.7742409696428728,0.0768151850299105,1.2377837331976162E-28,
2,1,0.07627993848385041,0.8621561191272654,0.0615639423888842,1.0624439807678011E-29,
2,1,0.16515144273865462,0.7533617474493903,0.08148680981195508,1.6634436274383192E-28,
2,1,0.07516306192788061,0.8640120517132801,0.06082488635883927,1.029272920539006E-29,
2,1,0.15977178651685367,0.761571422507744,0.07865679097540221,1.5476047010628077E-28,
0,1,0.05114760853612619,0.9148685781752985,0.03398381328857512,5.371117762578154E-105,
0,1,0.10938719582036861,0.8495972758888414,0.041015528290790026,8.911195397457846E-104,
0,1,0.004423482192072943,0.9942403365376086,0.0013361812703183858,1.389394730842952E-107,
0,1,0.07338391140941843,0.8683439892561574,0.05827209933442423,1.2856546921248597E-105,
0,1,0.06634069570542821,0.8654454597247876,0.06821384456978422,4.897334396972098E-104,
0,1,0.06705728203273785,0.8916297023060896,0.0413130156611724,2.759617945906769E-104,
0,1,0.02831383831896651,0.9208362841387423,0.05084987754229124,6.490855586726394E-104,
0,1,0.03178862901512682,0.895986318760767,0.07222505222410609,2.1454713956787354E-105,
0,1,0.06986202108645562,0.8561969449825128,0.07394103393103162,8.11356436322672E-104,
0,1,0.09169607654902898,0.8141525231202897,0.09415140033068119,8.797656290466413E-29,
0,1,0.0424453875736961,0.8593496295103922,0.09820498291591168,3.945645351746152E-30,
0,1,0.09322750752366184,0.7921932576253627,0.11457923485097544,2.0946525310238473E-28,
2,1,0.08833808672706922,0.8012302409639346,0.11043167230899618,1.0606154720240063E-28,
2,1,0.0994055357273115,0.8001464083959384,0.10044805587674999,1.0153645784979626E-28,
1,1,0.06542905949166004,0.8861452664512823,0.04842567405705757,3.728253635529666E-102,
2,1,0.1509117435195656,0.7341364009673949,0.11495185551303955,5.287236081636109E-28,
2,1,0.08822882790947557,0.8281176935351645,0.08365347855535987,6.729234939088867E-27,
2,1,0.13253331487757516,0.7711517953516785,0.09631488977074623,1.3842376328126845E-26,
2,1,0.10576582816028264,0.8229688224004795,0.0712653494392378,5.0891640217835015E-27,
2,1,0.0460226374973841,0.8455561150559415,0.10842124744667435,1.8514486959456387E-28,
2,1,0.1044953064863137,0.7815763325450916,0.1139283609685947,7.091132942637308E-27,
2,1,0.11853438077180771,0.7746217717067523,0.1068438475214401,5.067712545845021E-21,
2,1,0.1105805249754682,0.7907202954366309,0.09869917958790088,1.6687987082705638E-102,
2,1,0.10210860592675101,0.7587327305843145,0.13915866348893455,1.042746966829055E-98,
2,1,0.14163582988599796,0.7056412761698667,0.15272289394413527,8.337906207472048E-104,
2,1,0.14151890062014255,0.7073380772503509,0.15114302212950637,8.293597243995978E-104,
2,1,0.10030941355015638,0.8218511061932144,0.07783948025662919,7.687747225386728E-103,
2,1,0.1503225130107358,0.6938918111519735,0.15578567583729078,6.358964518555121E-104,
2,1,0.08671634441771699,0.8450354695581966,0.06824818602408635,2.0203297383387207E-100,
2,1,0.023402669381315536,0.9431303343629535,0.03346699625573093,8.081239006857888E-100,
1,1,0.021100989239858613,0.9560775277371538,0.022821483022987685,6.732299708135822E-97,
1,1,0.027213810030108,0.9437178827569509,0.029068307212941076,9.061529628509186E-96,
1,1,0.08273091855820529,0.8881940911814731,0.029074990260321728,5.364112643128751E-94,
1,1,0.03569696484113975,0.8791003136427231,0.08520272151613723,2.02233215004957E-99,
1,1,0.05071063264739211,0.8429518190311112,0.10633754832149674,1.0754844275288873E-104,
1,1,0.10024029736644272,0.8157762146182418,0.08398348801531559,1.1597678946496613E-97,
1,1,0.030452240473384854,0.8894894681447718,0.08005829138184338,2.240725547477561E-99,
1,1,0.1183343025884677,0.7914302394016172,0.09023545800991513,9.169724891064937E-101,
1,1,0.0990224729038563,0.818442916200841,0.08253461089530272,6.073187401873346E-98,
1,1,0.1410516298296588,0.7545870775768492,0.10436129259349201,5.275142393936715E-103,
1,1,0.1251577989166705,0.7769800098547588,0.09786219122857076,5.295426147964416E-103,
1,1,0.08125669679843679,0.8624063901992927,0.05633691300227054,2.2419682755546287E-91,
1,1,0.08811482961213651,0.8344858689598478,0.07739930142801578,6.184696326512154E-98,
1,1,0.0873784243568394,0.8346316187344681,0.07798995690869245,7.048347689341687E-98,
1,1,0.09221546411500704,0.8415787114195313,0.06620582446546157,7.560650288506129E-98,
1,1,0.09270094000626974,0.8418148850507695,0.06548417494296069,8.236527033671787E-98,
1,1,1.7334423036707157E-10,0.9999203975646186,7.96022620371605E-5,5.470927643463287E-97,
1,1,0.10365822975322918,0.8705222023441725,0.025819567902598227,3.0286890140759323E-87,
1,1,0.10442701191272134,0.8693191599133246,0.026253828173953896,5.0037550876151865E-87,
1,1,0.12652831884060967,0.8443108313362985,0.029160849823092014,8.901540172352564E-90,
1,1,0.12884393945418454,0.8398841775792931,0.03127188296652242,1.3248520239595463E-89,
1,1,0.07639865189686439,0.9055979724481541,0.018003375654981498,2.8712732088228857E-89,
1,1,0.07177693632165201,0.9086056114214869,0.019617452256861068,2.6380407596701352E-89,
1,1,0.028297400902632018,0.9608722161088028,0.010830382988565236,1.0533210647838215E-90,
1,1,0.24954224871738903,0.6951800054907706,0.05527774579184034,4.2475877399520605E-94,
1,1,0.26470923205662916,0.6774111436555936,0.057879624287777105,3.759600664077994E-94,
1,0,0.4810294133219192,0.4540542510808464,0.0649163355972345,3.8278587302099097E-93,
1,0,0.4325231784304776,0.4320727776744199,0.13540404389510258,2.246571226617397E-96,
0,1,0.10403774024679734,0.8737045278409896,0.022257731912213145,1.579920033339504E-88,
0,1,0.10565877471073627,0.8702890520052793,0.02405217328398453,1.993134445563229E-88,
0,1,0.2260035226992952,0.6815446419434305,0.09245183535727432,2.494643166646122E-91,
0,1,0.16344853672326648,0.7694407679736782,0.06711069530305518,1.4072871096379525E-88,
0,1,0.16446601416006884,0.7670441570467671,0.06848982879316395,1.5009531085895607E-88,
0,1,0.16676392404876983,0.7637318204295401,0.06950425552169022,3.253275504058701E-88,
0,1,0.2572144046407048,0.6854679021978348,0.057317693161460445,1.5210938604720818E-90,
0,1,0.24280081197541512,0.7076724818914993,0.04952670613308544,6.23299593078098E-91,
0,0,0.8543928439159029,0.04512243590650725,0.10048472017758979,2.390154829245752E-103,
0,0,0.8170032981096551,0.061418060034467516,0.1215786418558774,5.231006710142634E-103,
0,0,0.8172949860939067,0.05800161690337829,0.12470339700271499,7.796583083853153E-103,
0,0,0.8493243366919064,0.04179797500953577,0.10887768829855782,5.824704652915478E-103,
0,0,0.8459465545596337,0.03989995727807176,0.11415348816229451,8.587621273865396E-103,
0,0,0.8471351648143269,0.037891890030196086,0.11497294515547704,1.210006437518154E-102,
0,0,0.8304661212945387,0.04469247470060115,0.12484140400486034,4.392521157171768E-99,
0,0,0.8301930679501106,0.04182242709181088,0.1279845049580784,6.864195296837818E-99,
0,0,0.8454980644062678,0.00570692155972295,0.14879501403400922,8.311699948343679E-102,
0,1,0.38071584177353185,0.5031746201547597,0.11610953807170847,9.481781485455356E-86,
0,0,0.7141529272856086,0.00663214481165343,0.27921492790273794,2.335196388880399E-98,
0,2,0.26903640594607353,1.2905614288625655E-75,0.7309635940539264,5.614884167968046E-98,
0,0,0.6806076433447891,0.024066919098797435,0.29532543755641355,5.169785370526269E-94,
0,0,0.7367556507087126,0.013637257254457412,0.24960709203683,6.491593850993289E-102,
0,2,0.3884623846562945,0.026808336986185285,0.5847292783575201,5.4307366444693796E-95,
0,2,0.3952787182981629,0.001718732229982146,0.603002549471855,7.52737777449707E-99,
0,2,0.24056241226061253,0.009575426773261429,0.7498621609661261,1.8906685753491047E-95,
0,0,0.5768876514660238,7.605294568182932E-4,0.42235181907715785,9.17245816845336E-93,
0,0,0.6361059570764634,4.6415520505851813E-4,0.363429887718478,9.801472431949875E-101,
0,2,0.353232644275487,4.8178570579442663E-4,0.6462855700187186,4.3004481511489655E-102,
0,2,0.2875230125665844,8.38230281095746E-4,0.71163875715232,6.627846970291101E-94,
0,2,0.0505108543374023,6.979968175710819E-76,0.9494891456625977,4.995491682936817E-95,
2,2,0.0335720299244931,1.0749763672837943E-76,0.966427970075507,1.3355639246941484E-103,
2,2,0.023350843113247775,1.9932236602637823E-76,0.9766491568867522,1.7339553284203092E-96,
2,2,0.022250837409611333,1.778490092868827E-76,0.9777491625903886,3.489540002404558E-96,
2,2,0.21137991075507676,0.0029045940526887487,0.7857154951922345,1.4393784119924864E-94,
2,2,0.00977085299440544,3.929160520166245E-77,0.9902291470055945,7.422016266939079E-96,
0,2,0.06578528766587616,8.30877786017207E-77,0.9342147123341238,1.6674869270001865E-95,
0,0,0.5024015967560632,0.004343565967683159,0.4932548372762536,3.2459082172276516E-95,
0,0,0.9721991735992364,0.01333077233535032,0.014470054065413239,5.77797248037029E-96,
0,0,0.9890936797572772,0.0059820753513496,0.004924244891373208,4.935227131732963E-104,
0,0,0.9627138975862555,0.030607218296605995,0.006678884117138524,1.3905180258149577E-100,
0,0,0.9896423097589785,0.005099534320222763,0.00525815592079881,1.941822500547869E-95,
0,0,0.9907981766703604,0.0023100548489637567,0.006891768480675845,5.636299730614919E-100,
0,0,0.9847473019247678,0.005590144340031485,0.00966255373520067,8.24760524024969E-98,
0,0,0.976226218199736,0.011639673455385535,0.012134108344878373,2.006763331622304E-96,
0,0,0.9846038103976551,0.00584753071705321,0.009548658885291762,7.901015720369135E-98,
0,0,0.9941321237172652,0.0019809676403558384,0.003886908642378877,5.3318085507228214E-104,
0,0,0.9933326853047274,0.002002964134093259,0.004664350561179316,1.7247055524293424E-109,
0,0,0.9920534213740682,0.00253317584812397,0.005413402777808035,2.6820368555344687E-106,
0,0,0.9887804747799968,0.0015019419496178975,0.009717583270385249,6.364646999433078E-106,
0,0,0.640159022123281,0.005013450198665149,0.35482752767805387,3.0620833707717073E-108,
0,2,0.38028449050710106,0.004277373265974083,0.6154381362269249,1.9784229815109878E-100,
0,0,0.5650959001075998,0.011343004523146308,0.4235610953692538,1.6407726791171755E-104,
0,0,0.6152916352409213,0.007153578742002556,0.3775547860170761,5.22130949627919E-99,
0,2,0.022569867571099037,4.541425184208821E-77,0.977430132428901,1.1343196662363257E-98,
0,2,0.02160582905919854,2.9948579650800897E-77,0.9783941709408015,1.0655548575796329E-98,
0,2,0.32289775883478516,1.889350611869903E-5,0.6770833476590961,7.923505814611404E-95,
2,2,0.05968213090066912,4.946047887653073E-5,0.9402684086204544,4.624979400246976E-96,
2,2,0.05432430786275027,3.5078081880023776E-5,0.9456406140553698,7.887243455507425E-96,
2,2,0.0071896008944614545,3.465943614358842E-77,0.9928103991055386,7.897833494387998E-97,
2,2,0.00616900394469982,3.032251282621259E-77,0.9938309960553002,1.598879198505779E-96,
2,2,0.011390016638806679,8.996196526362578E-78,0.9886099833611933,8.632728161921658E-95,
2,2,0.1149764364591224,3.742337830175497E-4,0.88464932975786,2.2812227100224506E-94,
2,2,0.029398208911086535,0.08852362228210947,0.8820781688068041,1.0023544432993443E-83,
2,2,0.006690181570379882,1.752058758171279E-76,0.9933098184296201,3.801280518392977E-82,
2,2,0.010729303005834344,3.4915953076278226E-75,0.9892706969941656,1.2060329846064319E-83,
2,2,0.00939712168954967,3.841650501742258E-75,0.9906028783104502,4.454167812425866E-84,
2,2,0.015613198929446487,6.05958144582094E-75,0.9843868010705535,2.5684006208972844E-83,
2,2,0.006044684495758269,1.6364635706498889E-74,0.9939553155042418,3.834145383920017E-85,
2,2,0.006893145594842596,1.583636820601841E-74,0.9931068544051573,1.63154173655609E-85,
2,2,0.005329427705930729,1.6339085165639242E-74,0.9946705722940693,6.804161939918172E-86,
2,2,0.012043073277595451,6.388489146909655E-75,0.9879569267224045,1.0548439739630052E-83,
0,2,0.005718299573895713,2.74805547978493E-74,0.9942817004261042,1.3180072514210825E-86,
0,2,0.006550253040265066,2.4591571351349226E-74,0.993449746959735,1.1097996504253958E-85,
0,2,0.017819292403870843,2.9239760008877425E-74,0.9821807075961291,4.688712463386789E-82,
0,2,1.711509350773652E-5,2.521221227455827E-149,0.9999828849025372,3.9550745553468545E-12,
0,2,0.032196752980492425,7.223861710123682E-75,0.9678032468534974,1.6601017661195008E-10,
0,2,0.037407470455545974,1.2765158144990354E-74,0.9625925294088993,1.355548262292278E-10,
0,2,0.00898122077223473,6.68644534124469E-75,0.9910187792268988,8.664230569943021E-13,
0,2,0.010722666893035476,8.928034391279839E-75,0.9892773331069646,3.735034136220692E-82,
0,2,0.06869496103401869,0.40089220295051164,0.5304128360154697,2.8936947482591344E-82,
0,2,5.504485104901367E-4,1.7144728265800096E-74,0.99944955148951,7.430170674077964E-86,
0,2,0.03276586808917253,7.701663940838528E-75,0.9672341319108274,3.6677596920924847E-85,
0,2,9.811246525912299E-4,2.9370824125679E-75,0.9990188753474087,2.5089677201063413E-84,
0,2,0.11843502650100966,0.04009019809427773,0.8414747754047126,8.880333167370673E-86,
0,2,8.485838809389803E-5,9.214875459376252E-151,0.999915141611906,3.349071135967626E-97,
2,2,2.852272165953261E-5,2.144870200148975E-149,0.9999714772783405,3.12658979307605E-85,
2,2,0.02318158996510947,1.469343287586567E-75,0.9768184100348906,2.1741175734706598E-85,
2,2,0.02486750095394954,1.2322214589985072E-75,0.9751324990460505,5.879823414823864E-84,
2,2,0.02984959488358175,5.815640138480378E-75,0.9701504051164183,6.74823583420856E-82,
2,2,0.01973522900545615,1.053513275109133E-75,0.9802647709945439,1.760688734867827E-83,
2,2,0.03480330118726547,2.278334496283856E-75,0.9651966988127345,1.1586271439749008E-83,
2,2,0.04260044767406991,3.528126426577122E-75,0.9573995523259301,4.3630377913850845E-83,
2,2,0.26408259171557935,0.025097549393693235,0.7108198588907274,2.1768165494276313E-82,
2,2,0.04030904692329502,1.9496469440084532E-75,0.9596892012788311,1.7517978739606822E-6,
2,2,0.015128299255782244,4.527938833486434E-76,0.9848717005681594,1.7605830543705508E-10,
2,2,0.1717187843504158,0.25263891693081647,0.5756416886857083,6.100330595051608E-7,
2,2,0.1587989028232077,0.22905686630761518,0.6121441269295268,1.0393965042858315E-7,
2,2,0.04255329731368415,4.150850764410695E-75,0.957441280785058,5.421901257911153E-6,
2,2,0.16474935773062385,0.259736130272463,0.5755142158101633,2.961867498908433E-7,
2,2,0.1658697454830069,0.266999152815455,0.567130640701754,4.609997840807694E-7,
2,1,0.1338714588372587,0.5616741856781383,0.30445421050336796,1.4498123497572385E-7,
2,1,0.15041136765796304,0.5584890572550023,0.2910984258172149,1.1492698197496926E-6,
2,1,0.15999719530225204,0.5182987967126857,0.32170316790724984,8.400778123990725E-7,
2,1,0.11876407281253931,0.5704632926308909,0.3107725593990299,7.515753996761534E-8,
2,2,3.9924451212358756E-4,2.688630940348021E-74,0.9996007238976571,3.1590219379944815E-8,
2,2,2.31074672799946E-5,3.417191275495377E-148,0.9999768823282686,1.020445129357696E-8,
2,2,9.346087440265615E-5,4.051082553557484E-87,0.999906060576294,4.785493031725166E-7,
2,2,6.636676566917593E-4,2.647342197315284E-75,0.9993363323433082,2.0766875003153898E-20,
2,2,1.8240181051051136E-4,4.0458016621745876E-74,0.9998175981894895,4.315278962241807E-17,
2,2,3.5617093835475333E-4,3.854784611410996E-74,0.9996438290616451,2.2883388139686194E-16,
2,2,4.033199710585519E-5,3.7326334119295186E-73,0.9999596680028942,1.1719775706122853E-17,
2,2,4.0403671120783966E-5,3.827026194824694E-73,0.9999595963288792,1.3427296142587525E-17,
2,2,3.279914648598941E-5,3.884149551021365E-73,0.999967200853514,9.249529424070935E-19,
2,2,2.929110844553875E-5,3.382649867246137E-73,0.9999707088915545,2.0705140188226637E-19,
2,2,1.838768129567158E-5,3.10238284162716E-73,0.9999816123187043,5.918066338912946E-17,
2,2,0.007956243781957443,6.34343377799309E-75,0.9920437562180424,4.220436764220368E-21,
1,2,0.007421702765029592,7.957994714556392E-74,0.9925782972349705,3.2768575163456905E-22,
2,1,0.03493128395303711,0.9428004033325884,0.02226831271437444,6.820331595494762E-21,
2,1,0.14316313311020346,0.7552754650776851,0.10156140181211136,3.7160230149476814E-19,
2,2,0.013001022249470154,1.7418528734862348E-74,0.9869989777505298,3.0315005722811427E-20,
2,2,0.015057373043980783,1.776366200183853E-74,0.9849426269560193,2.511962489812899E-20,
2,1,0.2612050125921504,0.6222720949493808,0.11652289245846874,3.1405575761293624E-25,
2,2,0.012825445810152561,5.317121313066358E-10,0.9871745536581352,4.0343231474601975E-28,
2,2,0.006794890500583592,5.3571871909244416E-74,0.9932051094994163,8.235389975600009E-23,
2,1,0.27593268508865343,0.6343460288702314,0.08972128604111515,1.230165704104628E-25,
2,1,0.06740086357034519,0.9196788363742507,0.012920300055404064,1.8125499128088304E-18,
1,1,0.325028639983631,0.6744354889659396,5.358710504295513E-4,2.1213177321372072E-32,
1,1,0.49720584929817324,0.5024580962920445,3.360544097822523E-4,4.943855484356498E-17,
1,1,0.35335348126921207,0.6462204859968436,4.260327339442734E-4,2.0084092876933762E-17,
1,1,0.32417534668290715,0.6509549934589071,0.02486965985818567,1.284342803935114E-16,
1,0,0.5283308167591633,0.47122360399603125,4.4557924480524453E-4,1.1800127193950058E-16,
1,1,0.17621677966540217,0.8040691364360214,0.019714083898575818,6.154728402927392E-16,
1,1,0.32792669888914977,0.6446096071105142,0.027463694000335923,3.227848464399107E-17,
1,0,0.6564331625137784,0.3431202522176989,4.4658526852274044E-4,1.6482555720040037E-17,
1,0,0.6629582128106033,0.3365906918869029,4.5109530249384414E-4,1.6422118181878022E-17,
1,1,0.30515091606575484,0.6703743105785785,0.0244747733556665,1.1115553319167754E-16,
1,1,0.30678732309119644,0.6660061693313897,0.02720650757741378,4.434048697544944E-17,
1,1,0.3080696017681684,0.6682727707171617,0.02365762751466977,1.5254852371271952E-16,
1,1,0.17057993914935687,0.8102294149436472,0.01919064590699532,6.164682403050663E-16,
1,1,0.18447765928348697,0.7962170502918196,0.01930529042469283,6.44889774370314E-16,
1,1,0.18452575859248999,0.7961322478140472,0.01934199359346215,6.105507242128263E-16,
1,1,0.30588225059822766,0.6706956593370297,0.023422090064742523,1.669118747628139E-16,
1,1,0.3061726645605415,0.6702549239960283,0.023572411443430127,1.563288982912599E-16,
1,1,0.09655225582042422,0.8887640526260843,0.014683691553491512,5.57336615852204E-21,
1,1,0.19025474667634187,0.7897520834381402,0.019993169885517387,6.462662194322687E-16,
1,1,0.19010340438893736,0.7898374633572212,0.020059132253840792,6.235803209572536E-16,
1,1,0.1847010750512057,0.7955564836373289,0.01974244131146485,6.598143328837693E-16,
1,1,0.171150292603142,0.8073184063151723,0.021531301081685217,6.113356241431118E-16,
1,1,0.18641604882161084,0.7931478348422142,0.020436116336174544,4.58431451795865E-16,
1,1,0.0924506132871463,0.8925030846224132,0.01504630209044049,4.232952888840735E-21,
1,1,0.08868178493816133,0.8971530864405314,0.014165128621307348,7.935686955237553E-21,
1,1,0.08765016739427857,0.896211539715587,0.01613829289013466,1.3356841146184452E-21,
0,1,0.19913033472962388,0.774907750606297,0.025961914664078923,3.8701022966320157E-16,
0,1,0.1915504554280933,0.7862257450188946,0.02222379955301011,1.953521784622034E-15,
0,1,0.2029892924654662,0.7720243338397023,0.024986373694831192,2.7998491550356267E-16,
0,1,0.17528289258846,0.803378470648361,0.021338636763169057,1.0038636735372775E-14,
0,1,0.1779188910270547,0.7976508747484161,0.024430234224528277,8.780395244618515E-16,
2,1,0.08468508321896195,0.897884032794229,0.01743088398680897,4.430429561074846E-20,
2,1,0.09544211586068954,0.8888264577853954,0.01573142635391526,2.4173166914304897E-19,
1,1,0.34017136866649533,0.659515516347644,3.1311498585685375E-4,3.647229755666741E-15,
1,1,0.3387160367369222,0.6609474361890301,3.365270740409238E-4,6.855498463266743E-15,
1,1,0.2868676870493399,0.712795058304882,3.3725464577808063E-4,2.4120374203801004E-21,
1,1,0.13198537191827348,0.8678126976632933,2.019304184332921E-4,2.0688201283521905E-17,
1,1,0.0642048537076525,0.9356211236568357,1.7402263551186066E-4,3.006397897042173E-23,
0,1,0.2533379949273106,0.745868421811743,7.935832609464358E-4,3.8477603716828716E-20,
