1,1,4.674749615594131E-4,0.8088650094744447,0.19066751556399594,
2,2,2.951340226877595E-4,3.203543969681939E-13,0.9997048659769918,
2,2,0.005568778380342319,7.479690633811013E-25,0.9944312216196577,
0,1,0.07977204817405309,0.9202279518259466,4.285284765138395E-16,
0,1,0.0012077875262949942,0.9987922124737051,2.7895923484085967E-17,
2,2,1.5150485869569382E-4,6.899820835924597E-6,0.9998415953204683,
1,1,0.002561413096201865,0.942098031390649,0.055340555513149134,
2,2,7.628872351240454E-6,0.10371741181308987,0.8962749593145588,
2,2,1.6348811040435684E-4,1.5924279518193277E-18,0.9998365118895957,
0,0,0.8054542211796664,1.2719678467314497E-10,0.19454577869313672,
2,2,0.015032020661823936,2.1866792277155766E-20,0.9849679793381761,
1,1,4.5574035031633497E-4,0.9995442596496836,8.044353392351909E-23,
2,2,0.011346855167035716,1.1511962285983355E-8,0.988653133321002,
1,1,6.994276218358182E-4,0.999300572378112,5.2087237163163655E-14,
1,1,8.856271529499244E-5,0.9999114372722023,1.2502652027357385E-11,
1,1,4.912178530281177E-5,0.9999507989477514,7.926694584011359E-8,
0,1,0.011205556006212142,0.9887944439934163,3.7150555148407007E-13,
2,2,2.6940178562599436E-5,4.41906120574996E-5,0.99992886920938,
0,2,2.1067104749333872E-4,7.586889564623029E-21,0.9997893289525067,
1,1,2.565340657474508E-5,0.9999743465934102,1.5045895045122E-14,
1,1,0.0014558403170796504,0.9985441596829201,3.672015772060667E-16,
0,1,0.002851658869128764,0.9971483411308713,1.9049617922271176E-19,
1,1,5.411653247812797E-9,0.9999999945553233,3.30235113645666E-11,
0,2,0.12537532864190992,5.797744174413772E-18,0.87462467135809,
1,1,5.845588933509814E-6,0.8440921390788532,0.1559020153322134,
2,2,0.0028941181252934056,8.042696157841931E-27,0.9971058818747066,
1,2,1.0425473600713691E-8,8.673746217772797E-4,0.9991326149527491,
0,1,2.206790800116999E-5,0.9999779320919988,2.5401177003801872E-23,
0,0,0.9999977683776261,2.2089350328242602E-6,2.268734118878719E-8,
1,1,4.907983209723616E-4,0.5414621635376508,0.45804703814137687,
1,1,3.0303794483052543E-4,0.9996942477360113,2.7143191581747266E-6,
2,2,7.438544071412073E-7,5.495913545502697E-5,0.9999442970101379,
1,1,3.020820655839086E-4,0.9996979179344162,7.506771265786801E-18,
2,2,4.6045170182214665E-5,4.950452271442852E-5,0.9999044503071034,
1,1,5.523551912332175E-10,0.9998914389309548,1.0856051668999128E-4,
2,2,2.3910176888359744E-4,1.3843105797797818E-7,0.9997607598000584,
1,1,1.8294444422230314E-5,0.9999817055555777,5.149624206122947E-19,
2,2,1.283776911319937E-10,0.01813713573961103,0.9818628641320113,
1,1,2.9894463906587107E-4,0.9997010553609337,4.717554648092844E-16,
2,2,3.896964773404996E-7,9.815444194319117E-12,0.9999996102937073,
0,2,0.4628569229928385,5.530379537427687E-8,0.5371430217033661,
2,2,1.2936902763755868E-5,1.336534571448487E-5,0.9999736977515218,
0,2,0.0030220690752823113,8.349740223530443E-24,0.9969779309247176,
1,1,3.217924021044291E-6,0.9999967820759789,3.3875029253288227E-19,
1,1,8.001956362077847E-7,0.9999991245092879,7.529507587537683E-8,
2,2,4.0722227771449625E-8,1.2934917689545904E-4,0.9998706101008767,
1,1,4.0102956250809995E-4,0.9995989704374919,1.0673226925818006E-17,
0,2,0.043220703079298636,1.530905420114564E-16,0.9567792969207012,
0,0,0.5318523007207816,0.4681476992792061,1.2352249426395216E-14,
1,1,4.9547851569142437E-5,0.9999504521484308,1.8261942533354272E-18,
2,1,7.108701952847612E-9,0.9629160119550009,0.03708398093629712,
1,1,0.005264664983977334,0.9947353350160226,4.565307692813663E-22,
1,1,0.0019589697802119737,0.9980410302197881,7.236102214733596E-24,
0,0,0.9979321960105079,3.249658311603485E-9,0.0020678007398338165,
1,1,2.642925368226334E-5,0.9999735707463178,2.657710967484216E-19,
1,2,2.5247330584398663E-8,9.680202346464783E-5,0.9999031727292048,
2,2,1.9682442340884405E-7,0.005441624364577784,0.9945581788109987,
0,0,0.9991989075278256,9.766514956406563E-11,8.010923745092268E-4,
1,2,2.061413272634285E-5,7.233633481471266E-5,0.9999070495324589,
0,0,0.999999244610642,7.413651679545593E-7,1.4024189914521417E-8,
2,2,9.491447204172707E-6,0.06317163014774341,0.9368188784050524,
1,1,4.92024019805474E-5,0.9999507975980194,8.347091879519842E-25,
2,2,2.0226277361928252E-4,1.9357829804319397E-11,0.9997977372070228,
2,2,0.008625637156467435,3.7087395875246326E-21,0.9913743628435326,
2,1,1.1556035742043154E-6,0.8135032411526493,0.18649560324377645,
1,1,0.002574793295165162,0.9974252065880334,1.1680157114689739E-10,
1,1,1.6918913366692406E-4,0.9998308108656346,6.985076865442579E-13,
1,1,1.7238058075964122E-4,0.9998276193881667,3.1073699093350536E-11,
2,2,2.1560858560294905E-4,4.295115967739878E-21,0.999784391414397,
2,2,1.3128351501099932E-5,1.242715838556669E-19,0.999986871648499,
1,1,4.302775878555862E-8,0.9999999490145405,7.957700723291153E-9,
0,0,0.9818609992747915,0.01813900072520824,1.266000456417877E-16,
2,2,3.77390087976411E-7,0.011119603920468143,0.9888800186894439,
2,2,5.894468421240635E-7,1.0335995235427464E-11,0.9999994105428218,
0,0,0.9756627952487398,0.024337202357509375,2.393750825418489E-9,
1,1,6.426868304624118E-4,0.9993573131695377,1.1108246818878883E-25,
0,0,0.9940853052004941,5.297840438139046E-10,0.005914694269721883,
1,1,9.036094115205783E-6,0.9999909631676817,7.382031752355679E-10,
2,2,0.09129208321118454,1.5474214489493815E-10,0.9087079166340734,
0,0,0.7308016097180873,0.26919839025829745,2.361530313748729E-11,
1,1,5.702684784579269E-6,0.999994297004215,3.11000399096938E-10,
1,1,4.0258288814823706E-6,0.9334101855642826,0.06658578860683592,
2,2,1.0606301985491111E-5,1.971682151134616E-16,0.9999893936980142,
1,1,5.645660932981207E-4,0.9994354339067019,1.1710018389871751E-17,
1,1,0.10691745422102755,0.8930825457789725,8.415208427976938E-20,
2,2,3.202823863701636E-4,9.209554959328493E-30,0.9996797176136298,
0,0,0.9955108354978466,1.863533607993558E-4,0.004302811141354042,
2,2,9.416452088803296E-5,0.012480123787962257,0.9874257116911498,
2,2,4.72706760600244E-6,2.5949055916424064E-5,0.9999693238764776,
1,1,0.0022238030716389065,0.9977761969083087,2.005256696814522E-11,
1,1,5.102839865639129E-6,0.9999948324554431,6.470469144700699E-8,
2,2,1.3525434736326154E-4,9.80905971380525E-11,0.9998647455545461,
0,0,0.6886538305627934,7.07849433307938E-10,0.3113461687293573,
2,2,1.0241494212625468E-5,5.5588998056649876E-8,0.9999897029167893,
1,1,0.0010552940024700377,0.9989447059975299,4.346640477537138E-28,
1,1,5.240757465130813E-6,0.9663370722519665,0.03365768699056831,
1,1,2.5556163977866395E-5,0.9999744383419525,5.494069587821651E-9,
0,1,2.276088063051125E-4,0.9997723911936949,5.12849309403639E-21,
1,1,2.032013878013267E-5,0.9996798412137199,2.9983864749996903E-4,
1,1,0.00811720991503161,0.9918827900849684,7.008598824711559E-19,
0,0,0.9947587322810872,2.891552148844806E-7,0.005240978563697922,
1,1,0.0014077331760988666,0.9985922668239011,3.1107852185858257E-21,
1,1,3.818423921917294E-4,0.9996181576077062,1.0204703396913403E-13,
0,2,0.48083540301472,9.317297350276688E-13,0.5191645969843482,
2,2,0.006174170588198766,1.5173089535272246E-20,0.9938258294118013,
0,0,0.9999778218032923,8.358191358271867E-7,2.1342377571940317E-5,
2,2,0.08042896289921415,5.969475318568113E-14,0.9195710371007262,
1,1,4.625697087220695E-6,0.999995373521188,7.817249027932347E-10,
2,2,6.211091207853801E-5,2.977200333679485E-20,0.9999378890879215,
1,1,3.6030694624038034E-4,0.9996395729041815,1.201495781359703E-7,
0,1,0.1464980493728072,0.8535019506270787,1.141864923749221E-13,
1,1,8.59639762521029E-5,0.9999140360237393,8.655565736365181E-15,
2,2,0.004917261451968012,6.990060676395063E-22,0.9950827385480321,
0,0,0.9995291072319556,2.2351121457479954E-11,4.708927456932358E-4,
0,0,0.9999971919003747,2.6861725335182647E-6,1.2192709177982858E-7,
1,1,2.6330860878630817E-9,0.8538623252135205,0.14613767215339352,
0,2,4.264583492262271E-5,2.4656588052372406E-22,0.9999573541650773,
0,0,0.9999174332677385,7.875836991321229E-7,8.177914856242798E-5,
0,2,0.4011824246393586,5.501459152005368E-10,0.5988175748104955,
2,2,3.024293370264054E-7,0.0011954167262916105,0.9988042808443715,
1,1,4.8952472452194076E-8,0.9999990929958226,8.580517050168892E-7,
2,2,0.001477585752195393,1.0810098570430351E-20,0.9985224142478046,
1,1,0.0010683542065434706,0.9989316457934565,2.0993868178514563E-21,
0,1,0.003622293785624036,0.996377706214376,9.301880092855484E-21,
2,2,0.2267859918720593,1.3871518544831484E-13,0.7732140081278019,
1,1,0.01805767380695296,0.9819423261930471,6.274552557007912E-20,
1,1,0.18576082304111408,0.4395127545237735,0.3747264224351125,
0,1,0.011583846919698628,0.9884161530803013,3.6641832632148455E-21,
2,2,1.8245493754440614E-6,4.8680180032244096E-14,0.9999981754505759,
1,1,9.592550855096E-4,0.9990407449144904,4.570407670204166E-17,
0,0,0.9998285213541346,5.450431367102546E-12,1.7147864041486833E-4,
0,0,0.9832906384638196,2.5797868859400202E-8,0.016709335738311668,
2,2,3.275669823317963E-5,3.132441334450691E-22,0.9999672433017669,
0,0,0.9942624601637455,0.005141762082816008,5.95777753438417E-4,
2,2,1.1930960671712326E-4,0.05805709140256791,0.941823598990715,
1,1,1.3457669981505008E-11,0.9990263044609138,9.736955256285673E-4,
2,2,0.015144215611828212,5.844718247954295E-7,0.984855199916347,
0,0,0.965551727639548,2.3450870013468134E-10,0.034448272125943084,
1,1,0.001969787024799337,0.9980302125375061,4.3769460197078716E-10,
1,1,1.974073040116343E-5,0.9999802334141106,2.585548818881529E-8,
1,1,0.004075307316720584,0.9959246926830139,2.6550193341714453E-13,
0,2,0.006898939996012085,1.7849697416946312E-20,0.9931010600039879,
1,1,1.3911449897820673E-4,0.9998608849522664,5.487553523678433E-10,
2,2,9.79310477717945E-7,6.1392361662444526E-6,0.9999928814533561,
1,1,0.011767117628294112,0.9783721039899911,0.009860778381714709,
1,1,2.843098696742114E-4,0.9997156875626398,2.5676859260404888E-9,
2,2,3.52736579451668E-6,1.8609286008852595E-7,0.9999962865413454,
1,1,0.0024206530464525255,0.9975793469535473,1.7356031124608954E-16,
2,2,1.2791999321334531E-5,8.470003100051093E-5,0.9999025079696782,
0,2,0.08841957635640858,2.2153320355951582E-20,0.9115804236435914,
0,2,0.019412358007857334,8.10425025505263E-14,0.9805876419920616,
0,1,0.002224499707181805,0.9977755002928181,5.181100645731431E-22,
0,0,0.9999058015831596,1.3633140673103896E-5,8.056527616729385E-5,
1,1,5.079136551893214E-7,0.9999994920723665,1.3978224135866521E-11,
2,2,0.0011770251798895362,4.042241688610916E-11,0.998822974779688,
1,1,1.8021285716179688E-6,0.527374522681674,0.4726236751897544,
2,1,0.0010448867869680366,0.7902152036832037,0.20873990952982815,
0,0,0.9997518810220166,2.481189268359984E-4,5.11474082366111E-11,
2,2,0.005052697890007098,4.008441264151615E-9,0.9949472981015517,
1,1,0.006792459702263116,0.9932075402977318,5.061496546546008E-15,
2,2,9.241081858090823E-5,5.544064621121918E-14,0.9999075891813637,
2,2,2.3057001489747937E-5,0.006147605256362062,0.9938293377421481,
2,2,2.500374552968235E-7,5.361979386293915E-11,0.999999749908925,
2,2,1.5020101609561018E-5,1.5159637966499546E-14,0.9999849798983753,
0,0,0.6869693501947659,0.3130306498052338,2.5878469895420407E-16,
0,1,0.005685756249597696,0.9943142437504023,7.485232689735467E-18,
0,0,0.9999976072155174,1.3136289964950608E-6,1.0791554861093779E-6,
2,2,1.9289364520789395E-4,3.70172075421501E-4,0.9994369342793706,
2,2,6.679941068397086E-5,3.6778416878357063E-4,0.9995654164205325,
0,0,0.9644014563206181,0.03559854367903619,3.455314636167314E-13,
2,2,1.1476846293065777E-5,1.2217610121524952E-8,0.9999885109360969,
2,2,9.440250744894094E-9,2.3133775942156793E-10,0.9999999903284116,
0,0,0.999985759622901,4.0923194635378685E-7,1.3831145152508264E-5,
0,0,0.9916300542186957,0.005924634420367414,0.002445311360936953,
0,1,4.072907287138051E-5,0.9999592709271286,2.6740819613963722E-17,
0,0,0.9932843196747355,0.006673667542058953,4.2012783205571236E-5,
0,0,0.9959106541932118,0.004089094395540805,2.514112475431719E-7,
0,1,0.02553433850165578,0.9744656614983441,1.5778017829334141E-19,
1,1,8.468394024256371E-5,0.9999153160395235,2.023393252840338E-11,
1,1,2.927082173345395E-4,0.9997072791532008,1.2629464741583719E-8,
0,1,0.028256657244957847,0.9717433427550421,1.6199106782179057E-22,
1,1,3.871188632476276E-5,0.9247787091154016,0.07518257899827367,
1,1,3.0813154185347643E-4,0.9996918684581465,1.9246058720783302E-19,
1,1,0.053755982714477436,0.9462440172855227,1.2001132965982537E-19,
0,0,0.9378843055221163,0.06211569446661908,1.1264530041348632E-11,
2,2,8.253111420418242E-5,5.588778650990376E-12,0.9999174688802069,
2,2,2.1423728601399674E-4,1.1750677445767468E-8,0.9997857509633086,
0,0,0.9840711559743778,3.8097729553512055E-5,0.015890746296068767,
2,1,6.858219168688234E-4,0.7995278065437652,0.19978637153936596,
2,2,0.0021602945621863406,8.799922474997419E-8,0.9978396174385888,
0,0,0.9998743570252485,4.020118875740029E-8,1.2560277356270493E-4,
0,1,0.005473992086183841,0.9945260079138162,6.318283439244484E-22,
0,0,0.9997580048005426,2.351892761667169E-4,6.805923290668697E-6,
0,0,0.6257727885043536,0.3742272114956465,1.3544101362022715E-22,
0,0,0.9986119190368535,0.001388080963145296,1.0676403788822285E-15,
2,2,3.6422543586623E-4,1.9545842219218184E-18,0.9996357745641338,
1,1,8.976208319924401E-4,0.9990920343380086,1.034482999891782E-5,
2,2,2.3620210196049482E-4,9.185748979677091E-6,0.9997546121490598,
2,2,0.015311529745218218,1.0224421394886895E-9,0.9846884692323397,
0,0,0.6931805220068796,0.3068194779931204,2.419675267831726E-17,
2,2,0.001914543573643099,4.902441718956044E-23,0.9980854564263569,
0,2,0.17955659700368148,2.0613435548092026E-16,0.8204434029963183,
1,1,1.3453536297973503E-4,0.9998654646070989,2.992134594133214E-11,
0,2,0.004874667220851081,1.6820975816114382E-20,0.9951253327791488,
2,1,1.9712502304717152E-5,0.8586231473919367,0.14135714010575856,
0,2,0.005085830240878304,8.317881059192227E-23,0.9949141697591217,
0,0,0.9999997936649837,1.2013122405912789E-8,1.943218938022514E-7,
1,1,2.722112350030914E-4,0.9997277887649968,3.23334243050808E-24,
2,2,4.5741310291733236E-4,4.171942106679304E-9,0.9995425827251406,
0,0,0.9958977690173549,6.455232496329371E-14,0.00410223098258056,
1,1,2.3931749420436044E-4,0.9997606600988347,2.240696100018276E-8,
1,1,2.1689448906595742E-5,0.9996489790732418,3.2933147785157356E-4,
1,1,1.3185635373762838E-5,0.9999868129741921,1.3904341251115449E-9,
1,1,1.5519550288357264E-8,0.9999669595302512,3.3024950198492894E-5,
0,1,0.006367385477151625,0.9936326145228471,1.2603963194309215E-15,
1,1,4.6014188450407004E-4,0.9995398581154707,2.5191172500693984E-14,
1,1,3.4901354645470865E-4,0.9996509621414105,2.431213480387038E-8,
0,0,0.9762849663861327,0.02371503343721342,1.7665382219635324E-10,
0,0,0.7857547290527533,4.89527499727393E-13,0.21424527094675708,
1,1,6.608027160599394E-4,0.9993391972839399,5.638317844829902E-17,
1,1,5.072026102765265E-7,0.9999994923871262,4.102636783782147E-10,
1,1,5.319315896772589E-7,0.9999991938278402,2.742405701275786E-7,
1,1,6.038145559673118E-5,0.9999396185444033,2.801703414446698E-21,
1,1,4.105819530745383E-9,0.9999999539761577,4.191802276668785E-8,
2,2,6.116229699799545E-6,0.002825055865289478,0.9971688279050107,
0,0,0.685937667809121,0.3140623307954927,1.3953862758293951E-9,
2,2,2.1193895863699398E-7,0.012982712585877014,0.9870170754751643,
1,1,0.15941783833722611,0.8405821616627674,6.3187034141876114E-15,
1,1,5.291898887807711E-6,0.9999947081010643,4.800430738384273E-14,
2,2,1.1795443626110423E-4,0.0012624458261189739,0.9986195997376199,
2,2,0.3359455236084961,9.380728899186337E-18,0.664054476391504,
0,0,0.8476779434197053,0.15232205658029474,1.3144700407622605E-18,
2,2,3.598531818707795E-8,0.00160456634886689,0.9983953976658149,
2,2,3.5429090785034926E-4,2.5727971928054792E-5,0.9996199811202215,
0,0,0.757251834588222,1.7168850748746615E-13,0.24274816541160635,
1,1,2.867363970344292E-5,0.9999713263602966,5.25460479925088E-18,
1,1,0.0025873958029076823,0.9974126041970923,1.3896829433688256E-21,
2,2,4.195215906119959E-6,9.482185825769863E-20,0.9999958047840939,
2,2,4.0179183338667655E-5,2.1926395382057295E-11,0.999959820794735,
1,1,1.426399996386434E-8,0.9999999115122803,7.422371970602576E-8,
2,2,8.571408391710553E-4,6.1819087399172445E-27,0.999142859160829,
2,2,0.010737736256754577,5.816665124964682E-18,0.9892622637432454,
2,2,1.19706415816813E-6,0.006658756466821586,0.9933400464690203,
0,0,0.9999703946139151,1.198294155705867E-17,2.9605386084807877E-5,
2,2,9.986878175601381E-10,0.03008333306219876,0.9699166659391134,
0,2,0.00722752818984643,1.438732982051309E-16,0.9927724718101534,
0,0,0.9999952091151859,1.367581077848695E-6,3.4233037361574985E-6,
1,1,2.3018125821505625E-4,0.9997695933338253,2.254079596142097E-7,
0,0,0.9999894373067157,9.385329065709852E-10,1.0561754751443607E-5,
1,1,1.1606037295069558E-4,0.9873034514614363,0.012580488165613074,
0,0,0.9298043691953499,0.07019563078330399,2.1346082712568347E-11,
1,1,5.797600190307186E-4,0.999420215194333,2.4786636320757324E-8,
0,1,5.994943440514273E-4,0.9994005056559485,4.373483562768007E-24,
2,2,8.115697800036924E-4,2.3212636938001912E-10,0.9991884299878698,
1,1,0.05086735047774744,0.9491312996222497,1.3499000027653269E-6,
2,2,0.0038123961007856632,7.394945869316776E-16,0.9961876038992137,
0,1,0.10316152410601187,0.8968384758939206,6.747415899322252E-14,
1,1,4.404456083737906E-6,0.9999466855435903,4.891000032596213E-5,
1,1,0.005601288428510575,0.9943987115681282,3.3612080926561614E-12,
1,1,0.0012347487718202279,0.998765251227064,1.115636024503556E-12,
0,1,0.010775703503494362,0.9892242964965057,5.750827621868223E-17,
0,0,0.999784280536911,2.1570304313508354E-4,1.641995387397731E-8,
0,0,0.7870617252179736,1.2299932653864986E-17,0.21293827478202648,
0,1,6.663683744235593E-4,0.9993336316255764,2.9555337480761344E-22,
2,2,1.6525277518684701E-4,1.0961537841761592E-6,0.999833651071029,
0,1,5.357957916150303E-5,0.9999464204206983,1.402893699395749E-13,
0,0,0.8689293244405154,4.513684705663572E-13,0.13107067555903323,
2,2,1.7580156560675775E-5,5.627591709811134E-26,0.9999824198434393,
2,1,5.276205523481211E-4,0.8372297207513255,0.1622426586963264,
2,2,1.9567789952063157E-7,2.6861140725654456E-5,0.9999729431813748,
2,2,0.004390257294505688,6.167335736256094E-20,0.9956097427054943,
2,2,2.9571685156140197E-4,2.5638503476028455E-10,0.9997042828920535,
2,2,2.3697873608740085E-4,2.991007901990625E-23,0.9997630212639126,
1,1,1.666393405873078E-5,0.9999833360659413,2.49449720217203E-19,
1,1,3.741873086752518E-6,0.6650374331400449,0.3349588249868683,
1,1,2.4551500141555707E-6,0.9999974699072175,7.494276840504964E-8,
0,0,0.9989458558178573,0.0010541441395194983,4.262329060180896E-11,
0,1,0.021917104490236126,0.9780828955097639,4.8794032914808516E-21,
2,2,3.8405112019178925E-4,1.000166631181544E-4,0.9995159322166901,
2,2,1.502764910395918E-7,0.005283677934831432,0.9947161717886776,
1,1,0.0014644409638663234,0.9985355590361337,5.657121468542598E-21,
1,1,1.8641229082745704E-4,0.8441935162334264,0.15562007147574608,
1,1,3.162344159045529E-6,0.9999968376557217,1.192538569102074E-13,
0,1,0.027733976972771145,0.9722660230272289,6.470723482991824E-23,
2,2,1.876178710901376E-5,2.6011547698803213E-5,0.9999552266651921,
0,0,0.9981018647383815,0.0018981321102873921,3.1513310942792686E-9,
0,0,0.9998068161631262,9.545514574001027E-7,1.9222928541643198E-4,
0,2,0.032018504233608566,1.477050924841235E-17,0.9679814957663915,
1,1,5.754148147289195E-7,0.9997030241372703,2.964004479149375E-4,
2,2,0.002842829627489969,6.7235752675746715E-19,0.99715717037251,
2,2,1.4314302607184478E-4,9.644111642951047E-22,0.9998568569739281,
0,0,0.7147067833848122,0.2852932161427695,4.724183083190102E-10,
1,1,0.0025932278921155278,0.9974067721078844,2.442840924201139E-22,
1,1,1.8131898899009108E-4,0.99981868101101,2.0282688871365656E-20,
0,0,0.617659093702913,0.38234090629693623,1.5080778201819434E-13,
0,2,0.488444188960003,6.93435645286775E-8,0.5115557416964325,
1,1,2.948714112940877E-7,0.9999982991592195,1.4059693693106946E-6,
1,1,2.986269098009938E-5,0.9999700329402511,1.0436876871891261E-7,
0,0,0.9735495143454005,1.056594410667024E-14,0.026450485654588997,
2,2,0.015078368250286288,2.4025109311378256E-16,0.9849216317497135,
0,1,0.003699494609733127,0.9963005053902669,2.9459671710215343E-22,
2,2,1.1895320241538915E-8,0.48318738078403656,0.5168126073206432,
0,2,0.02575266229819135,2.5311749642714034E-19,0.9742473377018086,
0,0,0.9998179266540704,8.939683691859437E-5,9.26765090110787E-5,
1,1,0.023429049550910446,0.9765709504490896,2.618071597665833E-19,
1,1,0.0015358903001069625,0.998464109699893,9.703013109548288E-20,
1,1,9.75299335569916E-5,0.8120460988365128,0.1878563712299302,
1,1,0.003203612621956927,0.9967963873779876,5.553829745129085E-14,
1,1,1.1074483255489846E-4,0.9998842421426513,5.013024793855835E-6,
2,2,0.026835678106753767,6.105573941346204E-11,0.9731643218321905,
1,2,2.1103480505230361E-7,0.005839908262630575,0.9941598807025643,
1,1,2.675183516676539E-7,0.9999863123485684,1.342013307991637E-5,
2,1,2.118691297135717E-6,0.7665244310876452,0.23347345022105762,
0,0,0.9999867598633972,1.3240071091260088E-5,6.551144919068275E-11,
2,2,0.004051196646828953,2.4824817621783317E-19,0.995948803353171,
0,2,0.005493304986866359,6.132732210552113E-4,0.9938934217920785,
1,1,7.10541540977244E-5,0.9999289458459023,7.882045097787418E-20,
1,1,1.0510057767225212E-5,0.8206694202646639,0.17932006967756883,
2,2,5.38842050834077E-4,0.008703205741094108,0.9907579522080718,
2,2,0.005237292014071788,0.019927806469765046,0.9748349015161631,
2,1,5.097831666415526E-8,0.7968224030055026,0.20317754601618065,
1,1,0.06114003639365741,0.9388599474421284,1.616421410966515E-8,
0,1,0.09585744520361353,0.9041425547963662,2.0271905600941748E-14,
2,2,0.0230261681246356,5.9752000513041454E-12,0.9769738318693891,
0,2,0.019718708041910123,9.110825035490042E-26,0.9802812919580899,
2,2,0.101961615121417,3.3705194566652645E-16,0.8980383848785827,
1,1,0.0012434506733592248,0.9987565493259021,7.386918258204685E-13,
2,2,1.0446832447653581E-4,3.7936732982645634E-23,0.9998955316755235,
1,1,0.008870369437221333,0.9911295787888332,5.1773945391381106E-8,
1,1,8.230856696168841E-6,0.9999917681744246,9.688792879180046E-10,
2,2,0.08733820688540905,2.075659499898075E-17,0.9126617931145911,
2,2,6.807273155809677E-9,2.803955944642788E-5,0.9999719536332804,
1,2,2.2233572195867117E-9,8.046368004249992E-4,0.9991953609762178,
1,1,2.200059825392739E-4,0.9997799940145704,2.8901903925192577E-12,
0,2,0.001266801409856895,1.046326935724274E-22,0.9987331985901431,
2,2,0.0316599169741391,5.969267438552425E-8,0.9683400233331865,
1,1,1.1771065160951114E-5,0.9999882184506568,1.0484182254265713E-8,
1,1,3.086132265260079E-5,0.9999691386773462,1.2156839495402897E-15,
2,2,8.414030597318966E-7,0.0616465793095313,0.938352579287409,
2,2,6.513345857992533E-7,2.599813525093142E-6,0.999996748851889,
0,0,0.9678309327455937,0.03216906725440624,3.703405647118367E-18,
2,2,1.5289131841563305E-4,4.592248116173779E-15,0.9998471086815798,
2,2,6.767541549707532E-5,4.757371367777774E-16,0.9999323245845024,
0,1,0.34761595922672084,0.6523840276313723,1.3141906870989397E-8,
0,0,0.9999995782397325,5.789035209688436E-8,3.638699153629992E-7,
0,0,0.9998336292879605,1.663526954277769E-4,1.80166118037619E-8,
1,1,0.001762093490282942,0.9982379065097169,1.1820382076765517E-16,
2,1,7.767089908983856E-4,0.9294765396544459,0.06974675135465569,
1,1,7.07592060294117E-4,0.9992924079397059,1.7037951343445304E-19,
1,1,3.543766322241011E-4,0.999645623367776,7.364724023334603E-24,
1,1,1.8635598491918464E-6,0.9574791541808301,0.04251898225932077,
2,2,1.8448921031915902E-7,0.3980667583425646,0.6019330571682251,
2,2,4.562667603640727E-8,1.1968334675982231E-7,0.9999998346899772,
0,0,0.8065437315454115,0.193456268454567,2.1578327592084632E-14,
1,1,1.73614268736807E-5,0.9999826385720093,1.1170180811506213E-12,
2,2,4.845782136177761E-4,3.1250687307501476E-19,0.9995154217863822,
2,2,1.040054272064524E-6,4.626985268600824E-10,0.9999989594830294,
1,1,7.0896103312127E-6,0.9965900223273957,0.0034028880622731794,
1,1,3.677547947621342E-5,0.9999621616853547,1.0628351692517795E-6,
1,1,0.09482640274043379,0.9051735972595654,7.122058328587992E-16,
1,1,3.696632867579521E-6,0.9999963033671262,6.199143572508532E-15,
1,1,0.011016341075170414,0.9889836589248295,1.913808361393508E-20,
2,2,2.96786171449827E-4,6.896761613915575E-15,0.9997032138285432,
2,2,1.22578495180531E-5,4.7674254593461E-18,0.999987742150482,
2,2,3.852585302811343E-6,0.02739484229818382,0.9726013051165133,
0,1,0.05108495861680463,0.9489150413831946,7.521743311432152E-16,
2,2,0.039160906003549455,1.1619401319121694E-25,0.9608390939964505,
1,1,1.0002681627353997E-7,0.9999998999731838,1.1471952640858174E-24,
0,0,0.9999311851777705,1.3971140466967109E-9,6.881342511558258E-5,
1,2,1.3887438403900969E-8,0.0567238022022292,0.9432761839103324,
2,2,0.015042715664521044,4.4519449035237675E-13,0.9849572843350337,
0,0,0.9992956429899948,2.582124298458246E-7,7.040987975752579E-4,
2,2,0.024116210276298133,1.2040735735774866E-20,0.9758837897237019,
1,1,0.004376361111882127,0.9956236388881178,7.414344511489516E-21,
2,2,1.734004039763246E-6,1.3294795560153578E-12,0.9999982659946308,
1,1,0.004762544785909087,0.9952374552140903,4.979945157305008E-16,
2,2,5.536910501068813E-5,6.709958487827682E-20,0.9999446308949892,
1,1,0.007811907818964711,0.9921880921493064,3.172883492714796E-11,
0,1,0.02384264077772194,0.9761573592222781,5.158043896784288E-20,
1,1,1.0199454746597437E-4,0.9998980053537208,9.881323650384948E-11,
1,1,8.347363495207733E-4,0.9991652636504792,1.4493047543578101E-21,
0,2,0.04804488950061307,9.871451781989934E-16,0.9519551104993859,
1,1,8.416649557282906E-6,0.999991583349716,7.266093178802673E-13,
1,1,0.0025613028512897216,0.9974386968878272,2.6088310525695927E-10,
1,1,0.0032568713048065513,0.9967431286951933,1.9380877246088786E-25,
0,2,0.4806988295068346,5.548634563281619E-12,0.5193011704876168,
1,1,0.3682075463436896,0.6317924536563104,1.1844898360718286E-19,
0,0,0.9997739125904247,1.9955881820667455E-4,2.652859136863932E-5,
0,0,0.9998844866705257,1.1459485280542627E-4,9.184766689140222E-7,
2,1,2.900477113232284E-8,0.975455307809885,0.02454466318534397,
2,2,0.0013845843341511337,1.622115918015061E-17,0.9986154156658489,
2,2,1.5065115679025546E-5,2.4874040601949802E-6,0.9999824474802609,
0,0,0.998894701046133,0.001105298953866631,3.389339083699032E-16,
1,1,3.0733458735056015E-4,0.9996925529284394,1.1248421002083623E-7,
1,1,1.2487501009409034E-4,0.9995961098443781,2.790151455278079E-4,
1,1,5.047417305175095E-5,0.999948997899331,5.27927617253188E-7,
0,0,0.9147289318690063,0.08527106813097406,1.9772741313217405E-14,
2,2,8.480313143636785E-5,1.033658116085408E-8,0.9999151865319824,
1,1,4.254172281756283E-4,0.9995745827672358,4.5886411466466215E-12,
0,0,0.9999872297902711,1.2762435632273302E-5,7.774096570510632E-9,
0,2,0.013593602398975052,9.90725965592427E-22,0.986406397601025,
1,1,0.007095460262988834,0.992904539736995,1.6150032470354358E-14,
1,1,3.2965992633107483E-6,0.9999967031852839,2.1545285007486064E-10,
0,0,0.8779607067744085,0.12203929322557512,1.645935915693302E-14,
0,0,0.9973710342127754,2.617052780809705E-6,0.0026263487344436484,
1,1,5.300630432709351E-4,0.9983720746997171,0.0010978622570120124,
1,1,1.3000675918034124E-7,0.9998759355929636,1.2393440027720287E-4,
2,1,4.048676241409399E-5,0.9974179571377401,0.0025415560998458446,
0,2,4.062624760508858E-5,5.231604906821787E-18,0.9999593737523949,
0,2,0.47067566717538223,4.936127758200984E-12,0.5293243328196817,
2,2,9.512668273230832E-5,2.5622932744573952E-18,0.9999048733172676,
0,2,0.08462104724881771,5.764589760693412E-20,0.9153789527511823,
2,2,0.13176138837874632,0.03455322834543047,0.8336853832758232,
1,1,0.004690224273917378,0.9953035802569273,6.195469155238017E-6,
1,1,1.1516733387555674E-5,0.9999829189908017,5.56427581073965E-6,
1,1,1.80650495826138E-5,0.994548417817095,0.00543351713332234,
2,2,2.6881987626301063E-5,6.942880207076352E-4,0.9992788299916661,
2,2,8.392398032750994E-6,2.926314089535722E-14,0.9999916076019381,
2,2,2.1040413740854042E-5,9.839177649982609E-9,0.9999789497470815,
1,1,4.974733624646815E-7,0.9999982506205296,1.2519061078225366E-6,
2,2,9.533691592407332E-10,0.40523961276213655,0.5947603862844943,
1,1,6.931828433329941E-4,0.7807665642717824,0.2185402528848848,
2,2,0.0014126619128561953,1.678844214020675E-17,0.9985873380871438,
0,1,0.029941279450914366,0.9700587205490857,1.2436959670127548E-17,
2,2,2.0449819718306475E-4,1.2226811338759047E-8,0.9997954895760055,
0,0,0.9996679559541317,2.338195546408194E-13,3.3204404563449015E-4,
0,1,1.1657841688124329E-4,0.9998834215831187,2.5265325670577996E-21,
1,1,2.1119807673049473E-5,0.9999788801823611,9.965819692006267E-12,
0,1,0.1577489050263355,0.8422510932686286,1.7050359806512232E-9,
0,0,0.99999537123713,2.840138017657316E-7,4.344749068322985E-6,
2,1,3.1510654477941444E-7,0.9873794490477319,0.012620235845723374,
0,1,0.038689741099446465,0.9613102589005535,6.937809083654026E-24,
2,2,0.026237337501727687,0.0016233691386167526,0.9721392933596557,
1,1,9.978990829417943E-4,0.9990021009170582,3.2739737593949708E-24,
2,2,7.628504270873632E-4,1.5412058810522516E-13,0.9992371495727586,
2,2,3.187043461989019E-4,4.411197026112954E-20,0.9996812956538011,
2,2,2.6511581041495717E-5,3.972066421637314E-21,0.9999734884189585,
1,1,1.4950455572443577E-5,0.9999505238964258,3.4525648001864426E-5,
2,2,3.3587982035014044E-4,4.0144901254765973E-17,0.9996641201796498,
2,2,5.7862774350981654E-5,2.42506056126988E-9,0.9999421348005885,
0,1,0.034042857072767295,0.9659571429272328,8.195095202767313E-26,
1,2,1.8719590097580657E-5,0.055870290724320766,0.9441109896855816,
0,0,0.8748180983689497,0.12518187099831996,3.0632730327145274E-8,
1,1,5.1719080251696185E-6,0.998832505803098,0.0011623222888768306,
1,1,0.003032385140415654,0.9969676146628351,1.967492393767755E-10,
0,2,0.03253978955369418,4.604929012179554E-19,0.9674602104463058,
2,2,8.091430818838939E-4,0.0029808213492955008,0.9962100355688206,
1,2,3.6237282120278424E-7,0.1037196734866125,0.8962799641405663,
2,2,5.04059946427727E-7,1.5552917427282954E-9,0.9999994943847618,
1,1,4.3120885071606595E-5,0.999956879108032,6.8964331546803544E-12,
0,0,0.7401321490670713,0.2598678509308391,2.0897403406271916E-12,
0,2,0.09288149189400066,2.3392591561716435E-20,0.9071185081059993,
2,2,0.011951273671277518,3.3428065135990314E-13,0.9880487263283881,
2,2,2.350711907682127E-10,0.04300259975427729,0.9569974000106515,
2,2,0.00292587903293326,2.7985697295434487E-6,0.9970713223973371,
1,1,0.00689355898164239,0.9931064410133051,5.052427889815768E-12,
0,1,0.0022266164470596452,0.9977733835529404,6.2918790898673645E-22,
1,1,4.531283497794313E-4,0.9995468716502135,7.0805604218250415E-15,
2,2,2.9024942341781065E-4,5.584959194145331E-7,0.9997091920806629,
0,1,0.34970464309154287,0.6502953568882434,2.021379365435823E-11,
1,1,7.13227536139637E-5,0.9999286758128632,1.4335227871236207E-9,
0,0,0.8483293149037746,0.1516706850389139,5.73116081792464E-11,
0,0,0.8380685722618616,0.16193142773458924,3.549226331103036E-12,
0,2,5.83894340531936E-5,3.4032833306903713E-18,0.9999416105659468,
2,2,1.478020678501398E-4,3.0786646795898693E-9,0.9998521948534852,
1,1,3.582897903652705E-5,0.9999641710209635,1.1016849503355125E-20,
1,1,7.427633044310066E-5,0.9959562958105728,0.003969427858984133,
1,1,4.505046417036947E-5,0.9999542110813671,7.384544625932164E-7,
1,1,1.5618366481888609E-7,0.9999998437764651,3.98700413514568E-11,
0,1,0.004266612434687062,0.9957332338656306,1.5369968230935135E-7,
0,2,0.30150439701265774,1.206079554248664E-20,0.6984956029873424,
0,1,0.001201753858743847,0.9987982461412561,5.367135063400505E-18,
2,2,1.3691613354177423E-5,3.0534900592232763E-10,0.9999863080812968,
2,2,0.010327713802683582,4.55177609318792E-19,0.9896722861973164,
0,0,0.9999799587395922,3.3688353096970574E-7,1.9704376876683032E-5,
1,1,8.124747395356015E-6,0.9996659186239812,3.259566286232531E-4,
1,1,5.363311123431576E-6,0.9663917289441567,0.03360290774471986,
0,0,0.852760138736517,0.14723986126340408,7.907302418263394E-14,
1,1,3.351500575356548E-5,0.999966483741622,1.252624344784801E-9,
0,0,0.9882709751374208,0.011729024862461686,1.1741659866540212E-13,
0,0,0.9992763161257533,7.235831248405101E-4,1.0074940611022126E-7,
2,2,0.001482451157173398,1.7594833301631611E-9,0.9985175470833434,
1,1,0.23009484115840273,0.7699051588415968,4.557466334869446E-16,
1,1,0.002219957634236841,0.9977800423657632,4.866182172965583E-18,
2,2,0.00211357997298231,0.043290908951344416,0.9545955110756733,
0,1,0.2196449014045056,0.7803550963355333,2.2599610427178944E-9,
2,2,0.03864824719094069,1.3165931347157311E-14,0.9613517528090462,
1,1,4.081677854295369E-5,0.9999591832214572,6.767146046681233E-23,
0,0,0.9998404056798202,1.595942466642326E-4,7.351551568206002E-11,
1,1,8.673530654163208E-6,0.9912857053632614,0.008705621106084383,
0,2,0.42815217849721127,4.3909447886619307E-13,0.5718478215023496,
2,2,4.359291905397748E-4,3.9150049145997595E-21,0.9995640708094602,
0,1,0.3070819438324443,0.6929180561675549,9.052515549575725E-16,
1,1,0.002126767741084536,0.9978732322589156,1.6950107619818853E-19,
2,2,0.001685084790278164,3.8391969180959384E-13,0.9983149152093379,
1,1,2.82309762387772E-5,0.9999717690210211,2.7400177419227855E-12,
1,1,2.065442674696614E-4,0.9997927837348024,6.719977279954361E-7,
2,2,4.536617728951236E-4,1.0133990005300519E-7,0.9995462368872048,
1,1,0.0011749289828506362,0.9979838202288172,8.41250788332248E-4,
2,2,0.0014305269291263756,1.792424623491189E-9,0.998569471278449,
0,0,0.9999806605855706,6.014189578231615E-8,1.9279272533785388E-5,
1,1,1.5846278111440494E-5,0.9999841527947061,9.271825952985653E-10,
1,1,9.974026687735485E-6,0.9999897966217822,2.2935152995101893E-7,
1,1,3.203092534331217E-4,0.9996771339941423,2.5567524246617115E-6,
0,1,0.03502759815134355,0.9649724018486564,3.915674467694033E-23,
2,2,1.3727644776440683E-4,7.362780147092461E-6,0.9998553607720885,
2,2,0.002852123607853395,1.2854673122979694E-11,0.9971478763792919,
0,0,0.999881151601556,1.1884754649103127E-4,8.519529606884451E-10,
0,1,0.03066875014829354,0.9693312498517064,1.4249550067525012E-20,
2,2,0.2745162170068409,0.011281190187923885,0.7142025928052351,
2,2,4.54350544643744E-5,1.2867968978971404E-7,0.9999544362658459,
0,0,0.7569206860398867,0.24307931395413776,5.975470108313752E-12,
2,2,0.030009923455838708,1.4008657987229656E-23,0.9699900765441613,
2,2,1.615657973475846E-4,2.674526047301823E-16,0.9998384342026522,
1,1,8.425392908078195E-5,0.9999157460643653,6.55407936196716E-12,
1,1,0.002274505907686588,0.9976719465674667,5.354752484655547E-5,
2,2,0.005051641204652871,0.0050613875737055385,0.9898869712216417,
0,1,0.3357062097936367,0.6642937896306162,5.757470239098388E-10,
2,2,0.007900163678096336,1.7180650782769062E-11,0.992099836304723,
0,0,0.9892897242331254,0.010709352473534583,9.2329333992832E-7,
0,0,0.7691743414372822,2.9256485536015002E-8,0.23082562930623232,
0,0,0.9990176730380766,9.823268452463358E-4,1.166769202631681E-10,
0,0,0.9838396552975665,1.500566819459783E-9,0.016160343201866743,
0,1,0.014288636153138193,0.9857113638468619,9.318385934163774E-22,
2,1,3.0583572157674024E-5,0.842840729047757,0.15712868738008537,
2,2,0.008654699103760493,6.702248850937649E-17,0.9913453008962395,
2,2,5.1657744217827525E-6,0.0017372849127891001,0.9982575493127891,
1,1,4.4850162067621726E-5,0.9999546642883002,4.85549632218877E-7,
1,1,0.0012096713603520395,0.998790328639648,3.1011505922722216E-22,
0,1,0.00641723453511051,0.9935827654648894,3.3078425884770463E-25,
1,1,3.8079967831139543E-7,0.9996070436520142,3.9257554830738066E-4,
0,2,0.0592461124179759,2.4517007068355555E-16,0.9407538875820238,
2,2,2.1523946696022963E-6,1.4183137984330652E-6,0.999996429291532,
2,1,6.12938622625527E-4,0.9902162234239181,0.009170837953456424,
2,2,0.002080856871625481,1.0569264982065212E-15,0.9979191431283735,
2,2,2.0879470093845628E-8,0.23991082014467927,0.7600891589758507,
1,1,1.4134073317038649E-5,0.999983186812903,2.6791137799684903E-6,
0,0,0.9998761003946622,2.0434633533390088E-6,1.2185614198444157E-4,
1,1,2.435873281539824E-9,0.9964164041787015,0.003583593385425263,
2,2,0.012303554041164533,1.334395964098736E-4,0.9875630063624256,
1,2,1.4717126892096248E-6,0.03214469585469724,0.9678538324326136,
0,0,0.9795495448134832,1.1641777421506412E-6,0.020449291008774597,
0,1,0.09800465632673665,0.9019953436732617,1.6317338467623812E-15,
2,2,9.094507039166333E-5,1.266905864176971E-28,0.9999090549296082,
1,1,1.7201235251340086E-5,0.9999827987308831,3.3865575923569714E-11,
2,2,0.001024425736724007,1.1779534516323123E-12,0.9989755742620979,
0,0,0.9999585602602891,6.257640748313331E-7,4.081397563611687E-5,
2,2,0.0506784002081114,5.377547486276339E-18,0.9493215997918886,
0,0,0.9980799438038421,2.866684202617703E-7,0.001919769527737563,
2,2,1.5076485701965572E-4,0.030813579417205694,0.9690356557257747,
0,0,0.6047022732086091,2.2061577015286233E-16,0.3952977267913907,
1,0,0.6604506003177352,0.33954939968226494,3.356839933666348E-18,
0,0,0.8262855811940054,1.3185904897334379E-6,0.1737131002155048,
1,1,5.06381681795562E-7,0.9999990790792915,4.145390265350421E-7,
2,2,2.2470360232375644E-7,1.25377654880904E-4,0.9998743976415168,
0,1,0.00915192432085068,0.9908480756791493,2.344063256716931E-17,
1,2,1.5208727258891403E-4,0.24917626159915468,0.7506716511282564,
2,2,9.554744747562345E-6,2.889925814335521E-13,0.9999904452549635,
1,1,6.043445195847749E-9,0.9999945950780831,5.398878471660969E-6,
1,2,1.5415878873568036E-5,0.14589873444188953,0.854085849679237,
0,1,0.0064499521632903475,0.9935500478367087,9.150477947338436E-16,
0,2,1.1539773933449816E-4,4.98128181011754E-26,0.9998846022606656,
1,1,2.1273297236168925E-4,0.9997872646811056,2.3465326814144033E-9,
1,1,3.2635325740748904E-5,0.9999673646204706,5.378868588418741E-11,
1,1,2.0081674441138103E-5,0.9999799180468021,2.7875672577288134E-10,
2,2,4.421848788453912E-8,7.52359797892465E-18,0.9999999557815121,
1,1,6.278804568653219E-4,0.9993721195431343,4.079001825469574E-16,
0,1,0.14597525384429136,0.8540247458311462,3.245623400913381E-10,
0,2,0.0014759655868528585,1.2852288107420826E-22,0.9985240344131472,
1,1,3.467937666572735E-4,0.9996508461973046,2.360036038278131E-6,
2,2,3.261354915251913E-4,4.229655016067366E-25,0.9996738645084748,
1,1,5.795240516160958E-4,0.9994204759483839,5.585665857005566E-27,
1,1,0.03906123765803307,0.9609387623419667,8.383087413830312E-17,
2,2,6.195563955508043E-6,3.6207417696586525E-10,0.9999938040739703,
0,0,0.9712991076230134,0.02870088105501076,1.132197573098935E-8,
2,2,0.002106786669951172,4.52201923792344E-6,0.9978886913108108,
1,2,9.806705275567448E-8,0.0972518386434764,0.9027480632894709,
0,0,0.98726229990402,1.597944737603359E-10,0.012737699936185433,
0,2,0.028003863843841594,9.422841783198355E-21,0.9719961361561584,
1,0,0.873326580055499,0.12667341994450096,1.1257044630651715E-18,
2,2,0.006756761717763913,0.0016768688531572373,0.9915663694290789,
1,1,7.498900085332117E-5,0.9999250109991467,5.0555152428276874E-20,
0,0,0.998063375952456,6.238825869005588E-8,0.0019365616592852317,
1,1,1.2817821259166381E-4,0.9995472664636523,3.2455532375596217E-4,
1,1,2.6388866206538986E-4,0.9997361113241859,1.3748630290128467E-11,
0,0,0.9441889321103354,1.2703850298381658E-11,0.05581106787696077,
0,0,0.8669072733148532,5.549940530063931E-11,0.13309272662964738,
0,2,0.0014804832939541092,6.954732331657022E-20,0.9985195167060459,
1,1,1.1247123378444596E-6,0.9999988736356079,1.6520543394860067E-9,
1,1,1.264187094188971E-6,0.9999987345365029,1.2764027498992656E-9,
0,1,0.3894456878113104,0.6105543121886292,6.043521967607494E-14,
1,1,0.0032460886077767554,0.9967539113922206,2.8018507724558035E-15,
2,2,2.530193422239069E-7,5.001189835746966E-8,0.9999996969687595,
1,1,0.0010580923984363497,0.9989419076015638,5.019476665211288E-19,
0,0,0.998391510186042,4.652899501590223E-11,0.0016084897674289826,
0,2,0.34846466612001603,1.7423514825519652E-10,0.6515353337057488,
0,0,0.9999951147930147,4.740758868345492E-7,4.411131098313396E-6,
1,1,3.133789745452819E-5,0.9999686620991097,3.4356632057763793E-12,
0,1,0.24803794349508596,0.7519620565049139,1.7102496561406894E-16,
