3,3,2.3578985097921182E-4,0.00531933690656416,0.05959684301247777,0.6124875660368793,0.25222921356902755,0.07013117082573112,7.97983407387337E-8,
2,2,2.4546752409123127E-4,0.16545881009784924,0.7891583073735229,0.029657406872234733,0.00535198895116282,0.010128019172646207,8.49268189752883E-12,
2,2,2.4546752409123127E-4,0.16545881009784924,0.7891583073735229,0.029657406872234733,0.00535198895116282,0.010128019172646207,8.49268189752883E-12,
4,4,3.478226288136435E-5,0.002711449735683802,0.00923033002311651,0.24034273662853592,0.5841084105983684,0.1576799547917004,0.0058923359597135355,
3,4,3.918921439549751E-5,0.003206167109216151,0.008345344338882444,0.2656469057909312,0.5977831560486521,0.1248534369501292,1.2580054779344634E-4,
2,2,5.812969177814949E-4,0.0011215132826352203,0.5877087433904675,0.4019879409118078,0.007770804978644109,8.297005180534869E-4,6.103961479834389E-13,
3,2,5.051912423597516E-4,0.006108607592992341,0.5835665061271624,0.3772390569270093,0.030109657035589696,0.002470980912437308,1.6244913940163503E-10,
3,3,3.2168760946820374E-4,0.01205862643031524,0.1856470720705164,0.5020027758268241,0.2506682045576237,0.04912684960485964,1.7478390039271275E-4,
3,3,3.2168760946820374E-4,0.01205862643031524,0.1856470720705164,0.5020027758268241,0.2506682045576237,0.04912684960485964,1.7478390039271275E-4,
3,2,5.051912423597516E-4,0.006108607592992341,0.5835665061271624,0.3772390569270093,0.030109657035589696,0.002470980912437308,1.6244913940163503E-10,
2,2,7.460329234264097E-5,0.002637550488547145,0.7439287660871612,0.23873789257167768,0.013986963027725202,6.342245024950979E-4,3.005093185187526E-11,
2,2,7.460329234264097E-5,0.002637550488547145,0.7439287660871612,0.23873789257167768,0.013986963027725202,6.342245024950979E-4,3.005093185187526E-11,
2,2,0.006148589092289714,0.16825090557263978,0.37588976561005827,0.36114745005168297,0.08824045950544591,3.228301676094307E-4,2.739286955386503E-13,
2,3,0.006180886424173016,0.1662008583745907,0.36643038478534024,0.37248869810620217,0.08837108553561376,3.2808677376844575E-4,3.1168865644884327E-13,
4,3,1.1664768003455866E-4,0.004406900368492754,0.16512623593134862,0.6601781558102211,0.14988359421571726,0.02028845189770494,1.4096480652807323E-8,
2,3,3.183571838622632E-5,0.02878536774503055,0.380878769138429,0.5165230896502239,0.07082840140089744,0.00295253626082385,8.620904607666933E-11,
2,2,1.1118153283217621E-7,0.004447824411094776,0.8412459937692365,0.15429667947506892,7.834362948295543E-6,1.5568001185975505E-6,1.7487954984379465E-16,
2,2,6.522697349201641E-8,0.004965751134852092,0.8336755059700328,0.1613505003536452,6.73873543508457E-6,1.4385790610442988E-6,1.923436482796465E-16,
3,4,5.296856085990392E-5,0.007847438040708567,0.05511001226149264,0.3118623252637678,0.5414056496780452,0.08335154134787644,3.700648472495303E-4,
3,4,3.99441591627684E-4,0.02615122107494022,0.052327611445778514,0.3371058885226918,0.45214702001837026,0.1315376422978545,3.311750487370982E-4,
2,2,1.4029292142713374E-5,0.05767078173423324,0.4517242626577482,0.4169434160707706,0.06441029313405493,0.009237169599942443,4.7511107839508666E-8,
2,3,1.678702427067593E-4,0.013357653468548038,0.3179923311241297,0.5723003465926209,0.09388078987020382,0.0023010086722331517,2.9557745944529634E-11,
4,4,7.407191785318149E-4,0.008486216703765688,0.008639604920686876,0.3296414389871356,0.5185279007053042,0.13380099419532482,1.631253092510653E-4,
3,3,0.0025893322876812887,0.08565759081961412,0.2941058444186585,0.5029010474695186,0.10736695027900366,0.007276427285366341,1.0280744015761783E-4,
3,2,7.423221849019129E-5,0.006534740016900372,0.5638384204272432,0.39225139508840917,0.03486106421122138,0.002440144870974532,3.1667610698463226E-9,
4,4,1.2864729254949916E-4,0.004719891691357472,0.005831500085367118,0.12380908485902804,0.6390195652522377,0.19455145519106912,0.03193985562839105,
2,1,1.2434556055431246E-4,0.687722846089122,0.3022702564435703,0.009739080559027608,1.3949896085786113E-4,3.972386867913899E-6,1.7122549830693506E-19,
3,2,0.008222350191871737,0.016011588256783137,0.9685080450389014,0.007258016512443685,4.0134591359755756E-74,4.995233138923637E-75,2.717606317440834E-79,
4,4,1.2864729254949916E-4,0.004719891691357472,0.005831500085367118,0.12380908485902804,0.6390195652522377,0.19455145519106912,0.03193985562839105,
3,2,3.670918808026553E-4,0.004101795480430704,0.5562007492149309,0.4189738096960147,0.01771515984953984,0.002641393877689176,5.920430131854031E-13,
3,3,1.2336466118510563E-4,0.00664287056475698,0.46125179129661403,0.4826498349071215,0.04757540183823572,0.0017567336235879713,3.1084987429559638E-9,
2,4,1.0295086182044833E-4,0.01682501026951808,0.06834191081061441,0.3361717134114986,0.5246559667678891,0.05387713147366266,2.5316404996763955E-5,
3,2,5.167090607783719E-4,0.016040884195300704,0.5310729476617041,0.37327097489826017,0.0664640173149671,0.012634466864167908,4.821772120236879E-12,
3,3,2.0709740697503085E-4,0.004640432148832565,0.46478451281360667,0.48674373120766457,0.03796399333552517,0.0056602330509418165,3.6454209624728494E-11,
3,2,3.670918808026553E-4,0.004101795480430704,0.5562007492149309,0.4189738096960147,0.01771515984953984,0.002641393877689176,5.920430131854031E-13,
2,2,4.768556594491186E-5,0.007302965913014494,0.6568931947648875,0.326736145321006,0.00818929723540624,8.307111994611984E-4,2.796291638970555E-13,
3,3,0.0011270703435681526,0.0072104934117737975,0.4679248989893698,0.4942632898954477,0.02668353684397996,0.0027907105049504765,1.0910222196117258E-11,
2,2,2.5858021700810415E-4,0.008828624605326805,0.6888862557798944,0.30086148692755904,0.0011649154901519285,1.369800599459541E-7,3.403963517433535E-21,
3,4,2.11202034547591E-4,0.0024748467030787443,0.0019052664085890728,0.13508818074288093,0.7999853515404696,0.06029915272245365,3.599984798068255E-5,
3,4,2.11202034547591E-4,0.0024748467030787443,0.0019052664085890728,0.13508818074288093,0.7999853515404696,0.06029915272245365,3.599984798068255E-5,
3,2,8.547683120286815E-5,5.737731138335347E-4,0.8655866237657734,0.13367491257162248,7.915165358085555E-5,6.206398679383354E-8,6.177076002126822E-22,
3,3,9.367136286900558E-4,0.13256911578537786,0.18566385852966444,0.44327850327331536,0.2069225169295871,0.0306102383042835,1.9053549081635508E-5,
2,2,1.990479990413886E-4,0.011339884347588296,0.5573978926698979,0.4294953575679694,0.0015649797845306397,2.837630972358955E-6,8.093276055312963E-21,
3,2,8.547683120286815E-5,5.737731138335347E-4,0.8655866237657734,0.13367491257162248,7.915165358085555E-5,6.206398679383354E-8,6.177076002126822E-22,
1,2,1.3301481912287566E-4,0.010173519729478692,0.6512103938591625,0.31984441614142867,0.01821237929346939,4.262758698580125E-4,2.874800751060384E-10,
1,2,1.3301481912287566E-4,0.010173519729478692,0.6512103938591625,0.31984441614142867,0.01821237929346939,4.262758698580125E-4,2.874800751060384E-10,
2,3,3.233131734063096E-5,0.00644868276883473,0.0972786523473321,0.49842049432326596,0.3158626662137696,0.08195641491740434,7.58112052522818E-7,
2,3,0.002383709607797547,0.05438770527229473,0.2924014334860029,0.5226080742187027,0.12113121780031764,0.00704318482777999,4.4674787104419856E-5,
2,2,1.0720027234731757E-4,8.273082650746449E-4,0.5960663294580302,0.3863603016622799,0.015845424396968146,7.934355581034745E-4,3.8719615594818183E-10,
2,2,1.0720027234731757E-4,8.273082650746449E-4,0.5960663294580302,0.3863603016622799,0.015845424396968146,7.934355581034745E-4,3.8719615594818183E-10,
3,4,5.236038854222321E-5,0.0016536613535936798,0.01466450817164354,0.3141331837071348,0.49882508457443936,0.17057656767810453,9.463412654194739E-5,
2,2,1.0720027234731757E-4,8.273082650746449E-4,0.5960663294580302,0.3863603016622799,0.015845424396968146,7.934355581034745E-4,3.8719615594818183E-10,
2,3,1.3004072377995727E-4,0.007653804982332088,0.376460767785864,0.4841258980580205,0.11138361171721625,0.02024586318538607,1.3547401122222645E-8,
1,2,0.002174714214304674,0.12433035703767886,0.4615890185857062,0.32585713512965286,0.0810495821147204,0.004986525440641834,1.2667477295070113E-5,
1,2,0.002174714214304674,0.12433035703767886,0.4615890185857062,0.32585713512965286,0.0810495821147204,0.004986525440641834,1.2667477295070113E-5,
3,2,7.548763993050163E-4,0.018097434338367725,0.5039085846520406,0.4500398740830625,0.025634023971501534,0.0015652059231819975,6.325407478393845E-10,
3,2,4.68633384638332E-4,0.005858826902495246,0.7414483998806574,0.24455553039554037,0.007251395200414363,4.1721423621348015E-4,4.095171364142018E-14,
3,2,6.402864798010273E-4,0.004880751121669084,0.6054717658410591,0.3658288818159206,0.018691195420350745,0.004487119310037167,1.1162217719493266E-11,
4,4,3.0392052488630497E-5,2.599521132208727E-4,2.4348456229894807E-4,0.0422772417010765,0.49509177150039024,0.3094848409881936,0.1526123170823312,
3,3,6.64457443266716E-5,0.0033189702886467745,0.4200936459870881,0.5106212882123343,0.05695714517429288,0.00894249870698486,5.886326436426516E-9,
2,3,6.692358879851142E-5,0.027908872499312887,0.441146701080234,0.5214140150600387,0.009234507412300596,2.2898032807915701E-4,3.123612294376436E-11,
3,3,1.1279526602332524E-4,0.005359826459480846,0.4773577590559812,0.4806429895657729,0.030483378358970775,0.006043251192748662,1.0102225104849821E-10,
3,2,4.6084498146524124E-4,0.0029269454011539063,0.7218178658641551,0.27403434445394387,7.207042808051983E-4,3.92950184766851E-5,1.6154339779280123E-17,
3,4,3.252827353314911E-4,0.029542593910888648,0.05615209398928604,0.32015363175072237,0.4969360370563449,0.09688363370923984,6.726848186641098E-6,
2,4,3.9690607849254784E-4,0.03203817353945812,0.2212944876532473,0.3558102106875798,0.35638044973200594,0.034057561747778346,2.22105614378278E-5,
4,4,3.5988764286433446E-5,3.366541050477846E-4,2.93550432473068E-4,0.051607847014199404,0.5369999752431296,0.3084477591295937,0.10227822531127008,
4,4,0.007668492193328458,0.02717635266838668,0.00410140057836044,0.2030290345987241,0.7259174920891776,0.03210721050690792,1.7365114980173894E-8,
3,3,8.01614886760315E-5,0.009521904598472854,0.099554056550127,0.42241003113858316,0.388191574777744,0.08023452563833458,7.74580806234409E-6,
3,2,0.0052748579594610575,0.021063379851001544,0.9354921005873568,0.03633156747144409,0.0011166008496679182,7.21493281068672E-4,7.175679941028168E-17,
4,4,0.007668492193328458,0.02717635266838668,0.00410140057836044,0.2030290345987241,0.7259174920891776,0.03210721050690792,1.7365114980173894E-8,
2,2,1.2619518463754384E-4,0.003569588811655881,0.6480474321175349,0.34593543990639813,0.0016826747428762914,6.386692366562459E-4,2.4083838238810216E-13,
2,2,2.1928430199433938E-4,0.007124440958849611,0.844940947296781,0.14328002819579685,0.004231256279822861,2.04042966454453E-4,3.007125101475734E-13,
4,4,1.762170310545766E-5,5.619592065564164E-4,8.862424622902644E-4,0.09787136268107874,0.6384954777297187,0.2552699377670059,0.006897398450244613,
5,2,0.002469386265899734,0.03468631081174742,0.8676985085961106,0.09514579218931028,2.136931918345026E-9,3.2309150354145163E-75,9.91843493298388E-80,
2,3,3.327589292128023E-4,0.004673010178599588,0.01645513407498855,0.5387424031884409,0.391610168800973,0.04818602896854424,4.958592409547212E-7,
2,2,2.1928430199433938E-4,0.007124440958849611,0.844940947296781,0.14328002819579685,0.004231256279822861,2.04042966454453E-4,3.007125101475734E-13,
5,2,0.002469386265899734,0.03468631081174742,0.8676985085961106,0.09514579218931028,2.136931918345026E-9,3.2309150354145163E-75,9.91843493298388E-80,
4,4,1.762170310545766E-5,5.619592065564164E-4,8.862424622902644E-4,0.09787136268107874,0.6384954777297187,0.2552699377670059,0.006897398450244613,
3,4,5.578178491274227E-5,0.00785353013852527,0.04565351422380708,0.2961541802250026,0.5309582891454177,0.11870791139286936,6.167930894651933E-4,
3,4,5.0896437335785033E-5,0.009031594066127913,0.050849886798381635,0.3138454455864229,0.5050622385204921,0.1209822129738346,1.777256174050612E-4,
2,2,3.1644367165743966E-5,0.01826571392194741,0.8489649551203887,0.1264842566043918,0.005257741974384845,9.956879797717794E-4,3.194981895424994E-11,
3,3,4.282456569896016E-5,0.015376302950451694,0.11462850917716255,0.6690780078590943,0.12022971948849048,0.0806424803028241,2.1556562780515796E-6,
1,2,0.002686152534213726,0.31156428960009613,0.6548781003208707,0.023261197098703598,0.005844468218391722,0.0017657922276385577,8.552624802513694E-14,
1,2,0.002686152534213726,0.31156428960009613,0.6548781003208707,0.023261197098703598,0.005844468218391722,0.0017657922276385577,8.552624802513694E-14,
2,3,1.3658690593947736E-4,0.002721157888709288,0.14032676334178448,0.581534444946859,0.22825926673436406,0.04702069345883825,1.0867235053874853E-6,
4,4,9.42921053113344E-5,0.008875715287274924,0.030136917982854595,0.24839775188455437,0.6284464225401248,0.08377976504835877,2.69135151521189E-4,
3,3,0.0025090178678437566,0.04841875443437064,0.22627014159772982,0.5855848790695393,0.12824330802866027,0.008945100280089888,2.879872176640198E-5,
3,2,1.2648168951233973E-4,0.003619361986528433,0.7251729957811275,0.2572870038826588,0.013355265126717041,4.38891320805212E-4,2.1265073938143713E-10,
3,2,1.7543911404063474E-5,0.017766360542688334,0.45427505989002304,0.4538453511737791,0.059899088787686766,0.014193153391300025,3.442303118640002E-6,
3,2,1.7543911404063474E-5,0.017766360542688334,0.45427505989002304,0.4538453511737791,0.059899088787686766,0.014193153391300025,3.442303118640002E-6,
2,3,5.4815987939848096E-5,0.026914199938428304,0.09007057863430859,0.4307562954417832,0.3730701511700237,0.07780049840756247,0.0013334604199539823,
2,3,0.0023570090028372176,0.015033829389945599,0.3907373606638694,0.5459105969353321,0.0417326658600102,0.004227194623803195,1.3435242023134E-6,
3,3,0.0025090178678437566,0.04841875443437064,0.22627014159772982,0.5855848790695393,0.12824330802866027,0.008945100280089888,2.879872176640198E-5,
2,3,0.002332858201316002,0.028853951189890276,0.34841694680299956,0.5516595331247783,0.06398519968678704,0.004738217209378239,1.3293784850487164E-5,
3,2,1.2648168951233973E-4,0.003619361986528433,0.7251729957811275,0.2572870038826588,0.013355265126717041,4.38891320805212E-4,2.1265073938143713E-10,
3,4,5.3919643977952015E-5,0.0042912671227594784,0.017569597164528356,0.17305419231820857,0.5949654166319464,0.1833429598240807,0.026722647294498622,
3,4,5.457597835640589E-5,0.0058145152455666696,0.013973985983530527,0.2976251552755818,0.5693564795122241,0.11307849940771889,9.67885970214657E-5,
2,2,9.981435048014315E-4,0.09865460971753662,0.7018768310531726,0.12914969044799768,0.04672223286658079,0.022598491848173922,5.617372214671177E-10,
2,2,2.2654280257679382E-5,0.03963438962011684,0.49231584090321107,0.40896306498481594,0.054330802573264794,0.0047332386707498375,8.967583826767724E-9,
3,2,3.3975138977502444E-4,0.0041745819132703015,0.5172090989041452,0.4579726850696291,0.016935485349045407,0.0033683973682073092,5.927725057332896E-12,
2,2,1.587264857238359E-4,8.3291775240284E-4,0.6287630495005245,0.36800042922429055,0.0021864526180264566,5.84244190313214E-5,3.595939757288197E-16,
2,2,2.2654280257679382E-5,0.03963438962011684,0.49231584090321107,0.40896306498481594,0.054330802573264794,0.0047332386707498375,8.967583826767724E-9,
3,2,3.3975138977502444E-4,0.0041745819132703015,0.5172090989041452,0.4579726850696291,0.016935485349045407,0.0033683973682073092,5.927725057332896E-12,
2,2,1.8770233999383827E-4,0.032062787201572296,0.7632580727880593,0.19334905716340356,0.0105445858296459,5.977913605969747E-4,3.3167282089717666E-9,
4,4,2.1185033020827026E-4,0.0020885420973737585,0.005373100730172153,0.3184696821716042,0.5013448955882434,0.17251182684879063,1.0223360758877283E-7,
4,4,3.148468423497322E-4,0.002321300050818322,0.007414992479429982,0.4112149291704129,0.4289435754707462,0.14979020040759683,1.5557864593117805E-7,
4,4,2.1185033020827026E-4,0.0020885420973737585,0.005373100730172153,0.3184696821716042,0.5013448955882434,0.17251182684879063,1.0223360758877283E-7,
2,2,9.504088867033113E-6,0.002689458048740799,0.7143657037315748,0.2824484527570021,4.435782286258884E-4,4.3303145064037167E-5,1.2536390934039932E-13,
4,4,3.148468423497322E-4,0.002321300050818322,0.007414992479429982,0.4112149291704129,0.4289435754707462,0.14979020040759683,1.5557864593117805E-7,
4,4,2.1185033020827026E-4,0.0020885420973737585,0.005373100730172153,0.3184696821716042,0.5013448955882434,0.17251182684879063,1.0223360758877283E-7,
2,2,1.0958139276870035E-5,0.06890749250253406,0.5420811720793818,0.3888847857293045,1.1545727257682838E-4,1.342769262357605E-7,1.2052394539636845E-18,
3,4,4.764966165553865E-4,0.019627705072838612,0.031601402657280786,0.2252665325022581,0.6526344299744106,0.06955030703917774,8.431261374788567E-4,
2,2,5.237026486820579E-5,0.008052809203325578,0.5364002620459831,0.40374495795053167,0.05010113886962198,0.001648461231252349,4.344171952185512E-10,
3,4,4.764966165553865E-4,0.019627705072838612,0.031601402657280786,0.2252665325022581,0.6526344299744106,0.06955030703917774,8.431261374788567E-4,
2,2,1.0958139276870035E-5,0.06890749250253406,0.5420811720793818,0.3888847857293045,1.1545727257682838E-4,1.342769262357605E-7,1.2052394539636845E-18,
3,3,2.595454768046125E-4,0.07076576776569478,0.25271933347593495,0.3690289381790998,0.27189003669814416,0.03533637741657598,9.877458119817773E-10,
2,2,3.5165196964721205E-4,0.00165091619150453,0.9336476510519465,0.06424343588278375,9.888780913028642E-5,7.457094987655001E-6,6.486458279648635E-22,
4,4,2.2061444624068213E-4,0.0019146756168730442,4.987451868431008E-4,0.09753492886678679,0.7825147215722218,0.1076562092321181,0.009660105078916494,
2,4,2.4842105625393347E-5,9.736559107596408E-4,0.0034812409021469353,0.14264872568818707,0.5596063357703009,0.22680166306884825,0.06646353655413188,
3,2,3.8414260054661165E-4,0.004254503058267123,0.5461893772576702,0.418794239853583,0.025991601092919196,0.004386136117594575,1.9419300383561765E-11,
3,3,4.180272133615756E-5,0.00861013757313168,0.11707255354539257,0.490013761041836,0.3279459507893684,0.05617448350868714,1.4131082024809223E-4,
2,4,2.4842105625393347E-5,9.736559107596408E-4,0.0034812409021469353,0.14264872568818707,0.5596063357703009,0.22680166306884825,0.06646353655413188,
3,4,4.606151819899287E-5,3.3761645855160776E-4,1.3068120098543305E-4,0.03320479024311989,0.6833532145985476,0.2763427411385003,0.006584894842096161,
2,4,0.0015036818161691906,0.11098273241325379,0.108207550962171,0.37097023714329286,0.37246038039359025,0.035873576373823615,1.840897699253316E-6,
2,3,1.751368107659795E-4,0.013607560990166601,0.3850692357770924,0.41133138956626486,0.15834704486129883,0.031469447830420244,1.8416399098520916E-7,
2,3,3.819729250164657E-4,0.006471519583064572,0.19855201062062072,0.6176140470196559,0.1352974370222389,0.04168065677657407,2.356052829339818E-6,
3,2,0.0031178866523566347,0.002209383235522225,0.8260279930778524,0.16761276908796616,9.246667786579921E-4,1.0730116760613941E-4,3.844010068700936E-14,
2,2,0.0017445440275694153,0.002336898499515274,0.7594874093847388,0.23399950627812774,0.0019787303246729957,4.529114853654789E-4,1.0407196689811705E-14,
2,2,4.098928800795738E-4,0.003185681509939319,0.5445346999686819,0.42503946531462067,0.022022762644737317,0.0048074976000754615,8.186577057499215E-11,
4,4,1.8831804113179272E-4,2.852970517129592E-4,6.628173700433001E-5,0.06268020457061621,0.5252065587933997,0.13325934815898619,0.2783139916471487,
3,2,0.013308902964060431,0.02485374653063615,0.9604048843646864,0.0014324661406170298,1.465710834034358E-73,2.7536699084000125E-74,1.1119048386793718E-77,
2,2,2.1011946233366293E-4,9.103437656450954E-4,0.6220834797566336,0.3705774558416779,0.0060067537809439155,2.1184739070677445E-4,2.0590897613725118E-12,
4,2,2.173946185593148E-4,0.0070597500010104565,0.6661455368833026,0.32059749094561063,0.00596475050944605,1.5077042070998652E-5,3.472906171863224E-18,
4,2,2.173946185593148E-4,0.0070597500010104565,0.6661455368833026,0.32059749094561063,0.00596475050944605,1.5077042070998652E-5,3.472906171863224E-18,
4,2,2.173946185593148E-4,0.0070597500010104565,0.6661455368833026,0.32059749094561063,0.00596475050944605,1.5077042070998652E-5,3.472906171863224E-18,
4,2,2.173946185593148E-4,0.0070597500010104565,0.6661455368833026,0.32059749094561063,0.00596475050944605,1.5077042070998652E-5,3.472906171863224E-18,
4,2,2.173946185593148E-4,0.0070597500010104565,0.6661455368833026,0.32059749094561063,0.00596475050944605,1.5077042070998652E-5,3.472906171863224E-18,
4,2,2.173946185593148E-4,0.0070597500010104565,0.6661455368833026,0.32059749094561063,0.00596475050944605,1.5077042070998652E-5,3.472906171863224E-18,
3,3,5.707855678094776E-4,0.09521255374167578,0.16750270929451738,0.416716163905842,0.26831415900766475,0.051682548413535846,1.080068954759676E-6,
4,2,2.173946185593148E-4,0.0070597500010104565,0.6661455368833026,0.32059749094561063,0.00596475050944605,1.5077042070998652E-5,3.472906171863224E-18,
1,1,1.5018650851906165E-4,0.738420205039565,0.2585327765940333,0.002822816337065383,6.538028406628135E-5,8.635236750954075E-6,1.6177042280589114E-21,
3,3,9.117712913691237E-5,0.0041851571604126616,0.3003060091150916,0.5801654780634891,0.10195459638209313,0.013297576629173528,5.520603129365865E-9,
4,3,2.8420080403427365E-4,0.015973951973713655,0.0650661198808068,0.6257939560282829,0.28377097290077,0.009110795580163996,2.832228396597219E-9,
2,4,6.28809892539509E-5,0.0056107633338636775,0.03424154772913528,0.26765224890895284,0.5528487821668114,0.1383934619065363,0.0011903149654465674,
2,3,9.679050089153506E-5,0.0027734524534078096,0.14280296495351527,0.6021781858383245,0.21409803844429376,0.0380500269355343,5.408740327858443E-7,
4,4,0.0011986961917234884,0.006635559847681535,7.792133782960267E-7,0.006411295488934576,0.5089014246954303,0.4768522021400718,4.2422780217809015E-8,
2,1,0.007921965169701992,0.41349993147350006,0.28505207872887645,0.09650092166019404,0.10884658087826245,0.08817833260624656,1.894832185215082E-7,
2,3,3.470706009286944E-4,0.0200605615364694,0.20224870912718385,0.6092270521053793,0.1544905268527772,0.013626079662827225,1.1443421170790077E-10,
3,4,1.1605303244899974E-4,4.5876561086288364E-4,6.534263469857889E-4,0.12311603193289847,0.6787236909303773,0.19221961800078086,0.004712414145645629,
2,3,3.470706009286944E-4,0.0200605615364694,0.20224870912718385,0.6092270521053793,0.1544905268527772,0.013626079662827225,1.1443421170790077E-10,
3,2,3.390423354249188E-4,0.0011262916820244928,0.6724747733467089,0.3179590084417314,0.00708018866488694,0.001020695485598157,4.3625187171181773E-11,
4,4,3.9606578414447496E-5,0.0010117600750204588,0.00107830408820292,0.1303700621755502,0.6347214654169692,0.2327782055231358,5.961427070030345E-7,
2,2,4.414338220098245E-4,0.001098172443241758,0.6043563217672188,0.3847333342480965,0.007950280327758942,0.0014204571397861032,2.518880333162062E-10,
3,4,1.1605303244899974E-4,4.5876561086288364E-4,6.534263469857889E-4,0.12311603193289847,0.6787236909303773,0.19221961800078086,0.004712414145645629,
4,4,4.3399448274500875E-5,0.0015983701617326412,0.0030409537204556685,0.12238954949192186,0.618778337642816,0.18096160691915086,0.07318778261564841,
4,4,4.3399448274500875E-5,0.0015983701617326412,0.0030409537204556685,0.12238954949192186,0.618778337642816,0.18096160691915086,0.07318778261564841,
3,4,0.02490503309207157,0.032181715924385845,0.0031155302009400346,0.18662582220578375,0.6999760823612887,0.05317545768417217,2.035853135801167E-5,
3,4,9.716461835542349E-5,0.007037009613099574,0.02882676629558744,0.37068580488552494,0.5093339575922549,0.08372882152035815,2.904754748197635E-4,
3,3,0.0040219723688193765,0.0168024528138306,0.2870450153895794,0.6451743057707023,0.04218437893292392,0.004771814719354032,6.00047903397723E-8,
3,3,8.23762371715075E-4,0.005228750479947486,0.298381198419331,0.6263167353310354,0.06131386266369114,0.007935688515298397,2.218981568014987E-9,
3,4,0.02490503309207157,0.032181715924385845,0.0031155302009400346,0.18662582220578375,0.6999760823612887,0.05317545768417217,2.035853135801167E-5,
2,3,7.825512838451198E-5,0.004441017103221147,0.36779025513608865,0.5953841392289807,0.03063175450337104,0.0016745788935331718,6.42085707119986E-12,
2,2,5.587211838254353E-4,0.004052489817804559,0.6375565019846291,0.34244427689708884,0.012460691960435798,0.0029273181536787966,2.537528258521122E-12,
4,4,4.3399448274500875E-5,0.0015983701617326412,0.0030409537204556685,0.12238954949192186,0.618778337642816,0.18096160691915086,0.07318778261564841,
2,2,5.713839822434603E-5,0.013360878720969529,0.67546205001755,0.2898666842299852,0.01979719192466436,0.00145605594620872,7.623978645374967E-10,
2,4,1.655110080132958E-4,0.0014868493438397062,5.531625790403811E-4,0.08978324769969187,0.6496517148568006,0.14918788688810758,0.10917162762450648,
4,3,8.723099810661071E-5,0.0023358171058761334,0.10380653134685766,0.64927773086619,0.20804095988608154,0.03645139275006597,3.3704682199608107E-7,
4,3,8.723099810661071E-5,0.0023358171058761334,0.10380653134685766,0.64927773086619,0.20804095988608154,0.03645139275006597,3.3704682199608107E-7,
4,3,8.723099810661071E-5,0.0023358171058761334,0.10380653134685766,0.64927773086619,0.20804095988608154,0.03645139275006597,3.3704682199608107E-7,
4,4,4.8522564261129785E-5,0.00208997655375643,0.011086781384888573,0.2468306808132361,0.5145576881619838,0.20560918004771903,0.01977717047415491,
3,2,1.8893100337226607E-4,0.01919610430018187,0.5788403877717813,0.3655819633056941,0.03578114931455499,4.1146430162381994E-4,2.7917432569024505E-12,
2,2,1.1947244243460668E-4,3.2092980025166904E-4,0.7870370911335933,0.20808233422765565,0.004234214812896682,2.059575760089946E-4,7.159270578706902E-12,
2,2,5.713839822434603E-5,0.013360878720969529,0.67546205001755,0.2898666842299852,0.01979719192466436,0.00145605594620872,7.623978645374967E-10,
4,4,4.8522564261129785E-5,0.00208997655375643,0.011086781384888573,0.2468306808132361,0.5145576881619838,0.20560918004771903,0.01977717047415491,
4,3,8.723099810661071E-5,0.0023358171058761334,0.10380653134685766,0.64927773086619,0.20804095988608154,0.03645139275006597,3.3704682199608107E-7,
2,4,1.655110080132958E-4,0.0014868493438397062,5.531625790403811E-4,0.08978324769969187,0.6496517148568006,0.14918788688810758,0.10917162762450648,
2,2,0.04703715724224679,0.038074078872849325,0.5519490308098278,0.36022273490801693,0.0018027951421693098,9.142027537386256E-4,2.711510620871363E-10,
4,4,8.323564896821108E-5,0.007477455172134979,0.03349024104425777,0.3661777548556932,0.482252961899172,0.10806094272774679,0.0024574086520270043,
4,4,6.236600229895201E-5,0.006858720797934343,0.027842586951025018,0.3409826863658915,0.4774353255484247,0.1443838441935427,0.0024344701408827362,
3,3,2.5366199258587506E-4,0.006740413289018856,0.2670246683239652,0.6477646022358515,0.06647994043354431,0.011736713685021159,4.0012998705843735E-11,
2,1,7.049140723001438E-4,0.8383412938331181,0.14701673806967616,0.012254621139114075,1.3594518179730472E-4,0.0015464877039939688,1.7083950593664726E-19,
3,4,7.618379856308405E-4,0.06902603608977231,0.08904769315264811,0.1470087693093563,0.412835260781656,0.27752261756913005,0.0037977851118063902,
4,4,2.666181980741641E-4,0.0030734963284854795,0.005486585936099054,0.2348107613811036,0.5554237066011563,0.055252384440052024,0.1456864471150295,
2,2,4.1070630586289664E-4,0.002208673239425972,0.9575588038022935,0.03975851721062641,6.24635720312427E-5,8.358697600546475E-7,1.6778717286613491E-21,
2,2,8.522955999413588E-5,0.0032405423870923177,0.5411965429517492,0.40890703327956346,0.042107360735119295,0.004463281252102953,9.834378424915117E-9,
2,3,3.846296182516378E-5,0.058789237511522915,0.3717776546233816,0.569254196499944,1.374720485453201E-4,2.9763547810675875E-6,2.6803232913716745E-21,
3,4,0.0016797473210297283,0.0033075019590110503,2.8779821395629097E-4,0.16407553418924942,0.8091342997843537,0.021514864048088878,2.5448431096125746E-7,
2,2,8.522955999413588E-5,0.0032405423870923177,0.5411965429517492,0.40890703327956346,0.042107360735119295,0.004463281252102953,9.834378424915117E-9,
2,3,3.846296182516378E-5,0.058789237511522915,0.3717776546233816,0.569254196499944,1.374720485453201E-4,2.9763547810675875E-6,2.6803232913716745E-21,
3,4,8.576044860525947E-5,0.0011263455754811024,0.0011129635412278397,0.12304536139326717,0.6240333655748304,0.23236717217406005,0.018229031292528165,
3,4,0.004648677571323872,0.023638170097187633,0.006089964167053035,0.3021803015923088,0.5781426129962196,0.08521949873565884,8.07748402481104E-5,
3,4,8.078189272152241E-5,0.0012866540080713276,8.868693976861599E-4,0.09694786993036586,0.758922655461404,0.13693756868882664,0.00493760062092439,
2,3,2.2175066465860072E-4,0.0016540199810811005,0.3159973581732604,0.5995918270455504,0.06498655152857598,0.017548480359817223,1.2247056263532232E-8,
2,3,9.671128584422429E-4,0.09026525687775812,0.10694578306899563,0.6747848679809078,0.1267231418913239,3.138373223006328E-4,2.7178919358527083E-13,
2,3,1.9526035938382077E-4,0.03705243800907627,0.3020881488156346,0.4903379080602775,0.15338985678433523,0.01693276464437576,3.623326916585733E-6,
3,2,0.0022789828978117123,0.009433875692792948,0.9295439630791459,0.058743177628751045,7.01498400791822E-10,4.2956881565874764E-76,2.6214385821777308E-82,
4,4,5.2577849320782515E-5,0.009023616999140354,0.07325481006672047,0.38150486389879906,0.4461934387726634,0.08996966451974207,1.0278936139623372E-6,
4,4,0.0014527209707135638,0.025553477871328,0.0016735255789928313,0.17806437175902032,0.7687290535755519,0.024526850064003257,1.8039019904028184E-10,
2,3,6.11408809671996E-5,0.008335144041680079,0.0882735951865943,0.3996757787058874,0.3828997991224499,0.12074632766720915,8.214395212046577E-6,
3,3,7.793241334916551E-5,0.003555634151345984,0.32874738471746945,0.6127333731543844,0.05318149252766757,0.001704182456097847,5.79685514824231E-10,
3,2,0.0022789828978117123,0.009433875692792948,0.9295439630791459,0.058743177628751045,7.01498400791822E-10,4.2956881565874764E-76,2.6214385821777308E-82,
2,2,1.9249767371788435E-4,0.011205420241340674,0.5760927043236381,0.3969855080010313,0.015403692362561193,1.2017739764485809E-4,6.601771277599355E-14,
2,1,0.0026820848382568194,0.8921312003387605,0.10470737273126565,3.8688519427298475E-4,7.158645276589387E-5,2.0870444678111795E-5,4.102179669093692E-23,
4,4,4.3558935851502773E-4,1.9146715610949535E-4,3.758872839805829E-5,0.047364829009545535,0.8477032123309763,0.10227624062054079,0.0019910727959148757,
2,2,9.014572218051222E-5,0.0035921208297912018,0.5687101560036366,0.3791662650308423,0.04466761933263731,0.003773688260068067,4.820843852119442E-9,
2,2,0.1476142182225775,0.01611336005250662,0.8128548824748358,0.0234173832799273,1.558881220279407E-7,8.203074527917901E-11,2.0949022253936527E-93,
2,3,7.557947654502112E-4,0.008695147088013899,0.2485894214364806,0.680517720573711,0.048116712769190904,0.013325203337206735,2.99468006703572E-11,
1,3,2.9612821711735333E-4,0.00865117610887988,0.11233342893299098,0.6941488889349232,0.16173244819773266,0.02283792957927792,2.9078045452046072E-11,
4,4,4.825088079531751E-5,0.0018241009361418233,0.004022467515589575,0.2647772861432509,0.5796750894935699,0.14965181374249423,9.912881582164E-7,
4,3,2.9602094268860494E-4,0.0033513271364225667,0.2213531776993704,0.7351781554007775,0.03573059579934775,0.0040907229922615765,2.913158881313451E-11,
3,4,5.98031473765478E-5,3.713680774064783E-4,1.0414475454646544E-4,0.03221694081646221,0.6792521640518676,0.2840587094529813,0.003936869699359483,
3,2,1.6700438077161633E-4,0.0138166651122169,0.5876354334103594,0.38020607164348486,0.018077768454437423,9.705699867789639E-5,5.2007916755136004E-14,
3,4,8.597816508440118E-5,0.0022993348625852377,0.014197732175140747,0.3098830233526456,0.5049514012351144,0.16857254797693777,9.982232491651907E-6,
3,4,7.413538301125096E-5,0.0022406559777274223,0.009906543709887337,0.22396316383433956,0.6927125365365514,0.07110109430486458,1.8702536186192126E-6,
5,4,0.0010767578890820495,0.027071119306512303,0.013835161240164472,0.22541261299158963,0.6882417992628691,0.04436229249894109,2.568108414170112E-7,
4,4,2.7476879739003514E-5,1.3928525008837474E-4,7.619061933184937E-5,0.035582286425932086,0.5520659839516993,0.29783125376870995,0.11427752310449948,
2,2,0.0018170159972672871,0.08733070778838588,0.5849306981647058,0.2822261461732711,0.04061821932792957,0.0030768368671752998,3.7568126516101484E-7,
4,5,2.3112789706804586E-5,2.5966397772270158E-5,4.280239651942193E-6,0.009264767052942002,0.380587068737249,0.3980282003263599,0.21206660445631823,
4,4,3.608732889564909E-5,0.004371549612588675,0.0069915848875490684,0.16706545118983324,0.6266047886933196,0.19489444306019657,3.609522761722288E-5,
3,1,0.2747556090992285,0.7014757266131709,4.390312439466042E-6,2.188489484262253E-4,0.011850134835646656,0.011695290191088328,4.003424293616133E-18,
2,3,8.109431507800091E-5,0.004565966203667804,0.40126767643806743,0.5101041209013304,0.07473498254561027,0.009246153543601015,6.052645253177205E-9,
4,5,2.3112789706804586E-5,2.5966397772270158E-5,4.280239651942193E-6,0.009264767052942002,0.380587068737249,0.3980282003263599,0.21206660445631823,
4,4,1.7016424009958825E-5,2.042927955299472E-5,3.67222681412289E-6,0.010708672606225147,0.42129717595818383,0.37236822896966665,0.19558480453554727,
4,2,1.1108508898815351E-4,0.003993040704130664,0.4625351788775759,0.4598928449693327,0.06799221007456696,0.005475638496257898,1.7891476820013767E-9,
3,4,0.061621882850146296,0.12335465011268631,0.009463847786413387,0.13517120260759202,0.5692058919995743,0.10117732706025963,5.197583328072976E-6,
4,4,3.7957825665678615E-4,0.035885692448776214,0.1227847705704553,0.342580424159757,0.48197642762861737,0.016393090645077255,1.6290660118704757E-8,
4,4,2.703802528383191E-4,0.02841729522828192,0.10625450483410753,0.3699155329116377,0.4818848486775856,0.01325743069422047,7.401328526526106E-9,
3,4,1.3335596797254496E-4,0.004118113720562689,0.0022948131664218257,0.11461609825308727,0.7667694987560238,0.11206748108743612,6.390484956941537E-7,
3,4,3.654375818252021E-5,3.225681167880065E-4,4.339860867421245E-4,0.06419911916651498,0.6671031427469583,0.2596432137990934,0.008261426325720633,
2,3,5.2774071541347993E-5,0.03610334845930388,0.3322742414153993,0.4326172627361386,0.1787402623167787,0.020211554701392624,5.562994455666238E-7,
3,3,1.1365298003607999E-4,0.015431892167422117,0.3207199399012023,0.45115633973578306,0.19502783348710256,0.017548619701226027,1.7220272277774964E-6,
3,4,2.9771538863441365E-4,1.353649743309639E-4,2.8464123622957154E-5,0.04262605019625365,0.7723184391082111,0.18430807547759578,2.858907313511917E-4,
3,2,1.5187178541854277E-4,0.005332791813026223,0.5222539809898514,0.4575586429838848,0.014636733379713423,6.59790481055896E-5,2.556218519134079E-16,
3,4,4.6364285816331017E-4,0.006765504872200527,0.010841605218539432,0.2756550746348133,0.6185158806317345,0.0860755345534784,0.0016827572310705733,
2,3,5.2774071541347993E-5,0.03610334845930388,0.3322742414153993,0.4326172627361386,0.1787402623167787,0.020211554701392624,5.562994455666238E-7,
3,4,2.809043460491267E-5,0.0014589803986540576,0.004858722888253372,0.16831053489323072,0.5954043602767974,0.1929760730588743,0.036963238049585075,
4,4,8.942122217066584E-5,0.0029236389428648865,0.00653096212362001,0.1467877672261862,0.7097498141128948,0.1332095780392689,7.088183329944565E-4,
3,4,2.9771538863441365E-4,1.353649743309639E-4,2.8464123622957154E-5,0.04262605019625365,0.7723184391082111,0.18430807547759578,2.858907313511917E-4,
2,3,1.5488810812238583E-4,0.0034676197971769715,0.4700372517791325,0.4736936027590811,0.044607255781125454,0.008039379963492138,1.8118693555318924E-9,
3,2,1.5187178541854277E-4,0.005332791813026223,0.5222539809898514,0.4575586429838848,0.014636733379713423,6.59790481055896E-5,2.556218519134079E-16,
3,3,1.1365298003607999E-4,0.015431892167422117,0.3207199399012023,0.45115633973578306,0.19502783348710256,0.017548619701226027,1.7220272277774964E-6,
3,3,6.428001701338422E-5,0.018354542913855167,0.2609901825488865,0.3976396957040636,0.2887957557656216,0.03413981323642956,1.5729814130159885E-5,
3,4,1.2598353134036039E-4,0.008306957008738278,0.10816424246777703,0.3743444217170703,0.42308760065614165,0.08390750553400751,0.0020632890849248357,
3,3,3.2137469089422207E-4,0.02109882512294838,0.22282757970170236,0.44691079658332244,0.29098542862986043,0.01785464282386866,1.3524474036405778E-6,
3,4,2.4418751373905273E-5,0.005498157718314166,0.0402897992011237,0.323638391035997,0.5045239889439292,0.12550089695165945,5.243473976025796E-4,
3,4,1.2598353134036039E-4,0.008306957008738278,0.10816424246777703,0.3743444217170703,0.42308760065614165,0.08390750553400751,0.0020632890849248357,
3,4,1.1837490550167148E-4,0.00401825141286746,0.01931517963893442,0.305116087465725,0.5116530628663163,0.13841124913557296,0.021367794575082144,
3,2,5.653360591004854E-5,0.0010374291207206532,0.7049821484341864,0.29129256542717047,0.0025625491817414118,6.877423027001566E-5,9.351337629461371E-16,
2,4,1.0174962905073916E-4,0.008983251255336814,0.02367524980315245,0.26078669305755414,0.6188278946292536,0.0874219179597662,2.032436658860047E-4,
3,3,3.2137469089422207E-4,0.02109882512294838,0.22282757970170236,0.44691079658332244,0.29098542862986043,0.01785464282386866,1.3524474036405778E-6,
3,3,6.428001701338422E-5,0.018354542913855167,0.2609901825488865,0.3976396957040636,0.2887957557656216,0.03413981323642956,1.5729814130159885E-5,
4,4,0.002547060989607731,0.058113783860832144,0.013807421754888211,0.08310412457415574,0.5440004615552357,0.2973042007910624,0.001122946474218101,
2,2,1.1395415852888648E-4,0.0010359992114556777,0.5780578837267935,0.39064686212302957,0.02729432750392005,0.002850939466835607,3.3809436686755476E-8,
2,2,1.1395415852888648E-4,0.0010359992114556777,0.5780578837267935,0.39064686212302957,0.02729432750392005,0.002850939466835607,3.3809436686755476E-8,
2,2,1.1395415852888648E-4,0.0010359992114556777,0.5780578837267935,0.39064686212302957,0.02729432750392005,0.002850939466835607,3.3809436686755476E-8,
3,2,0.35516838781568827,0.002311150817940726,0.6424517506381398,6.871072823117635E-5,1.0145601462424435E-73,1.7904605771314E-74,2.1279605091437166E-81,
3,2,0.3058557000784631,0.0027418010226121616,0.6913254037766564,7.709512226838845E-5,1.908361022240761E-73,3.2330859906680812E-74,5.899957034735338E-81,
3,2,5.885805879795074E-4,0.003750819900033542,0.521188092434637,0.45778066791100935,0.015180015617980125,0.0015118235477791751,5.811820674917557E-13,
2,2,1.1395415852888648E-4,0.0010359992114556777,0.5780578837267935,0.39064686212302957,0.02729432750392005,0.002850939466835607,3.3809436686755476E-8,
3,3,1.3089879021887263E-4,0.0036812123913071283,0.44670554023142706,0.5045808692684167,0.0381255923922005,0.006775886018468052,9.079617401230519E-10,
2,3,0.0018923951832477475,0.0024432615343744674,0.4306700248477489,0.5524208975820107,0.011891959964157537,6.814608880118802E-4,4.4871305660753404E-13,
2,3,0.0018923951832477475,0.0024432615343744674,0.4306700248477489,0.5524208975820107,0.011891959964157537,6.814608880118802E-4,4.4871305660753404E-13,
2,3,2.4654275198651964E-4,0.025338385174548884,0.0237638112206169,0.5198226897093772,0.4184995169747778,0.01232905416676753,1.925124349339877E-12,
2,3,6.735903746005557E-5,0.004530530207782146,0.38274430072172105,0.5465669244943234,0.056472235737013175,0.009618647863312681,1.9383874623286067E-9,
3,3,1.3089879021887263E-4,0.0036812123913071283,0.44670554023142706,0.5045808692684167,0.0381255923922005,0.006775886018468052,9.079617401230519E-10,
3,3,1.9252587647070973E-4,0.0036062900868952907,0.46241293508101455,0.48460949926100044,0.041937653487766104,0.007241094948451282,1.2584015296969788E-9,
3,3,1.6170590679490473E-4,0.0073230191004627935,0.23554305867109576,0.5930118296829389,0.1462161632753207,0.017744193701415188,2.9661971801454513E-8,
2,3,0.0018923951832477475,0.0024432615343744674,0.4306700248477489,0.5524208975820107,0.011891959964157537,6.814608880118802E-4,4.4871305660753404E-13,
