3,3,1.2286428457603324E-6,6.423244922811076E-5,1.558036128946093E-5,0.9964610225966332,0.00107559060540504,9.655148251077507E-12,9.865980341698439E-80,0.0023823453349430973,2.8008879455129162E-19,1.029887807681348E-93,
1,7,0.002916409999235046,0.10067993880979015,0.01938217482425529,0.003537207783016986,0.028702716874530677,1.6446605074347292E-17,0.35137500049879317,0.48848819970267104,0.00491835150770759,8.180763216170488E-93,
2,6,6.64261207742608E-5,0.00459409042200573,0.06393867725419226,9.845024489110055E-6,0.07184742691205394,7.192471734272181E-11,0.8556346357864998,0.0034750883479055528,4.3381006015468025E-4,1.8119325296898337E-85,
5,5,3.1951300520590953E-12,6.4487027458505625E-9,6.843875042773009E-8,5.4713507993933786E-5,0.2545502485696325,0.7440195038710333,7.621539575665968E-77,0.0013754591606920082,1.7571388289361683E-19,1.966307069568394E-78,
7,3,1.234508363990219E-7,1.1318686430643309E-4,3.5530597689747734E-4,0.6539871023529437,0.0029924963916775015,1.765231266245272E-14,0.3420923071799153,4.5946460589676134E-4,1.317750879941421E-8,9.832917242600994E-110,
7,6,1.351364874334183E-4,0.003047160529014097,0.0034630862333534414,0.08504657251384,0.06325715868743338,6.404470810750051E-10,0.7318574337401248,0.11255442932181974,6.390218465340467E-4,5.0829691377839913E-85,
7,4,2.0222995612802275E-8,1.9752269454354527E-5,2.8216472645871638E-5,8.330229742799512E-9,0.8888472735172639,0.002546086216410986,2.233315581338475E-75,0.10855863848906543,4.48193407869942E-9,1.3485145052375788E-76,
7,6,4.148863558396726E-5,0.0010028544020488782,0.0026579352763639865,0.300933809958319,0.053627640366555325,8.733774230878375E-10,0.606508737136592,0.03506305508502042,1.6447826613902268E-4,4.2556446058749674E-86,
7,7,0.001403146499649091,0.05646307323892474,0.0058456027735929025,0.05290279257057231,0.03412639945751897,9.041179243796309E-17,0.21791332059051824,0.6279247542565091,0.0034209106127145107,5.962991811952463E-91,
1,4,2.641984508665746E-4,0.014086300148637976,0.020914431792008574,3.519720905066515E-5,0.6082670637761726,3.240414797477168E-8,1.784517573035754E-76,0.35639748223961254,3.529397950307384E-5,3.423838367714666E-79,
2,4,5.833788727160324E-4,0.179301946128883,0.1789787117829069,0.02213468517326494,0.6131141122940659,2.165137465041567E-11,3.652708569599829E-77,0.005887165356315458,3.701966584152261E-10,5.639906783156959E-88,
2,4,2.975652015124024E-4,0.013628860760574815,0.1679921594019285,0.13956513788419322,0.6678194341031413,5.3490087836619116E-8,8.652170863879477E-77,0.010631541453419987,6.524770514187415E-5,1.5342594748063394E-86,
2,4,1.1949237336156138E-6,1.8817772006632307E-4,0.002655871163390187,2.793966455960896E-4,0.8281899978880362,0.16600503692026694,2.770052724304962E-75,0.0026798928082630985,4.319306475050788E-7,7.98669383902751E-83,
2,6,7.091628073624266E-10,1.1337725613703327E-5,1.9038281178577793E-5,1.1520181053254767E-10,1.041330310009389E-6,7.66381138178233E-7,0.9999676852084433,3.0246388878201255E-8,1.0000256278105544E-7,2.7817519731703104E-103,
2,7,0.0028647125021586074,0.15637834156795064,0.15126248284740643,0.0016585388277445745,0.30257665679593104,6.189787028024382E-12,1.1021611425255429E-76,0.38525889943031694,3.6802230184726325E-7,3.856350284195362E-84,
2,7,3.0350307523417766E-4,0.08413694056331174,1.849409448605329E-4,7.680623772878243E-4,0.0018543987110969035,4.249393393156368E-26,2.77766401273961E-79,0.9127521540854359,2.4277302538920054E-10,8.028991954376313E-99,
2,6,4.495237344759699E-5,0.0014347815633376458,0.00206624956013833,5.889070173101133E-5,0.009694551549772366,2.1563805966454118E-11,0.9774128085335675,0.008979908351653245,3.0785734478854405E-4,4.194398841743634E-85,
2,8,7.308426830645981E-77,1.7869271432463247E-77,1.41169258155735E-6,3.053067481048222E-76,6.811587042681985E-76,4.124436067444412E-83,2.5194334128416193E-74,7.979355109853397E-77,0.9999985883074184,1.2926283705232532E-159,
2,2,4.099870310844736E-6,0.002547301300435513,0.6107357877841095,1.233196763947326E-6,0.3791106096859342,0.007600179019262632,5.317474646381497E-78,7.82955569352593E-7,6.18761412330316E-9,5.681370265425792E-90,
2,6,2.8025886816139308E-5,8.56146311172504E-4,0.003625911586736908,7.722271155875399E-6,0.0063524065290619285,2.987523392983105E-12,0.9821808489056263,0.006833917747262639,1.1502075918022401E-4,1.7538944550629234E-85,
0,4,6.338821086380149E-4,0.01484817397468976,0.01901780486445326,0.17421009929308698,0.4290832692139343,2.1210247812339533E-7,1.503378499639146E-76,0.3621930858424188,1.3472600300677833E-5,2.72102614733734E-83,
0,4,3.460759510311126E-4,0.011763893022874838,0.02227120080241392,0.07093435155331276,0.7421180282329496,2.0906658225083985E-7,3.179664474398972E-76,0.15249234065461204,7.390071622347576E-5,8.049140023986603E-82,
0,9,4.4963891313715817E-67,1.2041104679297842E-65,6.986496214603377E-69,1.566750536222959E-66,1.1493131106714333E-67,4.4973061387853165E-78,7.348741428630892E-144,8.762854383707711E-67,1.2444282537362902E-73,1.0,
0,6,5.909418635364325E-6,0.008577026184848664,0.0012293616708700108,7.126719539806563E-8,1.8964451514099655E-5,1.9562571893500732E-13,0.9899683705972984,9.981330460652787E-5,1.00483104835765E-4,7.587981909526627E-104,
1,1,5.380475742672468E-7,0.9999659521031704,4.901345666616413E-7,7.633167028033038E-6,9.719777707103978E-9,1.2315548553532804E-11,5.853429471644114E-75,2.537681556742828E-5,8.766043087006384E-78,7.557987471141249E-115,
0,6,2.016788744121017E-4,0.004922718127103503,0.004755622646697908,0.021119591115777086,0.02039124228565943,2.687997902743679E-12,0.9033850952590441,0.04410796884968076,0.0011160828389372005,1.204121609593988E-87,
0,7,2.3235009211726454E-4,0.009360147790474328,0.003540577139625818,0.14426677996664722,0.06719591544134591,4.3489007578597586E-11,0.37406836707169205,0.4005563087495895,7.795537050189433E-4,7.04571907649982E-87,
0,6,6.056884709926014E-4,0.01798050349499311,0.00693214556301561,0.04008291553383691,0.04357468395453691,5.950900245621638E-13,0.49860763248652673,0.39021930504888713,0.0019971254466158274,3.087036072453924E-88,
0,7,4.980360747255334E-4,0.045176583953660684,7.601026165583451E-4,0.008233576256377871,0.006167862118000109,2.7510785271559867E-21,0.02220751421811226,0.9164439399127134,5.123848498518045E-4,1.506356905868112E-97,
1,6,2.2446412447383645E-5,0.002546077804725202,0.00205230082640676,2.1762704297887286E-5,6.037907315702067E-4,1.617215788961731E-13,0.9936581855999322,8.566117392945824E-4,2.388241811639055E-4,5.692178507691518E-93,
6,4,6.322808802003804E-7,8.682174407115511E-5,5.173451664340895E-4,4.0814663290225634E-5,0.9365227869638948,0.03512023095084069,2.6130003127350406E-75,0.027711141951575594,2.2627901312095957E-7,1.2575440231779556E-78,
6,4,7.039300030560745E-7,1.0890701599003898E-4,6.311572493746431E-4,4.188118886695843E-5,0.9303418915486967,0.04324822132060677,3.68260549365705E-75,0.025626963073370045,2.746730918057917E-7,3.7325387505867207E-79,
0,6,1.1949222187764637E-4,0.0038801078068789172,0.0032659864651487075,0.03855430689151369,0.03906289985450155,2.1403238435332794E-11,0.7558459819027944,0.15885589369002473,4.15331145857119E-4,1.0953928059825867E-90,
6,6,1.208060722273318E-9,1.4832177872805315E-7,1.1154357728582526E-6,1.713968497240824E-7,0.006481343871771261,4.243630301318599E-4,0.9929587290797267,1.3411219072013652E-4,1.5465187998567128E-8,2.0087128162273603E-80,
1,7,0.0040699715160937835,0.13458782995256885,0.0583825055828277,0.0356540676924914,0.12169974840434598,7.014456988318793E-14,6.388888121735681E-77,0.640169071002281,0.005436805849321074,3.2785624055447695E-88,
6,6,1.267893141110302E-9,2.0244384090447402E-7,1.4283323501717226E-6,6.439525364573105E-8,0.0028746558996340685,7.333349019252027E-5,0.9969690603065217,8.123259957030685E-5,2.1264743567992574E-8,4.290553430575654E-81,
3,3,3.7279053461606155E-9,4.4432986154275824E-5,4.2066966196514905E-7,0.9946071294741322,0.0015050230352464152,2.920885480782475E-6,6.763228907816676E-76,0.0038400692214189077,1.2078567154199521E-82,8.28749956525568E-93,
1,3,3.1266394760546085E-5,8.2972828062543E-4,0.0012157145903662044,0.8348671367147091,0.09457467874479418,1.1261428467614442E-6,1.4352942288477782E-77,0.0684803490027989,1.290988633290761E-10,6.108177622892259E-85,
3,3,7.448831181598868E-7,2.099068105528224E-5,1.9835753400324182E-5,0.9962985924358325,0.0015729050359694972,1.4279951666926936E-13,4.864431004663336E-80,0.002086931194971437,1.551009313084102E-11,4.832917210205305E-93,
1,6,0.001628472709265545,0.08837887028091762,0.00978291863209869,0.08469408440761117,0.026457671599268973,4.890052269997615E-16,0.5239787567544005,0.25921830554072206,0.005860920075714863,1.1391424811669651E-93,
3,3,1.2905440229182968E-7,1.368259321623342E-5,1.1917825914061858E-6,0.9948163057149734,6.197375311054115E-4,3.2966425584220177E-20,2.3150048422565836E-81,0.0045489533230644,6.469680227767833E-13,2.433791205440936E-97,
1,2,6.373943703506476E-4,0.06810788013354098,0.6515047543605651,8.292649083808585E-5,0.2780612301744838,3.315458379908906E-11,2.367569588236855E-77,0.0014075881311043956,1.9822630596230494E-4,4.772337458674564E-87,
2,4,1.1172639739295903E-5,0.009180280715299968,0.2620329874518588,1.8500160794570745E-6,0.720161663211885,0.008605634180656982,7.470447206548199E-78,6.411784480304617E-6,6.807224355710865E-79,1.3043550941310578E-85,
1,3,1.4410199433509612E-6,0.005789268078026866,3.840607771872437E-7,0.991674292957678,1.5058397783874598E-5,9.083374914812888E-12,1.9909611560295465E-77,0.002519555476707533,4.0064639845886E-79,1.2053348774744837E-95,
2,2,9.83218662239645E-7,0.0012030416986596143,0.9422456164098206,8.012645480172169E-11,0.05655013180546066,2.2659348623693982E-7,3.295289803494176E-83,1.9378418148665396E-10,3.587460459458636E-80,6.143209523310142E-95,
6,6,6.101928410158453E-14,3.200158312471481E-8,4.1632319137692486E-9,6.439835239016695E-16,1.3148749247285055E-8,9.434327197521527E-5,0.999905606380662,1.0180264740738108E-9,1.5710330637332248E-11,1.872571456874901E-107,
6,6,1.2354171267395928E-14,5.356797188709775E-7,5.007365159315484E-9,7.467751532972788E-20,1.2654054906581712E-11,1.0382293655434331E-4,0.9998956363425352,7.124424589809484E-12,1.4035580231440505E-11,1.148483571098521E-124,
6,6,7.191279139934628E-13,9.204809156583775E-8,1.9567906094302914E-8,1.0552848178863777E-14,5.2152406496665895E-8,6.838900582131908E-5,0.9999314431323116,3.962232121080019E-9,1.305010708881071E-10,3.2816533911897585E-105,
3,6,6.118390932481182E-6,2.171336423046678E-4,6.70287770092185E-4,0.0054351616505957335,0.0060807657369676095,3.2567283370040898E-9,0.9839566869564933,0.00358124679265747,5.259580322837148E-5,3.745794834111374E-88,
5,6,2.3845386096032217E-9,2.0526268373561796E-7,2.060640915251793E-6,1.6389796869092135E-6,0.025954429634161988,0.0033532298173467763,0.9702420626943188,4.46353123038972E-4,1.746330885739589E-8,2.5126251288918005E-79,
3,3,1.1849729969661085E-8,7.854879689180911E-6,4.901287217951231E-6,0.9980611288831736,0.0017936657692526822,1.5735938190666625E-5,1.825511983609795E-77,1.167013927460232E-4,6.030751565298161E-83,1.257566057210954E-89,
3,3,1.14908596244085E-8,2.2978939300808686E-6,2.641351172595803E-7,0.9993673329308966,1.5369030137103636E-4,3.762761313231834E-15,1.8184083579434433E-80,4.7640324782149675E-4,2.1243099157340908E-84,1.8460945760865612E-101,
7,3,9.165665251458253E-8,3.4785194356207567E-6,3.592710656705024E-6,0.9987806629078845,6.96762016287168E-4,1.1633551517383826E-14,7.860752236875784E-81,5.154121890384666E-4,3.340825807424324E-14,9.789237718058306E-94,
0,6,8.942512702485925E-5,0.0022990466711444156,0.003286578256353689,0.0014934749647292714,0.04178093192254455,2.7047173501650446E-9,0.8682150875480976,0.08235075584437794,4.846969610102116E-4,1.0900964521334734E-83,
4,6,1.9579668100068424E-17,6.479902810750151E-11,3.270815507459663E-10,1.2239683817975695E-17,4.6408888540238216E-7,0.10439811330270525,0.8956014221972561,1.927233967855513E-11,1.0516698307065175E-16,3.1147327346450496E-112,
4,6,3.5973537731012823E-16,7.111264448270849E-11,1.3112212733655237E-9,1.229289579051988E-15,3.847048447743535E-5,0.05954628966179496,0.9404152380971152,3.7427533205208316E-10,1.4360749273726467E-15,1.4956110829102046E-102,
3,3,9.460692732204192E-8,1.9013057147673427E-5,1.121276600501157E-6,0.9986673769701566,2.665936017591053E-4,1.3756517906724257E-11,1.2051081127586734E-79,0.001045800473652368,1.4669301735155648E-82,4.593039546127622E-92,
3,3,2.2723572428125694E-8,5.913022176374484E-7,4.218111858557589E-6,0.9984877392804434,0.0012491739018240181,1.7261044638104575E-12,1.2156303414865689E-80,2.582546783537639E-4,4.030091190630039E-15,9.836194252750847E-93,
1,3,0.001246506174262263,0.0573698180722722,0.005444114089945353,0.5348128270060318,0.031030059434436912,5.327498931371664E-13,1.0124422241033558E-77,0.37009667503812516,1.843933311708747E-10,3.6570606974733877E-93,
3,3,2.2177521649392412E-6,4.957439420460442E-5,8.104737115382906E-5,0.9919969972519319,0.0037863831562871325,1.4755244223265342E-12,1.8397084039554496E-79,0.004083722747161351,5.732562058007755E-8,3.896073540614437E-93,
3,3,6.599204895650586E-7,2.835326722795326E-5,3.843025179160511E-5,0.9960585326101221,0.002121707887365495,2.505905148929348E-16,1.5901955039332673E-79,0.0017522843319399083,3.1731063007451996E-8,8.384340427445919E-99,
1,6,2.2584599580387907E-4,0.005155165950097513,0.005035491691838131,0.02582717187277912,0.04906745614781933,1.2909472719923884E-10,0.7731236675019975,0.14050771848451202,0.0010574822260578363,1.1327339950490727E-85,
1,7,0.0023378992035869043,0.1121849467909956,0.007727645216509635,0.1751535452192085,0.030903926998669812,1.0585675798990768E-16,6.194751133026769E-78,0.6716733740232621,1.866254776733171E-5,1.3081067908698166E-93,
1,3,4.534942730597804E-4,0.021274009090713857,0.008480142320917067,0.5607770886760534,0.16995132056446033,1.1255414282572037E-6,1.405006836726457E-76,0.239062819530803,2.5642875425310074E-12,8.862640495304394E-87,
1,3,3.5050875079592405E-4,0.0721478238812447,8.371620634044729E-4,0.7297258481955178,0.0064385424010359234,9.547085427348083E-13,7.594134822673598E-77,0.19050011470704653,3.309598602235828E-78,1.1285684667283878E-92,
1,7,5.97256961754557E-4,0.04723016498362783,0.0013188405667672641,0.46824688947211224,0.01288203701073306,4.16313177448046E-20,3.6099263146389336E-78,0.469721915963434,2.8950415710391024E-6,4.6404476385010556E-99,
1,6,7.0859804132703945E-6,7.348611285245432E-4,8.133968177170598E-4,2.694676230290966E-4,0.037944660137186746,8.696099361737014E-8,0.8429377055040138,0.11725650892254572,3.6226925576098724E-5,4.478935424671135E-86,
1,4,0.0011492769300975986,0.029434605843109644,0.05571842809081955,0.006783970925718324,0.46081231906025283,1.109185591947996E-8,2.3904735807677568E-76,0.445929873245878,1.7151481226807992E-4,7.742888947378735E-82,
1,3,9.194141901569685E-6,1.712440215446123E-4,3.242257246313872E-4,0.9621526720124214,0.01665538636309753,1.1760605246437965E-10,3.9153986823535576E-79,0.020682799231886883,4.4783869105272004E-6,2.835892531616381E-90,
1,6,1.531618133389546E-9,0.004850126176201271,8.900653836823782E-6,1.649652002618265E-13,3.1084781813052795E-10,3.153103003406018E-11,0.9951404760273022,9.583070538926124E-9,4.85685427310119E-7,1.7094072881627571E-127,
8,6,6.938167162971942E-5,0.004758015071688132,0.00594261930399042,0.053327905305786835,0.025170258891418808,6.180076610787581E-13,0.9048393024170768,0.005303429327823601,5.890880099679427E-4,3.280852643661624E-89,
3,6,2.743243141221433E-7,2.8262504439739005E-5,2.7158050441539584E-4,0.0092084956203842,0.3332288248595975,0.006292129679108916,0.6097912180725164,0.041178986415963154,2.2801926051890886E-7,6.414879320994386E-83,
2,6,4.653499029822386E-6,3.109625819149857E-4,0.0016732381306189736,2.2822716773053948E-5,0.003954787836475336,6.017610740431271E-12,0.9927229842948914,0.001275574660779485,3.497627349943558E-5,1.7948771954290663E-88,
0,7,0.0020150434745382136,0.04547744600387661,0.020483895817156848,0.17745868149757194,0.12528400978079987,1.295778225333385E-11,1.671831245725072E-77,0.629104056688629,1.7686672446970146E-4,4.3934858450070405E-88,
1,7,3.7558158867359527E-4,0.03441143876045373,0.0013667679284878193,0.31363072238922307,0.034824995724624205,1.671179790834451E-17,2.7721649058878044E-78,0.6153640311599955,2.646244854201621E-5,1.7395503587809917E-89,
0,6,3.291761343529354E-5,7.407133989680133E-4,0.002614280010733251,0.10478694783691492,0.056291962317221056,5.219708848505608E-9,0.8155243185011647,0.019830048692502537,1.7880640935134546E-4,2.0673206952871848E-84,
7,5,1.5206388471393588E-6,0.0013824608242247692,3.580132382696694E-5,2.398861349367853E-4,0.21924304132870104,0.39495904597580095,1.476210553219755E-75,0.3841382437736624,3.2833150716563085E-80,7.305511782824629E-82,
7,6,2.066620875503848E-8,1.6884150209234132E-6,1.6959481145375293E-5,2.03593060358745E-6,0.010891475548863874,1.0261989829669721E-4,0.9885326876214378,4.5224329435454753E-4,2.69144068605257E-7,7.98873405506942E-80,
7,6,8.957484192701535E-6,6.409269657956314E-4,0.05152008217353757,2.2457447743915168E-6,0.4203372988827567,1.519816585332985E-5,0.5271439571956393,1.737567486078222E-4,1.5757663884232394E-4,7.440106686881975E-81,
0,4,7.399797096292728E-4,0.0717508900237856,0.10571231386173632,0.012582299133313568,0.488840783055281,1.339759611771214E-5,3.7387518882546316E-75,0.3201306828269905,2.2965379314610738E-4,1.7167296855588117E-87,
0,6,2.5671938065468114E-6,1.9875317415166732E-4,4.6406867193020325E-4,1.1866647795992798E-4,9.464996401254035E-4,1.735778193710736E-10,0.9976030257889539,6.353092829114989E-4,3.1109596582942345E-5,5.173980758719121E-91,
0,6,2.334084699969373E-5,5.084983057764863E-4,0.0015982581405264943,0.03497673225122781,0.04811012275713107,3.393248414604353E-7,0.8913164831168477,0.02332233638731268,1.4388886933656785E-4,6.966028062174488E-86,
0,6,2.477279361100183E-4,0.007550927495171712,0.006635137977596523,0.0021998030780766777,0.010809691921383913,4.122859828371385E-13,0.9317301741999124,0.03973533818864638,0.0010911992026900767,9.049121117139172E-91,
0,6,1.5004248016435402E-4,0.003816462490311737,0.004317499448542177,0.0015662631792802242,0.015939556413389414,9.295420402292656E-12,0.9457237055209622,0.027579038283741544,9.074321743130035E-4,1.874249260896237E-86,
0,1,7.445562897543992E-4,0.8614437626399234,0.10998407848799832,8.643233611995323E-5,0.007394312308715823,3.832012082343027E-10,3.4813337335335845E-75,0.020289492119198716,5.7365435087991945E-5,6.159539891985644E-97,
1,7,0.0013377677526663404,0.08786507474845767,0.0047064382605518686,0.037496559957687345,0.015607558580225249,1.1637056390106258E-19,0.3850625138001816,0.4650235919767681,0.002900494923461953,5.365628083431046E-95,
1,2,8.780242155830546E-5,0.01353302023748241,0.751310056054437,3.235102466718896E-6,0.08489744090341568,5.766474896127277E-11,0.1484584585178317,1.7183945251511217E-5,0.0016928027598919686,4.617202251368589E-91,
0,4,7.375505560887594E-4,0.014843306728685814,0.01945821556558513,0.19897078225747578,0.3962072125633804,6.355893440853559E-8,7.312510757198049E-77,0.36934038636180067,4.4248240804908016E-4,4.823773853903919E-84,
0,6,2.0377924452028602E-7,6.549623154479528E-6,2.873476624981446E-5,4.9871907072560344E-5,0.08453936788218445,2.4821047398495817E-4,0.9104682851377732,0.004657680402492894,1.0960278431115048E-6,9.589050023765727E-81,
1,1,2.647925017318715E-4,0.6907242648196119,5.214522705967391E-4,0.06794933930620217,0.005944614669530843,3.1395418807879266E-5,3.820384300832173E-74,0.23456414101351877,1.0254799502979215E-76,1.447843378814852E-89,
1,7,0.0028745642552855553,0.23128447848457753,0.008373163469266691,0.2816360082476574,0.024168230554674347,4.8388800260713595E-17,2.9880293277835925E-78,0.45164155201270123,2.200297583717082E-5,1.0348656367383924E-98,
1,6,1.6821135432850372E-4,0.007641643794025707,0.021226519870406243,0.0020952302145721452,0.047088298929394735,1.4383273092435859E-12,0.9137900197600977,0.006542125705249725,0.0014479503704870383,3.0909909213879413E-86,
1,6,7.818196297014478E-5,0.027599583344030152,0.0013307874232501861,0.2941271224583832,0.006611594073161753,1.128464516693844E-19,0.644533215764776,0.025428946981304674,2.9056799212407895E-4,4.3724488888859465E-100,
1,1,1.3859004621263543E-4,0.8914077450158815,1.3825258998463353E-5,0.0014456170013052577,6.677384177142099E-5,1.6197252668252232E-21,3.841252213131433E-78,0.10692744883583068,3.6872063982358823E-78,1.3167033455614512E-100,
1,7,4.6908642908685824E-4,0.0989643606425711,0.002433220657809982,0.04320136589852307,0.2465436992227337,2.4322341884048145E-7,8.703564352251253E-76,0.6083880239258566,5.298811388288515E-78,2.451241977067336E-85,
1,6,3.9688231792550665E-5,0.0015401512664846107,0.0011539022417408078,0.0014026550659617931,0.020617135170992854,4.3972600063687997E-10,0.9606277824843904,0.014281208873797876,3.374762251130432E-4,6.766375365842453E-86,
1,7,3.1587484474293067E-4,0.009769466647235958,0.0029764070478919364,0.2893159952112163,0.11293077887368103,1.3402145555515423E-11,0.204045397338035,0.3796127307464444,0.0010333492773501004,2.0569534570366427E-86,
1,6,2.5730776356651044E-4,0.013322319582524366,0.002954594466388012,0.2632653542036752,0.009315723744257999,3.4624618256295567E-15,0.649135643023795,0.06089264928651299,8.564079292764251E-4,1.5401388934623587E-97,
1,1,0.0023058360529571377,0.5604238716651404,0.006854416326648463,0.011307032875048797,0.007105503986200897,3.399130018881713E-19,2.8883250218961137E-77,0.4120033387760285,3.17975719050039E-10,1.3766063054873243E-97,
1,9,3.35212224157685E-54,2.7634587016912978E-49,5.368431867673184E-59,1.2628028412748309E-52,3.77035127688677E-57,6.874962055300483E-74,9.689299380338094E-129,1.4364878348015607E-52,4.720781668225085E-129,1.0,
1,1,0.002414927828133591,0.6406534091973893,0.016519561396873543,0.02283067311609488,0.024263778003848612,6.267998644170946E-11,1.4927928852451365E-75,0.29331765039498003,3.382386281871225E-77,1.044955607772808E-89,
1,3,9.739490770323531E-5,0.1618039877741622,1.7966511099115677E-5,0.7426704213654252,5.515903777996879E-4,3.4666420720087927E-17,8.628880131991918E-79,0.09485863906381048,1.5187684516673449E-78,3.2366697682151685E-99,
1,7,0.002339068000705659,0.1680311347569744,0.01926227366982881,0.037476414998818486,0.10837209698881503,3.1967570561425097E-12,1.4950876730125364E-76,0.6645190115706399,1.1021071914443552E-11,1.1380230897300887E-85,
0,6,5.943554891657914E-4,0.013485790080811383,0.0070650711431551275,0.09627037226484673,0.05502077869689334,2.995649445021213E-12,0.5508092303721258,0.2745516221990773,0.002202779750928799,7.797605927982056E-88,
0,7,4.851140733186134E-4,0.026556551254113863,0.002834352008735879,0.007613384893278587,0.014437378207601872,2.1642435988071695E-17,0.2270568414470605,0.7203205325670122,6.958455488784486E-4,1.1606351094195031E-95,
0,7,0.0014878684591902228,0.04125280663214581,0.07394599929080051,0.011264167723373061,0.3791269206015651,1.710272165325379E-9,1.7782467596777847E-76,0.49272327838846974,1.9895719418330543E-4,5.0742899356645736E-83,
0,6,9.504076277074584E-6,2.910028400226559E-4,0.0017669609763391364,0.007258098645860862,0.012053003396839533,3.531408733339813E-9,0.9765156774360215,0.0020162964095786387,8.945268765193151E-5,1.1803498027953636E-86,
0,6,1.2504106467393435E-5,6.968685104311304E-4,0.018920960000744533,4.534559207703613E-4,0.11586715516708435,2.214910912613961E-7,0.863632953229789,2.029483656248428E-4,2.1293320799726704E-4,3.7724126871546656E-84,
2,4,1.5617412657256172E-6,2.1811158904021182E-4,0.40599685777034006,2.3242275558017263E-5,0.5926625107600263,1.7823042538919117E-6,0.0010779170327206657,9.915739221589426E-8,1.79173694025968E-5,8.730172429254378E-90,
1,1,7.706820081366467E-4,0.4985737624123111,0.31100199007278556,0.0028305039461374213,0.18616126857948898,1.2398407482445525E-11,1.0811330543680127E-77,6.61792968741975E-4,1.4725553465243976E-77,7.89145962004994E-94,
4,6,3.0013190735832723E-9,1.4029917326642383E-7,1.020818892415076E-5,3.274451700127774E-5,0.17979777976456213,0.002527440337701798,0.8175081429856211,1.2353514997056643E-4,5.755726676145167E-9,7.760515975280064E-80,
0,6,1.1626877058133136E-5,0.0022103196127092827,8.87827219298052E-4,8.698232915768017E-5,4.7759424309785296E-4,4.0973717126129025E-11,0.9954637592773279,6.692776033823765E-4,1.926127969950042E-4,6.188929142414432E-95,
0,7,4.727517688071157E-4,0.055958834174023406,0.006282131083845722,0.35549562190569334,0.1589480647115566,3.875872465087286E-16,1.0527181846040712E-77,0.42263455837237296,2.08037983700392E-4,4.229860537671216E-87,
3,3,8.517432982200314E-7,1.508395294087007E-4,1.918506239351773E-6,0.9904789411456065,3.7175254797570717E-4,2.8558287536665394E-17,1.3990195215190903E-80,0.008995696527471562,5.0722547552325274E-82,3.82580944574582E-96,
0,6,4.021446253484702E-7,0.015265478778882876,3.032737317576627E-4,8.781062144426967E-10,3.636788878821555E-7,2.5252901902390024E-11,0.9844016917033607,3.4615481743458574E-6,2.5327510951946958E-5,2.6459423205535025E-115,
0,6,4.2768142386442626E-4,0.017969483411556308,0.005065537229789437,0.047381785563553325,0.009937733869492637,2.7555026625441745E-15,0.8463432476196457,0.07121580182135087,0.001658729060744368,9.056183872220676E-95,
0,6,4.2044361148673934E-4,0.016170771653838165,0.008182735684125659,0.0017600541598624666,0.03918068270702844,1.2322569988958397E-11,0.5718800855801899,0.3609360116347543,0.0014692149563917305,1.4556789548792328E-86,
2,6,2.1431753565231174E-6,1.111702569957508E-4,0.009536539782527128,1.4223204585150467E-4,0.2173710678572736,1.1986383781529663E-4,0.7725171125926324,1.6686889242050276E-4,3.300155912722672E-5,1.6533329935439002E-81,
2,6,5.517240120756678E-5,0.0021326114514845537,0.024109671831410016,0.0030863510325845837,0.06564695639214638,6.458656356291169E-10,0.9023097920357975,0.002123822727091671,5.356214824122261E-4,1.625571797918507E-86,
1,3,1.1925360999301915E-4,0.015014061792582415,0.024190181777789102,0.6363389815782365,0.31588910356155314,3.648237954844363E-15,1.3662611166855298E-78,0.008448411844958155,5.834883958449858E-9,6.741012579426443E-95,
3,3,2.1080615246720173E-7,3.6837727338168556E-6,2.583251224645266E-4,0.5534426968850154,0.10301612565791385,1.0733140163489675E-5,0.3420161091724883,0.0012519170213806617,1.9842168742986968E-7,2.67792093869023E-83,
0,3,0.0010772829172773243,0.06252954475695617,0.015508215055534746,0.6379553339023964,0.07247185604327717,3.898335190315989E-11,1.2008408911097887E-76,0.21045775872746697,8.55810762044091E-9,4.268065127229895E-89,
0,3,7.212614992861924E-4,0.051166332908548905,0.004899844608220998,0.7152535603666511,0.027219635871645026,1.7790202167677974E-11,6.612568811544615E-77,0.20073936472779408,6.351862794732996E-14,1.3699630734869348E-90,
0,6,4.214844593417701E-6,1.0165617628844558E-4,5.154684273732501E-4,4.2115645970885714E-4,0.016791805777972294,2.073709652547317E-7,0.9786395683269152,0.003485407986016353,4.051463016695143E-5,2.3397365043627526E-82,
2,6,6.466821082520257E-6,2.7967379176996207E-4,0.0012200134052143263,6.404856129506468E-4,0.01851231686567824,2.5786328853474966E-8,0.9698594127556563,0.009431027396038667,5.057756528046062E-5,4.2278259973266905E-84,
2,6,1.6938391980052318E-4,0.007211514887624821,0.030538090313951747,0.0010614548678400493,0.08956472692995564,4.61319874350809E-11,0.8586851076312771,0.011456192859171136,0.0013135285442469255,1.5182810539834471E-84,
2,6,4.4835676313911965E-5,0.0010669886613846632,0.0024291061157304472,1.335897763944687E-5,0.046989310508533534,4.825721096035554E-9,0.9135075301403001,0.035742618393671585,2.0624670070530673E-4,1.7373264390313445E-82,
2,6,1.2847636806240126E-5,3.252835717226197E-4,0.0010109919442698075,4.0528553769390185E-4,0.021149665142247677,6.659547168915106E-8,0.9633139181596598,0.013687062820552988,9.487859157515306E-5,6.040159338145394E-84,
2,6,7.323611182550344E-4,0.12651935721443006,0.005307461854240044,0.0018417004971353764,0.00558849804002477,6.220827049946989E-20,0.727971755115114,0.12965884232732633,0.002380023833474324,1.0141927195519722E-95,
2,6,4.3619876290818074E-7,1.2354453703716704E-5,1.6877104481644457E-4,6.256862192001618E-4,0.0354723672937734,1.8811774649122524E-5,0.9629745022035843,7.23477097378754E-4,3.593714131276636E-6,2.972868120643807E-81,
1,3,8.974733622994694E-5,0.025932752033657393,3.1997197660234147E-5,0.8009935070300456,8.225002752264539E-4,1.2316313454975862E-19,1.1208289777702327E-78,0.17212949612718043,1.7273753773548687E-79,1.5391768146081077E-102,
1,1,0.0021213449973667333,0.3733229445513135,0.07786874108269547,0.009059000684634657,0.23881760341428868,7.558022228694458E-9,8.980026346887418E-76,0.29608804429638524,0.0027223134152933696,4.195601097811333E-90,
1,7,1.5201527895432885E-4,0.09390839392439389,1.3683364124954513E-4,0.0014158170278425917,0.006418959929631206,1.8947576507172861E-25,5.720616012418804E-80,0.8979636470396759,4.3331582524563695E-6,2.9246561903002425E-95,
1,1,1.662822560816172E-8,0.9972835437107211,3.990009574336472E-11,0.002710278410707852,1.4945846380597896E-10,7.505384517785328E-19,8.77128642400647E-76,6.161060986886388E-6,5.462661892361356E-77,4.743235876070694E-170,
1,7,0.0015729581125043662,0.22067918159241487,0.011691231587195056,0.04344420349127299,0.06601323303898474,2.520507977931872E-8,1.1668392838219483E-75,0.6565991669725482,1.8449242216025834E-77,4.33372513728852E-87,
1,1,1.062529615595306E-4,0.7966449353084014,1.0974334110412827E-5,0.15035889701347288,4.665324226939268E-5,2.1334938857727342E-13,7.89612168663453E-76,0.05283228713997286,7.175165659447758E-77,5.022881178898603E-97,
1,6,1.28691404938168E-4,0.006612173380633621,0.0035535615116093554,0.0077593193297859,0.004426491366450234,9.20560802879013E-13,0.9641768620858253,0.012425841060476306,9.170598593604426E-4,3.4141561918463263E-93,
1,3,7.838496808981985E-4,0.04145558184306503,0.015359784191660864,0.7426952846720299,0.06552136915125789,1.1675656844242546E-10,4.764907813010471E-77,0.13406867268131625,1.154576630151744E-4,2.454582529439093E-91,
1,6,6.979301826817086E-5,0.0014154722459337533,0.0025526829921946556,0.018143695111151714,0.025653008018400786,1.1333248188495309E-9,0.9264682752203548,0.02523449737379465,4.6257488657661555E-4,8.1717434617402E-86,
1,1,9.772726584735443E-74,0.9999936286818268,1.145159386920501E-73,6.371318173125001E-6,1.9944732449360636E-72,5.084985894825948E-21,6.9976054348559805E-74,1.4207387028342506E-70,3.95089714892663E-74,8.321201299448142E-166,
1,1,3.5819266044596424E-7,0.8694579025180132,3.304103920426205E-10,0.13019462364889903,2.1086680308632246E-9,9.864516373789483E-13,1.6513584648937663E-75,3.4711320036235395E-4,2.8741943479423634E-76,7.838078945663719E-167,
1,3,5.708114354747654E-4,0.01788677269405338,0.050546949146652344,0.5450261151053808,0.26460661116271034,7.633969729624477E-9,2.6267517784875197E-76,0.11991334424351703,0.0014493885782416746,3.9820324935871995E-87,
1,6,1.6180310219196608E-5,4.769987330711632E-4,0.0012377675836382695,9.014339215278415E-4,0.013316607692277216,3.455713337657656E-8,0.9760945225589117,0.007818242063673337,1.3821257954789494E-4,1.8229082045569777E-86,
1,1,0.0028091313934597586,0.5624487280498358,0.018283223628762828,0.05790633802004056,0.0186239892766504,6.621700518863088E-18,9.640010617389836E-77,0.3399285765673352,1.3063915481102213E-8,1.1821322257691573E-97,
1,3,0.0020810821311915795,0.11486306973644658,0.07842186264086841,0.39975077113737323,0.2311870092538063,2.8678130190291985E-12,1.2998219082415747E-76,0.17365100916469625,4.519593274984797E-5,1.766448652396835E-88,
1,6,8.813740686991333E-5,0.001895970519511202,0.0031242589184477974,9.019319596131974E-4,0.11292692068012007,1.1792489894818194E-7,0.8333335061014723,0.04717810116608407,5.510553229824556E-4,4.391047607264002E-84,
1,7,0.003624473261152944,0.26473453755120857,0.07584982755632735,0.06490548542105616,0.10519422603466697,1.2344745445626281E-11,6.52640924802737E-76,0.4856914491488728,1.0143704398200793E-9,4.230189442077094E-90,
1,4,0.0016739917699656194,0.09472304727561448,0.3547858685941447,2.688082071030799E-4,0.456583897884092,2.6040787265957395E-11,4.9860071402006155E-77,0.09175942453387277,2.0496170916646953E-4,6.574156271753383E-84,
1,1,2.0657902911772075E-10,0.9966523458634884,2.636592960214724E-73,0.00334721828463238,1.8542684138186665E-72,2.454566761677853E-8,5.412894824029707E-73,4.11099632651178E-7,9.288212446559928E-75,8.899230996593352E-156,
1,3,2.1687662074297288E-4,0.17264085407975333,1.8311480513225504E-4,0.6554286719326433,0.0016091285894205478,1.615978801142044E-10,4.504174841086996E-76,0.1699213538107096,1.4892187560521656E-77,8.741295457097031E-93,
1,1,2.2004086273451463E-7,0.8586216610569991,1.3992907684684854E-9,0.14018143577666947,4.169880166671119E-8,5.389382184454525E-5,4.2287051226784475E-73,0.0011427462055319307,9.327034907862348E-76,2.2007493945797733E-155,
0,4,5.081063265868467E-5,0.003300573308590849,0.191582522202104,4.690114111029372E-5,0.8047147711533812,8.244974292049558E-7,3.4179097787990175E-78,2.2128479863368027E-4,8.231226609233769E-5,1.6295197530777847E-82,
0,6,6.945311955708144E-5,0.0019709652678722095,0.0023739922057348537,0.07861565354941757,0.0256651004204558,8.424171300559693E-11,0.8336779859781943,0.05732452487125427,3.0232450327217104E-4,1.980309623056918E-90,
1,7,9.929633522823965E-4,0.15084962173247357,0.0048309247311026406,0.14955280079339328,0.06570427285303296,2.9680453039345817E-7,8.776937755997776E-76,0.6280691197331848,1.6623607781486905E-77,2.365814497507286E-86,
0,6,8.813186176145165E-5,0.003416318407518724,0.0032186143622066174,5.250636136658681E-4,0.025168215894566377,2.872521762696692E-9,0.9516481122593587,0.015201867709402067,7.336730189982827E-4,1.4385854208556624E-87,
0,6,4.6459719059511724E-7,6.897096958199736E-5,1.0103743837309004E-4,7.153577884053612E-7,4.670716043019187E-4,8.136023392367268E-8,0.9992313107346549,1.2098942866192263E-4,9.358509213381003E-6,2.6330024210772084E-90,
1,4,0.0016364161569369362,0.07691864722542567,0.15850320290477146,0.018756222715428674,0.6261116909089697,5.783248381817996E-9,3.340782413052906E-76,0.1180733584203092,4.558849098850941E-7,2.898180357350898E-83,
2,4,2.2812333252437877E-5,0.0027568494320954146,0.35428537562186757,6.526916315466797E-4,0.6391268446616554,1.004606585041732E-10,0.0029863119258469652,9.892016070109559E-6,1.5922227720484254E-4,6.000880368145754E-91,
1,7,0.001654821203447408,0.3695655017489056,0.00884579059056481,6.813602146863759E-4,0.05565402846461759,2.7402751441884635E-14,5.052712762229759E-77,0.5635984977716972,6.053510886962044E-12,1.205268402640051E-88,
1,6,8.320397042025921E-8,2.320110704228722E-5,6.71070852198498E-5,1.7113967477417726E-5,1.6336023259949433E-4,1.8929753980236007E-8,0.999693219652238,3.388802277958052E-5,2.007798918934802E-6,2.2739387822853555E-93,
1,6,0.0010253401601824131,0.06280945625928981,0.0062825759968761444,0.040266361531678424,0.027801706824987702,2.1693432636681175E-16,0.5787950005973546,0.2790350645510935,0.003984494078537314,5.81608015825032E-91,
1,1,0.0020631284751254607,0.7834557967978413,0.08708080205963525,0.016984049360275703,0.017420698193462,3.919650809261546E-11,9.244342332774187E-76,0.09290695220109933,8.857287336436811E-5,1.0997829383078559E-97,
1,7,8.641517351409442E-4,0.1642843762489979,0.006447559272058432,0.16666145977577923,0.10801332996713099,8.556624382915475E-6,2.5165063425924873E-75,0.5537205663765097,1.8642024795245547E-77,2.0020554247059075E-86,
3,3,1.8073225855851764E-6,5.4476416698325325E-5,3.475265488371293E-4,0.7549357734113168,0.07835058611331802,5.027610715726556E-7,0.14438893361506425,0.021917635082883767,2.758728224580697E-6,2.815565464032915E-88,
1,1,5.413873772081549E-5,0.825686871889142,5.518415784266565E-6,0.14740468883301466,2.001052954849562E-5,2.708455935774585E-14,1.4258493070590263E-75,0.026828771594762692,5.615496369109573E-77,5.209752908954005E-101,
1,6,2.684597110869111E-4,0.02034314392785099,0.00549957483351653,0.003236113699964377,0.004284181003301984,3.1740440769555864E-17,0.9444403280220883,0.020677036152085937,0.001251162650104702,5.065028621375657E-95,
1,6,0.0022104398667307087,0.08918885351801022,0.02675600375843478,0.004572941767838697,0.039033652080416426,2.9088229271987094E-14,0.6521707260231066,0.17798915275734897,0.008078230228084534,2.572071756242961E-91,
1,6,3.672107748219127E-5,8.831005596412812E-4,0.0022626113410591786,6.909087353429552E-5,0.012249856528663955,1.6123995498663246E-10,0.9737399904127259,0.010527690879524623,2.3093816612854577E-4,4.886660080032694E-84,
1,7,0.0021471437812691212,0.10121562178705124,0.015747402392935952,0.14956788853476224,0.08423363023438772,6.528840661456076E-11,9.579703174279599E-77,0.6470883131951545,9.150743335691376E-12,1.5559777811572552E-87,
1,6,4.547568804905957E-5,0.0016654468627230806,0.0017419839311310112,0.05019639817134932,0.012521188014492958,3.8004880430401227E-13,0.9049364653270451,0.028709574377612703,1.834676272168248E-4,2.4547405650588653E-92,
1,6,5.2134158582914317E-5,0.0017392909140285142,0.002852647252469372,9.780926965763888E-5,0.007427164726949667,4.169329261469825E-12,0.9806574415771385,0.006804724850856184,3.687872461477988E-4,8.974328482499843E-86,
1,3,8.140543068689302E-8,2.754948093374083E-6,4.647232948862121E-5,0.9803237299607918,0.017440886230594255,9.845202885676676E-9,7.832741732985745E-79,0.0021860602927388597,4.987659454812307E-9,1.1883636999521844E-89,
1,7,7.44773297285788E-4,0.44317343791637165,0.006700210993735221,0.0035194707212691887,0.03361014318062961,2.6035513839382605E-21,2.809102409847555E-77,0.5121826267990224,6.933709168606712E-5,6.686755897467065E-92,
0,1,4.763207318019873E-4,0.5501029988905486,0.17892822979285267,0.031549350462984724,0.2018191922943089,5.639346299741817E-4,6.0927325079761714E-74,0.03655997318413448,1.3394548983007002E-11,2.200817744768862E-92,
0,6,9.898737715800673E-6,3.390793500783084E-4,0.001565375757928004,2.426624656351552E-4,0.05154743287251984,1.514933471876148E-8,0.9428189376636982,0.0033751942310604743,1.0140377202940262E-4,3.042055438598026E-81,
1,3,1.556721435132641E-7,0.07180653924566169,7.150890237369897E-10,0.9276144128266448,2.29472443959852E-8,2.496735073882585E-14,1.9846061234207364E-76,5.788685931916831E-4,7.783393089501956E-78,4.553940602135514E-165,
2,6,5.931790098878888E-5,0.0074706470396803575,0.04001651910801412,2.231125739628703E-7,0.013557659781994373,8.208160760304419E-15,0.9379357886527805,5.886234197136029E-4,3.7122098424610184E-4,1.0209832312795656E-86,
2,6,7.24333878221641E-5,0.0034351844222548643,0.0024812928076889066,0.03262334819154562,0.00659926751557662,1.1887362208864487E-12,0.9453669634072955,0.008861834524210221,5.596757424172716E-4,5.61009699517941E-91,
2,4,5.466301671469754E-5,0.003029631373034827,0.1653345432801461,0.0015946204103214716,0.4781275037366744,9.246285712615507E-8,0.35075937185304445,4.824147983392533E-4,6.171590688675365E-4,1.3063436477736836E-85,
1,6,8.538974907503554E-5,0.0032461411554179248,0.004020201273944855,5.541544446833179E-4,0.004342108230281707,2.8005392433676164E-13,0.9795436901678425,0.007657282981732499,5.510319967421049E-4,9.414017474152797E-90,
0,7,3.120524966536737E-4,0.01731361628203747,0.0061292421158709335,0.022220507635713763,0.061660566409595934,7.980711867856216E-10,0.26076741422844435,0.6306432824319137,9.53317601698894E-4,2.340648659205972E-89,
1,4,2.6697088453876906E-7,1.4406431813890442E-5,0.015059449806530309,0.030855095839216702,0.7027078875123364,9.997430507585164E-5,0.2512438333394313,1.8619876165972347E-5,4.659185448037613E-7,2.6937375029425114E-85,
1,6,2.1554010790644627E-5,0.001167220569635133,0.0011032720412135196,0.016930630423037423,0.0035457009543856475,2.4191772762443885E-12,0.9702685036116051,0.006829550555527571,1.3356783138578914E-4,3.5689495517684793E-94,
1,4,0.002228783469273271,0.15500621896152741,0.2192467149377868,0.20388165663472566,0.30883333568166854,7.51505056581517E-10,7.640481390244164E-76,0.10824604752732692,0.0025572420361863134,1.0613606050670472E-88,
