6,6,0.04073482894683025,0.0015274953551490116,0.0652708636545542,9.98905112548239E-5,0.003134688621084623,0.07145005439083753,0.8167514723772972,2.1080250257171897E-4,2.589025864324357E-4,5.6100105398826E-4,
6,6,0.04073482894683025,0.0015274953551490116,0.0652708636545542,9.98905112548239E-5,0.003134688621084623,0.07145005439083753,0.8167514723772972,2.1080250257171897E-4,2.589025864324357E-4,5.6100105398826E-4,
3,3,0.004024305869615763,0.2256645298903907,2.2369175458881638E-4,0.7587968330898688,0.006991376339602206,0.003222089645417782,7.617287777272521E-4,4.073165889877685E-6,1.8433627720810346E-4,1.2703518969075836E-4,
3,3,3.8142853056116207E-4,0.02138875443980242,2.1201772433765533E-5,0.9768555973282038,6.626510236084916E-4,5.882711193232268E-4,7.219756593760021E-5,3.8605954180521443E-7,1.7471613148360178E-5,1.204054743928567E-5,
3,3,4.43467113993843E-5,0.002486759233607259,2.4650198082779674E-6,0.9971646983995426,7.70429879989281E-5,2.0981581406043876E-4,8.3940354846093E-6,4.4885134990365114E-8,2.031333589105439E-6,4.401579374670687E-6,
3,1,0.0118378162418609,0.6638101883153913,6.580071126389516E-4,0.2904816732755794,0.02056569034942843,0.009478033323769265,0.0022406858695692214,1.1981541883045711E-5,5.422398413534628E-4,3.736841285259272E-4,
5,5,0.003956939507823133,0.12231602902731278,6.756177967360201E-4,7.725457704002979E-4,8.257842413579048E-4,0.5820416687534236,0.28603756286811627,0.003067692886171991,1.8125051167629697E-4,1.2490863698170186E-4,
5,5,0.0036607521088998464,0.1131603503992723,6.250460158215296E-4,0.07531958172513921,7.639721044687578E-4,0.5384743087793288,0.26462689394766276,0.002838067951331725,1.676834309815376E-4,3.633435370934745E-4,
5,6,0.043496354199865715,6.474492430852776E-4,0.003343442457868115,2.4307631642652507E-4,0.0033471977198420316,0.07629384862374324,0.87212128427384,4.0374618866678915E-5,2.764542995240163E-4,1.9051824693850993E-4,
6,6,0.04329393868349217,6.444362601519825E-4,0.007981503634558082,2.4194513154878605E-4,0.0033316211326238736,0.07593880602191187,0.8680627629714459,4.018673072118675E-5,2.751677861869512E-4,1.89631647359257E-4,
5,5,0.0053616333020565015,0.1657376094103947,3.295778263765145E-4,1.362305569189332E-4,0.0011189335293158866,0.7886635588446764,0.03820174483463371,3.586757584010184E-5,2.455935395264708E-4,1.6925058026070634E-4,
5,1,0.0054298886459152726,0.8278008558062007,9.271128346092439E-4,1.379648164220974E-4,0.0011331779187576767,0.1609409685504497,0.0031735820248617,3.6324181800343E-5,2.4872002553278554E-4,1.7140519545036522E-4,
5,6,0.003959858756730657,0.0011074509600330728,9.38149447747549E-5,2.879931123133165E-6,3.047250843259473E-4,0.18895587609503037,0.8055292059174377,3.675659512386787E-6,2.5168085899240632E-5,1.734456513274305E-5,
5,6,0.003958591189517986,0.0011070964603872972,2.734989709110272E-4,2.527733828731015E-5,3.046275405625206E-4,0.18889539053534424,0.8052713526774633,8.44874439919401E-5,2.5160029490552446E-5,5.451781404377385E-5,
5,5,0.019100464424656842,0.005341813676614058,0.004594095038805113,1.0674160213629597E-4,0.0014698480400532653,0.9114327583145369,0.057731488587535885,1.7729623218041124E-5,1.2139880710089956E-4,8.366188534275435E-5,
6,6,0.0432763419374137,6.441743301548862E-4,0.00797825956628773,2.4184679337087365E-4,0.0033302670010090757,0.07590794082628163,0.8677099403712234,4.017039689438032E-5,2.7505594471884397E-4,5.960028326456148E-4,
5,5,0.002770240552586248,0.02331025393681582,1.7028577085106814E-4,1.1157235771029333E-4,5.781288767679057E-4,0.9526810512896579,0.01973801950981304,4.2610667594854474E-4,1.268928970559152E-4,8.74481327932525E-5,
6,5,0.0023443105433573657,0.019726255909941783,4.0027347424359983E-4,8.289771312970934E-4,4.89240409090487E-4,0.8062044398671738,0.16946452507101178,3.605919248018204E-4,1.0738286109039319E-4,7.400280799179963E-5,
5,5,0.023892731787109475,0.006682063775752711,2.0378740863455388E-4,2.0523504001211654E-4,0.001838629899672303,0.48765326450649354,0.4790599192575235,2.21779493323904E-5,1.5185751889846744E-4,2.90332856570681E-4,
6,6,0.01693034572219188,6.969012645212349E-4,0.003598813809155039,4.021648262888433E-4,0.0036028558971583553,0.03512526988421766,0.9387337035565418,4.345842279260401E-5,2.9756981412555785E-4,5.689168030069244E-4,
6,5,0.008759291474600424,0.00677432989020138,0.001861926485995284,2.0806893090662555E-4,0.001864017750259346,0.4943867937609573,0.4856747913720906,2.248418304700477E-5,1.5395437156087694E-4,2.9434178038098097E-4,
1,2,0.3537793033355929,0.22024002749089225,0.39315107731614213,3.9156043080493973E-4,0.01228765386714308,0.011969439459343655,0.004961563582782177,5.437391252179634E-6,0.0010148712525996008,0.0021990658734471146,
0,2,0.4535907854172625,0.01502920872724897,0.5040704876347982,5.020310732497992E-4,0.01575436017874069,5.641071100515831E-4,0.006361365690963057,6.971438253858361E-6,0.001301196096616713,0.002819486632814624,
0,0,0.4871203473381645,0.01614017217898419,0.46741123478433466,5.391413552438682E-4,0.01691892703529917,6.0580607062261E-4,0.0068315996809248155,7.486768983946856E-6,0.001397380888052922,0.003027903899389269,
1,1,0.014175882767927767,0.9754232363415114,0.004026076194704202,5.481400140396012E-4,0.001335258432161035,0.0034565340646701506,7.064774663191006E-5,3.610385295597471E-5,2.93074464161862E-4,6.350461212358545E-4,
1,1,0.024098816517493,0.9589594263195688,0.006844277219979148,1.9222569002878096E-4,0.0022699219855913037,0.005876062999011862,1.2010025134438993E-4,6.13760809259125E-5,4.982227811433658E-4,0.0010795701549135765,
0,0,0.9794445524807716,0.002269591208627446,0.00843834661267475,2.3699609881207723E-4,9.512247731492148E-4,2.6630061667091016E-4,0.003003038919714601,3.2910386573852813E-6,6.142615768610435E-4,0.004772396674060913,
0,0,0.9320693511689944,0.0021598123139142896,0.05616490973552965,2.2553272616592876E-4,9.052145472445917E-4,4.881555824051024E-4,0.002857783557368431,3.1318529040687108E-6,5.84550077840325E-4,0.0045415584376333066,
1,1,0.3835924903227168,0.5290855373685771,0.012057681439243843,9.406508131373641E-4,0.02951879376043633,0.028754343070581844,0.011919229961471153,1.306231707885903E-5,0.0024380386624487963,0.0016801722843080744,
1,0,0.9790891663101623,0.002268767699704519,0.007283423767560653,2.3691010605649714E-4,0.0024655852667745453,2.66203990929157E-4,0.003001949283247521,3.2898445217674896E-6,6.140386953625457E-4,0.004770665035680438,
1,1,0.013019550722025468,0.8958575990570883,0.003697667657514991,0.08207380109337338,0.0012263409037117784,0.003174583291503918,6.488498358295975E-5,3.3158848201280225E-5,2.691682707844211E-4,5.832451722133107E-4,
1,1,0.005918578897514631,0.9023029745195222,0.003724271055658923,0.08266429277891882,0.0012351639885164196,0.003197423284458212,6.535180786564285E-5,3.339741427113781E-5,2.711048403570917E-4,5.874414129166584E-4,
1,1,0.013019550722025468,0.8958575990570883,0.003697667657514991,0.08207380109337338,0.0012263409037117784,0.003174583291503918,6.488498358295975E-5,3.3158848201280225E-5,2.691682707844211E-4,5.832451722133107E-4,
1,1,0.013019550722025468,0.8958575990570883,0.003697667657514991,0.08207380109337338,0.0012263409037117784,0.003174583291503918,6.488498358295975E-5,3.3158848201280225E-5,2.691682707844211E-4,5.832451722133107E-4,
0,0,0.669603681963113,0.022186547487953148,0.26789467919100207,7.41112619381632E-4,0.02325703678692132,8.327510391654787E-4,0.0093908298535303,1.029143640796809E-5,0.0019208628686076098,0.004162206753917453,
0,0,0.8139199670543369,0.0058958790016194335,0.1707416782005735,1.9694413170052237E-4,0.0020496489473636656,2.2129623223525113E-4,0.002495530076109114,2.7348583121004795E-6,5.104523386598756E-4,0.003965869159089677,
1,1,0.03551641335165845,0.665238913691533,0.28444970498898886,2.832988524110386E-4,0.0033453712325564808,0.008660038645540998,1.7700164517577604E-4,3.934020346963208E-6,7.342720014261284E-4,0.0015910515703620647,
0,0,0.624302216989455,0.004522324652058648,0.36377555587328647,1.510623439902551E-4,0.0015721452153585203,3.269677432790382E-4,0.001914150066519717,2.097722351714201E-6,3.915330002851964E-4,0.0030419463934154853,
1,1,0.00923078962643186,0.8138330719828057,0.16379747508311338,1.6313476830875258E-4,0.0019263980643947104,0.009605926534933792,1.0192460057735543E-4,2.2653656813710206E-6,4.228230782045633E-4,9.161908955483614E-4,
2,0,0.5332592232580058,0.07257669255083274,0.3778183971437558,1.290326800507548E-4,0.004049206164050148,0.007597880317133265,0.0016350064918779655,1.7918081362587385E-6,3.3443511480512207E-4,0.002598334471352093,
1,1,0.0062258629533527635,0.9491492398825818,0.035306352641873234,5.333753167766048E-4,0.001299291916282308,0.006478880417253118,6.874477920640535E-5,3.5131359714705566E-5,2.851802115475066E-4,6.179405214111168E-4,
2,2,0.2659492205071629,0.008811921393364348,0.7088304909121443,2.9435071631434733E-4,0.00923709198649369,6.371090696969398E-4,0.003729794125593472,9.398376139216745E-5,7.629169258891386E-4,0.0016531206019488017,
1,1,0.016054109051257988,0.6662338833264873,0.2848751443511656,2.837225704918141E-4,0.003350374762454596,0.026606107817564045,1.772663790310308E-4,9.059028189419542E-5,7.353702209231854E-4,0.0015934312387301897,
2,0,0.6223018187857006,0.004507834153923951,0.36260994096958193,1.5057830784021505E-4,0.004725334791457533,3.2592006850143597E-4,0.0019080167191591274,4.8078414525676875E-5,3.902784445761714E-4,0.003032199344733439,
2,2,0.06834974023121179,0.23749462913161612,0.49077065948743914,1.6760817885701307E-4,0.005259753348578663,0.18967027426242283,0.006557894020616829,3.537095076469572E-4,4.34417548455739E-4,9.413142831551605E-4,
2,1,0.15084404634642365,0.5241373372096141,0.29389197380762644,3.699018579152063E-4,0.011607980881856387,0.01130736802263969,0.00468712219889712,1.1810661916547068E-4,9.587351845272021E-4,0.0020774278713347224,
1,1,0.044035396656281124,0.8248034266734964,0.11271020692262962,3.5125104595075315E-4,0.004147793520970995,0.010737239513440746,2.1945734151012362E-4,1.1215156839003685E-4,9.103948227050117E-4,0.0019726819346250492,
1,1,0.006380951760373913,0.9727929378568761,0.01170932911360928,1.1276988525848422E-4,0.001331657812348159,0.00664027199337243,7.04572399328838E-5,3.600649633560572E-5,2.9228416791890797E-4,6.33333673973858E-4,
0,0,0.6379065289999699,0.00462087166007046,0.3464203072967202,1.543541779846842E-4,0.004843826298086883,5.320614703184742E-4,0.0019558617472269523,5.788922329473044E-5,4.0006498520105816E-4,0.0031082341411266,
0,2,0.3669362199016546,0.0026580150892247982,0.6235222125168713,8.878751983384986E-5,0.0027862629254893695,9.976607801963527E-5,0.0011250496484222958,7.656445523320233E-4,2.3012514641419283E-4,0.0017879166217380324,
2,2,0.3669362199016546,0.0026580150892247982,0.6235222125168713,8.878751983384986E-5,0.0027862629254893695,9.976607801963527E-5,0.0011250496484222958,7.656445523320233E-4,2.3012514641419283E-4,0.0017879166217380324,
2,2,0.3669362199016546,0.0026580150892247982,0.6235222125168713,8.878751983384986E-5,0.0027862629254893695,9.976607801963527E-5,0.0011250496484222958,7.656445523320233E-4,2.3012514641419283E-4,0.0017879166217380324,
2,2,0.3669362199016546,0.0026580150892247982,0.6235222125168713,8.878751983384986E-5,0.0027862629254893695,9.976607801963527E-5,0.0011250496484222958,7.656445523320233E-4,2.3012514641419283E-4,0.0017879166217380324,
0,0,0.9030122761924088,0.009571201801847647,0.03072642417148993,9.994476006773099E-4,0.031363910163811404,0.0034451128363717234,0.012664259277234928,1.3878796766473933E-5,0.002590431919593881,0.00561305723979795,
0,0,0.9742481769535353,0.002257550048989087,0.007247411749297349,2.3573873235391654E-4,0.007397774949550578,2.6488777711419233E-4,0.002987106503826212,3.273578278750156E-6,6.110026544266518E-4,0.0047470770526279885,
0,0,0.9100810288549583,0.006592451156122024,0.07066217879961524,2.202122140505151E-4,0.006910533472463985,7.590752379986091E-4,0.002790365971022133,3.057969784740247E-6,5.707600358180994E-4,0.0014103362881662872,
0,0,0.9105468954503958,0.006595825803739451,0.07069835046743367,2.2032493974326236E-4,0.006914070945061919,2.4756807228348284E-4,0.0027917943474564627,3.0595351464249805E-6,5.710522054450539E-4,0.0014110582332944224,
0,0,0.8846903163770056,0.029313195618766007,0.03010299044441494,9.7916898513686E-4,0.03072754195838863,0.0033752121045525626,0.012407303690155063,3.672290103445514E-4,0.002537872512832033,0.005499169298403865,
0,0,0.9742481769535353,0.002257550048989087,0.007247411749297349,2.3573873235391654E-4,0.007397774949550578,2.6488777711419233E-4,0.002987106503826212,3.273578278750156E-6,6.110026544266518E-4,0.0047470770526279885,
0,0,0.907337166085403,0.006572575144301237,0.07044913477883406,2.1954828185505467E-4,0.006889698453480328,7.567866524564445E-4,0.002781953114299963,3.0487501117916407E-6,5.690392140857733E-4,0.004421049525172419,
2,2,0.3537793033355929,0.22024002749089225,0.39315107731614213,3.9156043080493973E-4,0.01228765386714308,0.011969439459343655,0.004961563582782177,5.437391252179634E-6,0.0010148712525996008,0.0021990658734471146,
1,1,0.10123416597017747,0.8806971550643907,0.0062857043902699306,1.7653783225049665E-4,0.0020846698828550616,0.005396507739717779,1.1029867039053899E-4,2.451486895098943E-6,4.575619926124048E-4,0.003554946970440422,
1,1,0.02410023136363254,0.9590157270114027,0.006844679048807367,1.9223697563590836E-4,0.002270055253146416,0.005876407983797479,1.2010730245317986E-4,2.669492541724344E-6,4.982520318983983E-4,0.0010796335366844165,
0,0,0.8595188120415453,0.11698069127069648,0.007405133488925489,2.0797767958736637E-4,0.0021644779580921774,0.006357578674633412,0.0026353390176605154,2.888075317805326E-6,5.390497905053544E-4,0.004188052003036066,
0,0,0.9322881925669269,0.0021603194181822887,0.0561780967450004,2.2558567919674284E-4,9.054270833790535E-4,2.534793010658511E-4,0.0028584545389299413,3.1325882346176507E-6,5.84687324876756E-4,0.004542624754207323,
1,1,0.0062011269700332555,0.9453781739369661,0.03516607693125038,5.312561626870155E-4,0.0012941296980630624,0.010276985924807885,2.511959894365481E-4,1.5218438283451358E-6,2.840471617183108E-4,6.154853812089319E-4,
1,1,0.01373335187010628,0.9449732864088873,0.035151015967972966,5.310286357560819E-4,0.0012935754468767027,0.0033486308639996618,6.844232413668327E-5,1.5211920515189218E-6,2.8392550971032443E-4,6.152217805024242E-4,
5,5,0.0025754819464309333,0.07961272187662839,0.012400656824964261,3.497466562943163E-4,5.374841846987142E-4,0.8857038952854502,0.018350360533985574,9.605449952047668E-5,1.1797183648644679E-4,2.5562635554086477E-4,
5,5,0.002315648689385981,0.019485080069183425,0.011149588823189942,3.1446168255514173E-4,4.83258890472152E-4,0.7963476766529188,0.167392629142088,0.002332488026552877,1.0606998388121827E-4,7.309803977235727E-5,
6,6,0.00394072387883628,0.0027763994162955277,0.0026327695503036443,7.425432055812441E-5,3.032525880481395E-4,0.18804280120053893,0.8016367178408401,5.507739836991863E-4,2.5046468366873196E-5,1.7260752513067668E-5,
6,6,0.027078175632079312,0.0010153912161481847,0.04338832285272309,5.102289821197455E-4,0.002083761027802595,0.09149003277488085,0.8303588065467248,0.0037845723584649478,1.7210357544812082E-4,1.1860503360837445E-4,
5,6,0.00394097842987621,0.00277657875780242,0.002632939614040036,9.664121843212023E-6,3.0327217664760073E-4,0.18805494782437468,0.801688499560759,5.508095609420045E-4,2.5048086243376398E-5,1.726186747129292E-5,
5,5,9.803991182780701E-4,0.022813135982765596,0.013053941019089445,3.681718063271142E-4,5.657996140676697E-4,0.9323640330210777,0.029543634690507945,1.0111478682598498E-4,1.2418676019704928E-4,8.558320086340204E-5,
6,0,0.9456499563424784,0.0068501055953450315,0.01953999883871332,2.2881882381941E-4,0.007180619603466421,0.009518133108420618,0.008952842318094902,2.100135598899209E-5,5.930671949425248E-4,0.0014654568187303845,
6,6,0.3023697854745344,0.002031418012690014,0.02857837638732644,3.3466074003344416E-4,0.010502070722517548,0.06908500145956072,0.5856028119567173,3.071569558686677E-5,8.673950116344753E-4,5.977645393988632E-4,
0,0,0.9493723728076986,0.006877070061092196,0.019616915263146864,2.2971953655314932E-4,0.007208885090566745,7.918471399684107E-4,0.01067873004001361,3.189992911033175E-6,5.954017195481982E-4,0.004625868348501248,
0,0,0.8332380091942364,0.0019307980789434248,0.15516460386203457,2.0161851639360968E-4,0.002098296488080076,2.2654860361421314E-4,0.0025547604146227876,2.799769003886333E-6,5.225677064942959E-4,0.004059997366576582,
6,6,0.28362976494256553,0.001905516493769802,0.026807169785356175,3.139194178486623E-4,0.009851182206459974,0.12482883000040376,0.5493088128640999,7.78146404181498E-4,8.136363323344031E-4,0.0017630215529803484,
6,6,0.045039207901543976,6.704148336438079E-4,0.0025591733066495813,1.1044576889398279E-4,0.003465925748599976,0.04391832848064641,0.9030561885090651,2.7377401025681597E-4,2.8626037516441585E-4,6.20281065535901E-4,
5,5,0.0026986046786609975,0.04824194005680705,4.6076654537018335E-4,3.664665420504404E-4,5.631789955057792E-4,0.928045595131366,0.019227612471038366,4.377261917942819E-6,1.2361156339446802E-4,2.6784675388915057E-4,
5,5,0.002295385124005062,0.04103373585436866,3.9191982517672975E-4,3.11709920211632E-4,4.7903003306045604E-4,0.7893790707129227,0.16592782513254534,3.72322110376879E-6,1.0514179643068577E-4,7.245838017505585E-5,
6,6,0.04063966696465663,6.049270588197008E-4,0.0023091869447267217,9.965715372523291E-5,0.00312736557124271,0.13731074475164579,0.814843432229244,2.4703108955062417E-4,2.582977555309253E-4,5.596904808576179E-4,
6,6,0.004804909577307354,7.152174305520188E-5,2.730198177106122E-4,9.053800950690913E-5,3.697547225983362E-4,0.016234525570747702,0.9774325889110869,6.715566151235775E-4,3.05390632365883E-5,2.1045969626794196E-5,
6,6,0.004864599672449322,7.241023837004539E-5,2.764114692354931E-4,1.1929038635838522E-5,3.743480857440907E-4,0.004743535605877084,0.9895749702167633,2.956981311775663E-5,3.091844177864196E-5,2.1307418028510446E-5,
6,6,0.004872545135364542,7.252850768353277E-5,2.768629384675022E-4,1.1948522609952999E-5,3.749595171121244E-4,0.0024665686864425887,0.9911912658540422,6.810096767681487E-4,3.0968941583166456E-5,2.134221992613081E-5,
6,6,0.004839942430850201,7.204321192142483E-5,8.019953682649091E-4,9.119812699217791E-5,3.7245062412054986E-4,0.008489397375011656,0.9845591023624622,6.764529704378299E-4,3.076172518526592E-5,6.665580475355709E-5,
5,1,0.00444750506954957,0.6780338866700578,0.002214526251206351,0.0029277715960500856,9.28161674580138E-4,0.3081963688814024,0.00259941281757623,7.214059445141345E-6,2.0372122645419402E-4,4.414317536777825E-4,
5,1,0.004440198381590367,0.676919962805287,0.002210888064842989,0.004565835079240071,9.26636822415656E-4,0.30769004125223487,0.00259514231129503,7.20220765847432E-6,2.0338653826180558E-4,4.4070653717348025E-4,
1,1,0.006284252157254047,0.958050828130747,0.003129089490357493,0.006462066889926556,0.0013114773147074774,0.02265965713482248,0.0011894959950278384,1.5422439191291691E-6,2.8785477178845946E-4,6.237358714491565E-4,
5,5,0.0013402333990291853,0.01127742528958574,6.673364051261754E-4,1.8200172228502708E-4,2.796968764550825E-4,0.8878266903107607,0.09688222283278207,0.0013499795415213662,6.139037224588278E-5,1.3302325020866278E-4,
6,6,0.0048058362018493445,7.153553598956089E-5,1.138574089559833E-4,1.1784938040031418E-5,3.69826029621905E-4,0.016237656391334294,0.9776210863240896,6.716861244995386E-4,3.054495268050585E-5,6.618609293907967E-5,
6,6,0.004804630718113898,7.15175921975714E-5,2.7300397264944294E-4,1.0344431633468889E-4,3.6973326340080856E-4,0.016233583378884562,0.9773758623361094,6.715176404596336E-4,3.0537290862227006E-5,6.616949098778546E-5,
6,6,0.004842431336412694,7.208025962466773E-5,2.7515184198001843E-4,1.0425816850072653E-4,3.726421541735148E-4,0.008493762986514424,0.9850654047950819,6.768008315095146E-4,3.077754418105348E-5,6.669008202143654E-5,
5,5,0.002605020899407776,0.08052582338414674,0.0012971063723293205,2.2317449931708678E-4,5.436487474438011E-4,0.8958622913675891,0.01856082616651414,4.22546468869265E-6,1.1932488985783386E-4,2.5855820870583304E-4,
1,1,0.0034553943625848732,0.5267839908001523,0.0017205290167301862,0.0035531657456366957,7.211154496191175E-4,0.4612394035057581,0.002019558439040394,5.604809876162349E-6,1.5827686903569746E-4,3.429610015663556E-4,
5,1,0.0033898286296103848,0.5167883217529298,1.946209646974481E-4,0.23516422533530398,7.074323622339385E-4,0.23490313297876655,0.008562444156230344,2.7713579327603024E-5,1.5527358262543977E-4,1.0700665827442054E-4,
3,1,0.0031424565507325542,0.47907579541011514,5.365509295623788E-4,0.3350878691138782,6.558076244573338E-4,0.17941662565271962,0.0018366571164983242,5.097210235008086E-6,1.4394252341101607E-4,9.919786839050387E-5,
3,1,0.004176136990266394,0.636663106730015,2.3213131432406326E-4,0.3455236772542545,0.0027910049590785012,0.010257317995023373,3.248082148315451E-5,1.0248827891564125E-6,1.9129101286981996E-4,1.318280398959181E-4,
3,3,0.0011308931183532905,0.1724076407906514,6.28608942990258E-5,0.8215101225092354,0.001964686494128007,0.0027776699759538654,5.834841053753906E-5,2.7753708656520317E-7,5.1801387397378114E-5,3.5698882357493456E-5,
3,1,0.002555341396962433,0.9813976388768189,0.004005460319510765,0.005224101244512882,0.004439362702824323,0.0020459525996333367,1.3184279440186137E-4,2.58636638275548E-6,1.1704928386986241E-4,8.066441508303248E-5,
3,1,0.01186330591483125,0.6652395317237398,6.594239606260007E-4,0.29110715036564366,0.02060997324001451,0.00949844181507281,9.226946398496972E-5,1.2007341031979905E-5,5.434074144890145E-4,3.744887605658007E-4,
3,1,0.005512302063591447,0.8403649988542502,3.064022866000631E-4,0.13526335384141425,0.00957645354820242,0.00850153526854936,4.2873138430575496E-5,5.579228186814439E-6,2.5249503247774054E-4,1.740067382969471E-4,
1,1,0.06112816522507194,0.9195583902956487,0.0037954930812347625,0.006202434832061674,0.004139779588199091,0.002684784257547412,6.660157944823537E-5,1.4802798495406437E-6,2.7628938132768203E-4,0.002146581479611018,
1,1,0.06129703171630435,0.9220986693680007,0.003805978126823244,0.006219569051669467,0.0041512157248958315,0.001397622105243639,6.678556624042108E-5,1.4843691210460708E-6,2.770526304488979E-4,6.845913412524422E-4,
0,0,0.9735951576811842,0.002256036857868838,0.007242553952630233,2.3558072134695967E-4,0.008063096577108842,2.6471022807940045E-4,0.002985104305452422,3.271384064015002E-6,6.105931114393144E-4,0.004743895180825677,
0,0,0.9767097939395488,0.004033468834203822,0.007265723666413271,2.363343695658215E-4,0.003119568419118002,2.6555706474228996E-4,0.002994653977132083,3.281849575619517E-6,6.125464648727128E-4,0.004759071414827571,
1,1,0.3685533485108581,0.5083421896028391,0.008731577099392217,9.037716214662454E-4,0.02836147880595239,0.02762699919901256,0.05351133275385766,1.2550195377062527E-5,0.0023424528256235887,0.0016142993856212264,
0,0,0.9736077367661212,0.002256066006410749,0.020117691454619453,2.3558376510686335E-4,9.455561279053176E-4,2.6471364819957764E-4,4.4999731399492413E-4,3.2714263310884138E-6,6.106010004500091E-4,0.001508782490860546,
0,0,0.9790891663101623,0.002268767699704519,0.007283423767560653,2.3691010605649714E-4,0.0024655852667745453,2.66203990929157E-4,0.003001949283247521,3.2898445217674896E-6,6.140386953625457E-4,0.004770665035680438,
1,1,0.011018172917852283,0.9714178175718685,0.0018812705365089412,1.9472300408544867E-4,0.002299411842442942,0.01146594862210052,1.2166054250966944E-4,2.7040146953454593E-6,5.046954787027556E-4,0.0010935954692335341,
0,0,0.829831536556577,0.006011139337166414,0.15453025452660216,2.0079425255571206E-4,0.0020897181593271,2.2562241972582083E-4,0.002544315954153919,2.7883228907730716E-6,5.204313270038564E-4,0.004043399143997193,
1,1,0.0222415066316017,0.9230063958636627,0.03422435960510376,3.9307179320762707E-4,0.004641639237628436,0.012015639635247285,2.4558643099971633E-4,5.4583787372795755E-6,0.0010187884978932421,0.002207553925917911,
1,1,0.010921409488616632,0.9628866645440769,0.0018647489054009695,1.9301291423962216E-4,0.0022792180247602173,0.02044375683267248,5.634899303466295E-4,2.680267588036839E-6,5.002631589703361E-4,3.447559333280326E-4,
0,0,0.9573196742384942,0.00693463877733213,0.019781130636591475,2.3164254427258748E-4,0.007269231467221117,2.602850962366353E-4,0.002935202644259069,3.2166966955040787E-6,6.00385893380506E-4,0.004664592005516877,
1,1,0.00641080943661619,0.9773448194068476,0.0010945977158098922,5.492198494681298E-4,0.0013378888903001207,0.012000376815775307,3.3076560005094606E-4,1.5733028565546023E-6,2.9365182064285806E-4,6.362971616322794E-4,
1,1,0.0064705385856451605,0.9864506858264007,0.0011047960208352998,5.543368997506075E-4,0.0013503539254416286,0.0034956112092068294,7.14464403970152E-5,1.587961230308486E-6,2.9638775805157654E-4,2.0425537304083867E-4,
1,1,0.006470675248941437,0.9864715205066305,0.0011048193550699896,5.543486078189497E-4,0.0013503824460688002,0.0034956850394983934,5.032709610010341E-5,1.587994769404688E-6,2.9639401801393627E-4,2.042596870886098E-4,
1,1,0.006468841156007066,0.9861919081978499,0.0011045061974326582,5.541914794164774E-4,0.0013499996843309974,0.0034946941983597067,3.3375974559155045E-4,1.5875446571869763E-6,2.963100060440387E-4,2.0420179031053725E-4,
1,1,0.006468841156007066,0.9861919081978499,0.0011045061974326582,5.541914794164774E-4,0.0013499996843309974,0.0034946941983597067,3.3375974559155045E-4,1.5875446571869763E-6,2.963100060440387E-4,2.0420179031053725E-4,
1,1,0.014189542627212209,0.9763631527029352,0.004029955715661619,1.1318375824508815E-4,0.0013365450851751902,0.0034598647756888716,1.0660102921517804E-5,1.5717225964470283E-6,2.9335687027411936E-4,2.0216663928982557E-4,
2,0,0.903956275816232,0.011669699185129443,0.049808964313097885,2.187302081802603E-4,0.022108864728452398,1.9788384304192352E-5,0.010167880711410717,8.203290657870215E-5,5.669188786541497E-4,0.0014008448679600648,
0,0,0.9631406095659049,0.00397743286260175,0.016960346883199934,2.3305103540211555E-4,0.007812229274540174,2.1083980531972953E-5,1.5317418828295282E-4,8.740381118028356E-5,0.006122106627249863,0.0014925617711056347,
0,0,0.9778855681680911,0.00403832436932419,0.0019107488852008092,2.3661887153639464E-4,0.00793182863116558,2.1406760422079923E-5,1.5551916994266455E-4,8.874189781553346E-5,0.006215831476851682,0.00151541176964954,
1,0,0.443860043196539,0.09010781576230964,0.002749871432297412,0.0030099338079808496,0.3042388152778702,0.00289447821095015,0.13991962136098526,4.1797348428467325E-5,0.007801338065922051,0.005376285536716776,
0,0,0.8395225895708922,0.04957350850237597,0.0075033118668114945,9.291776645595106E-4,0.09391964404621951,8.406211865359919E-5,0.004051245046448305,3.4848019021227206E-4,0.0024083018255459175,0.0016596791682813472,
0,0,0.9669983369973232,0.003993363923662086,0.0018894756754310414,2.3398448931659266E-4,0.02365074063566601,2.116842952026589E-5,0.0010201800360095403,8.775389514170292E-5,6.064558956415695E-4,0.0014985400222875408,
1,0,0.7822808961237553,0.18974349642551486,6.373260663726781E-4,5.613944740715904E-5,0.019132941464935063,0.004036940573407004,0.0023985226843711237,1.0840704478698619E-5,4.906098008143062E-4,0.0012122867089435913,
0,0,0.5350333521297145,0.33307703155776247,0.017968602562615628,1.7562700584620674E-4,0.059855616286112065,0.043759751192276146,0.0075035536857918595,3.3914129133636836E-5,0.001534826834523357,0.0010577246162242094,
1,1,0.11944702617069114,0.8716943477916919,7.013319702299451E-4,6.177746578257817E-5,0.002627479262496801,0.0034179093590571393,1.6428216213564527E-4,1.1929423621409616E-5,5.398811634640032E-4,0.0013340352308292677,
0,0,0.796830259842921,0.19327246812419774,6.491794668498064E-4,5.718356499122259E-5,0.0024926231263488205,0.004112022193073534,8.406532794092015E-4,1.1042326879570366E-5,4.997344777322831E-4,0.001234833597596667,
1,1,0.01095169970953873,0.9655572035273814,0.0015935808645057435,6.779795085771555E-4,0.002285539371613073,0.016890631220333283,4.4363275544006273E-4,1.1084666806734472E-5,5.016506247200817E-4,0.0010869977510837912,
1,1,0.04626358399515328,0.8665384101622866,0.03854942748013658,0.008806113623577548,0.004357671521612673,0.032204136828743686,2.305618643918463E-4,2.1134327183425787E-5,9.564607235792512E-4,0.002072499473335157,
1,1,0.010796803262429917,0.7429133658052582,0.0030663877026494363,0.23841364135963625,0.0010169752975920465,0.0021690434563858886,5.3807571197220695E-5,4.932241581352157E-6,2.2321483484306768E-4,0.0013418284684265386,
1,1,0.013875922879622023,0.9547834039011781,0.0039408849311021775,0.022558754790272365,0.001307004532440835,0.0014471622564282156,6.915284923922663E-5,6.338858099291193E-6,2.868730455289318E-4,0.0017245019560889535,
0,0,0.971011387344334,0.012535352758530119,0.007129395988314444,6.968346406218025E-5,0.0030374918750194872,3.3132295276258356E-4,0.00375817785336811,1.3456096841697406E-5,6.089726921543833E-4,0.0015047589746128628,
0,0,0.978953612895494,0.012637883583883144,0.0019128358014399499,7.025342832416653E-5,0.0030623365327605255,1.8569820486769189E-4,0.0010327928124018698,1.3566158739578233E-5,6.139536826336147E-4,0.0015170668994552207,
1,1,0.014019135740056303,0.9646376862832665,0.003393157561512807,3.917096924400916E-4,0.013987807181818987,0.0014620983617996282,6.986657310701169E-5,6.404281207228739E-6,2.8983385107592884E-4,0.0017423004737153905,
1,1,0.014147263017327974,0.9734539501806173,0.004017947932184362,3.952897060232307E-4,0.004382413162163459,0.0014754611457596617,7.050511559283168E-5,6.462812854912253E-6,2.9248277486753054E-4,0.0017582241526086942,
1,1,0.013656691786362718,0.9684905846942606,3.6677424873831027E-4,3.8158261954055215E-4,0.013626173181514928,0.0014242979780409173,6.80602765237226E-5,6.238708018955703E-6,2.8234062689677756E-4,0.0016972558801024394,
1,1,0.035744302342288856,0.9582749891693837,2.0987229895861074E-4,0.0010584504912446086,0.002585809076363251,8.149991229804832E-4,3.8944846185163665E-5,3.5698580229495577E-6,1.615584427207709E-4,0.001107504351851686,
1,1,0.050661914157676,0.7520298215703749,5.47132592410014E-4,0.004288309795072178,0.18712596631778144,0.001639267263281968,3.863307971963839E-5,1.0291775253761234E-5,4.6576731403340915E-4,0.0031928961343965227,
1,1,0.02944455023111349,0.9285693969280905,3.1799179656252866E-4,0.0024923525939938747,0.036068132277302704,9.527371414688774E-4,2.245342828632841E-5,5.981548436633428E-6,2.7070254454626853E-4,0.0018557015101989018,
9,9,0.14508868747803547,0.01897708967417239,0.0028723208514269054,0.0012459656759235005,0.015122857157640888,6.19169949907188E-5,0.001550845257095558,2.0370990856677157E-5,0.004094887753286321,0.8109650581665716,
1,1,0.035855512185199584,0.9612564324771973,2.1052526639311263E-4,2.1902514395734778E-4,3.041763203989811E-4,0.0015747947661553588,1.3442160801342576E-5,3.580964781899394E-6,1.6206109315338612E-4,4.0044962196154795E-4,
1,1,0.10332354384703507,0.8861016551980835,6.066631116778858E-4,0.003059588481956233,0.0028826667585095905,0.0023558607134693595,3.873579280593077E-5,1.0319137814742981E-5,4.670056413597741E-4,0.0011539613172881053,
1,1,0.1188475460442493,0.8673194926397013,6.978121289105783E-4,7.259860282253649E-4,0.008597651741019834,0.0018905745627502894,4.4555710612082825E-5,1.186955229091099E-5,5.371716106311481E-4,0.0013273399816088093,
0,0,0.9732359379621047,0.012564070780879183,0.0019016636956634217,8.249105216673088E-4,0.003044450654818688,7.896385653727898E-5,0.0029840029150833684,1.3486924254158396E-5,6.103678257194413E-4,0.004742144863272478,
0,0,0.8989214463715494,0.007619258886445691,0.0015031368574891608,0.0015638254364414364,0.04921647762416746,1.4969585690690406E-4,0.001946483204068212,2.5567858154339372E-5,0.0051395393562630055,0.033914568548514344,
9,9,0.20190775081079698,0.008447923545326398,0.003997167889511413,1.4680546422963102E-4,0.02104521122637134,8.616468597823642E-5,0.0021581812004685744,2.8348598482439622E-5,0.005698511651460657,0.7564839349273743,
9,9,0.09183877791041271,0.0038425814322026967,7.580692380623088E-4,6.677521972920298E-5,0.009572522462040553,3.91924501535904E-5,9.816598083250121E-4,1.2894505682151433E-5,0.006799681633340054,0.8860878453400517,
9,9,0.15536347012788268,0.006500487039781181,0.0012824241578807717,0.0013342015455272017,0.01619381639671298,6.630178664415224E-5,0.0016606718618928174,2.1813608520759796E-5,0.011503007317356321,0.8060738061578012,
9,9,0.09183877791041271,0.0038425814322026967,7.580692380623088E-4,6.677521972920298E-5,0.009572522462040553,3.91924501535904E-5,9.816598083250121E-4,1.2894505682151433E-5,0.006799681633340054,0.8860878453400517,
9,9,0.41908704290985066,0.017534816187700395,0.0034592903186316886,3.047147404690612E-4,0.04368220291125902,1.7884654405225548E-4,0.004479599092833042,5.884137810924002E-5,0.011828037246751738,0.4993866086703429,
0,0,0.9812450346231715,0.004052197787334534,0.001917313146902654,7.041786944781649E-5,0.003069504496978841,1.267892450515282E-4,0.0010352102547192083,1.3597912839555502E-5,0.0027333931446294523,0.005736541518924806,
0,0,0.9489955214653867,0.008043686786324245,0.0038059016944311437,1.3978075990488315E-4,0.02003818885773609,8.204166885889361E-5,0.0020549113059038387,2.699210590632792E-5,0.005425835428864291,0.01138713992668357,
0,0,0.9681700524429229,0.012498672307859263,0.0018917651600643469,6.947955908117615E-5,0.007853024108117149,1.250997923040475E-4,0.0010214161919156585,1.3416722146311342E-5,0.00269697098156458,0.005660102734024354,
6,0,0.9056120796083814,7.583058115154834E-4,0.0017695294090265775,6.499016141948565E-5,0.022149362198337737,0.016383931070141532,0.035964167386014476,8.294702019581582E-5,5.679573209485738E-4,0.0166467300140186,
0,0,0.9701975521172829,0.012524846484565281,0.0018957268124995964,6.962506015617461E-5,0.007869469570132594,1.2536177085576883E-4,0.0010235551973427203,1.3444818863116398E-5,6.084622929606691E-4,0.005671955875340925,
0,0,0.932258931481104,0.012035074686783165,0.04559974156970247,6.690244068731326E-5,0.0029162674781114924,9.18045971339599E-5,9.835300784919992E-4,1.2919072450690663E-5,5.846689736993736E-4,0.005450159621835549,
1,1,0.008053591865478613,0.9875929442912087,2.162932394106997E-4,0.0010908332669109964,0.002443387444226394,3.0421493123587457E-4,1.3810449235926157E-5,3.6790760850831007E-6,1.6650124434532834E-4,1.147441918623399E-4,
1,1,0.007914343073424934,0.970517193889358,2.125534705199493E-4,0.012866727947996995,0.007896656893443276,2.989549723992623E-4,1.3571662815414232E-5,3.6154638597209756E-6,1.6362239258107348E-4,1.1276023360136872E-4,
1,1,0.035831640072679014,0.9606164410137176,2.1038510153305426E-4,8.983531897141206E-5,0.0023766453215954323,2.9590517655710184E-4,1.3433211193440957E-5,3.5785806242344815E-6,1.619531950809508E-4,4.001830080477679E-4,
0,0,0.7920990438218517,0.19212490402717028,0.005815779113379899,5.684403496523972E-5,0.00642487636490518,9.07645014710574E-4,8.356618622101477E-4,1.0976762559946253E-5,4.967672814716971E-4,0.0012275017167749527,
0,0,0.9850814845569734,0.004068040979793533,8.025481776688233E-4,2.3836006669361253E-4,0.0030815055771461013,2.67833238894621E-4,0.001039257696665973,3.309979353236662E-6,6.177967956511386E-4,0.0047998629311596245,
0,0,0.9770938051193458,0.00403505466567117,0.0019092018121976092,2.3642728871196573E-4,0.01005200595073851,2.6566147332134576E-4,0.0010308307213708417,3.2831398943357575E-6,6.127872986312311E-4,0.00476094253011697,
1,0,0.9083616867885348,0.07047967757810758,7.400443799064769E-4,2.197961850254582E-4,0.007522847612518473,0.006718853395499261,9.58318564657656E-4,3.052192611145758E-6,5.69681745305166E-4,0.004426041557833944,
0,0,0.9839772050812462,0.0040634806929230275,0.0019226516975745162,2.380928643011113E-4,0.0030780511995981245,2.675329969823879E-4,0.0010380926854842486,3.306268855859389E-6,6.171042434792603E-4,0.0047944822695552055,
1,0,0.8822664796254445,0.0520975199147753,0.01251703668129242,9.764862997629744E-4,0.030643355951030855,0.0010972286257073343,0.01237331068931028,1.3559945404313514E-5,0.002530919358091321,0.005484102909180669,
0,0,0.9235552628967205,0.003813959266788507,0.06191639740518453,2.2347257309206646E-4,0.002325737356314377,2.5110490983499504E-4,0.0028316788244534675,3.1032446550713796E-6,5.792104419472924E-4,0.004500073081009137,
0,0,0.950685139913866,0.0068865794923981824,0.026574363774323404,2.3003718667639813E-4,0.007218853346953915,2.5848123651073474E-4,0.0029148607425755336,3.1944039491910814E-6,5.962250253602973E-4,0.004632264877386345,
0,0,0.916804013642056,0.006641151159118523,0.06146378449870594,2.218389739961184E-4,0.0023087360644327036,2.4926931655382107E-4,0.010312394632182496,3.080559734085839E-6,5.749763758100629E-4,0.0014207547774100014,
1,0,0.8311527832014636,0.11312006877374875,0.023233093150943938,2.0111395447208248E-4,0.006311206306840508,0.018859477929533533,0.0025483669798981377,2.792762421089764E-6,5.212599507839915E-4,0.004049836989894336,
1,1,0.19107128588053354,0.7824181872256065,0.004271117085939345,3.3320085458699E-4,0.003934645495779345,0.010185471112547955,2.0817980353235552E-4,4.626982885440277E-6,8.636111875931923E-4,0.006709674370995038,
1,1,0.18702847494495864,0.7658632727133015,0.004180746003845138,3.2615077350097344E-4,0.0038513936991284754,0.030584816109295677,7.475716324339549E-4,4.529082162567293E-6,8.453383386028447E-4,0.0065677067027700735,
0,0,0.6844104855806087,0.09314841117434758,0.0021228209602893785,1.6560673563179376E-4,0.0051969455680895196,0.1874053830856513,0.023771089974635944,1.5199649885112191E-5,4.2923008048608346E-4,0.0033348271903747557,
0,0,0.5785144568023668,0.08636033798882553,0.04926772394924435,1.5353835328032336E-4,0.004818224703046131,0.25779412645285577,0.022038801721802087,3.8059231355554364E-4,3.9795047879418165E-4,2.7424723622944354E-4,
1,1,0.04354550189024484,0.9206108064061234,0.0065705757697535,1.845386182693376E-4,0.002179148201978062,0.025675966490854508,4.2298178424005257E-4,2.562589551258494E-6,4.7829893917268504E-4,3.296193098122274E-4,
1,1,0.02632920086504025,0.9625181161486615,0.003972810089015452,5.580544396218059E-5,0.001317592592437774,0.0050606783091184625,2.557502354107514E-4,1.5494352367277034E-6,2.8919700764396157E-4,1.9929987347295377E-4,
1,1,0.02624902298884673,0.959587048899558,0.003960712058502107,1.1123900800341913E-4,0.001313580249780985,0.008034871348691101,2.5497142291217533E-4,1.5447168851447208E-6,2.88316342788493E-4,1.9869296403188843E-4,
0,0,0.7824098919658549,0.006216450962322814,0.159808265218606,2.0765241903662933E-4,0.006516391466195278,0.01281589954895642,0.029806301763868996,5.147307684892585E-4,5.382067595027853E-4,0.0011662091271670732,
1,1,0.026275725720125296,0.9605632221886007,0.009695319700505653,5.397894149735428E-4,0.00131491653496149,7.566738653261119E-4,3.250861561499943E-4,4.176168538672436E-5,2.886096426125656E-4,1.988950913578367E-4,
1,1,0.02627577724112176,0.960565105644643,0.00969533871092376,1.1135238808938328E-4,0.0013149191132274863,7.566753489993682E-4,3.250867935734048E-4,4.1761767272327374E-5,2.886102085134483E-4,6.253727836360128E-4,
1,1,0.056884602433574405,0.9385858403773755,0.001394704165597146,1.0880446743145163E-4,0.0012848316617629324,7.393614073215707E-4,6.797969555449809E-5,4.080619127283031E-5,2.820063455431175E-4,6.110632545664127E-4,
0,0,0.9798492072508374,0.0017020111149961888,0.015752095063051228,5.685345664242634E-5,5.916887523124191E-4,1.4201129410732395E-5,7.204048668872529E-4,2.1322405973210934E-5,1.4735640840598545E-4,0.0011448595514828557,
1,1,0.05653285665056175,0.9327820974096083,0.0013860800162173244,0.006291628930531293,0.0012768869087089942,7.347895680887772E-4,6.755934329362567E-5,4.0553866301098554E-5,2.802625600794949E-4,6.072847466090319E-4,
1,1,0.014877666339578767,0.5438837073431178,0.0022448893621137196,0.43748170484308846,7.445232790114089E-4,4.2843883423470205E-4,3.9392293439427134E-5,2.36460232375719E-5,1.634146288064674E-4,1.126170533716402E-4,
