7,7,0.04745407759958965,0.03670378970702728,0.010097411427573104,4.3678356926605755E-5,0.0032860944599817916,2.2238585198098825E-4,0.008929246794203897,0.8932593787110391,5.624416682337212E-7,5.624416682337212E-7,5.624416682337212E-7,5.624416682337212E-7,5.624416682337212E-7,5.624416682337212E-7,5.624416682337212E-7,
7,7,0.016333195429741765,0.006825941158490391,0.010801763591534688,1.0599670598989844E-5,6.649502179511131E-4,2.37898536316056E-4,0.009552112797749143,0.9555693262542295,6.017633412194426E-7,6.017633412194426E-7,6.017633412194426E-7,6.017633412194426E-7,6.017633412194426E-7,6.017633412194426E-7,6.017633412194426E-7,
7,7,0.02524633721512642,3.532539782218761E-4,5.590095009500093E-4,5.485508474208269E-7,7.75794104778512E-6,1.2311650864771592E-5,4.943379627631056E-4,0.9733262252362311,3.1137706780399145E-8,3.1137706780399145E-8,3.1137706780399145E-8,3.1137706780399145E-8,3.1137706780399145E-8,3.1137706780399145E-8,3.1137706780399145E-8,
7,7,0.007912680142109366,0.04196112134550891,0.01154373184812582,1.4323098494781328E-5,0.003756783958515885,2.5423967919890303E-4,0.010208243106401891,0.9243443738284159,6.432847469733626E-7,6.432847469733626E-7,6.432847469733626E-7,6.432847469733626E-7,6.432847469733626E-7,6.432847469733626E-7,6.432847469733626E-7,
7,7,0.027855273315948656,0.025680171264801304,0.04063778643146891,5.042208406480938E-5,0.013225132581377776,8.950084705378545E-4,0.035936420618244536,0.8557039331954508,2.264576872198335E-6,2.264576872198335E-6,2.264576872198335E-6,2.264576872198335E-6,2.264576872198335E-6,2.264576872198335E-6,2.264576872198335E-6,
7,7,0.007912680142109366,0.04196112134550891,0.01154373184812582,1.4323098494781328E-5,0.003756783958515885,2.5423967919890303E-4,0.010208243106401891,0.9243443738284159,6.432847469733626E-7,6.432847469733626E-7,6.432847469733626E-7,6.432847469733626E-7,6.432847469733626E-7,6.432847469733626E-7,6.432847469733626E-7,
7,7,0.20587472438235058,0.07176200172164186,0.03039022616778508,2.745511713047361E-5,0.03174395850334175,0.0920027950505764,0.08625730122891127,0.48190348857342735,5.43560783352104E-6,5.43560783352104E-6,5.43560783352104E-6,5.43560783352104E-6,5.43560783352104E-6,5.43560783352104E-6,5.43560783352104E-6,
7,2,0.043548738877730114,0.004246283703516642,0.9035831984800082,3.3990293168116586E-4,0.0037299080699358276,0.0029191917743197006,0.018246031409563334,0.023378696183571454,1.149795667699971E-6,1.149795667699971E-6,1.149795667699971E-6,1.149795667699971E-6,1.149795667699971E-6,1.149795667699971E-6,1.149795667699971E-6,
7,0,0.8299402111858811,0.0024059235256955556,9.601676942378543E-4,3.5229232023443503E-4,9.527215933567372E-6,4.402544007593642E-4,0.08900748069500777,0.07688376841884607,5.35062006261064E-8,5.35062006261064E-8,5.35062006261064E-8,5.35062006261064E-8,5.35062006261064E-8,5.35062006261064E-8,5.35062006261064E-8,
7,6,0.25555823527532134,0.2683690359647005,0.038028233694353,3.2934246225382045E-4,9.366045842204071E-4,0.13501911878054193,0.2790992891385977,0.02265234173562164,1.1140520556120805E-6,1.1140520556120805E-6,1.1140520556120805E-6,1.1140520556120805E-6,1.1140520556120805E-6,1.1140520556120805E-6,1.1140520556120805E-6,
7,6,0.03927507021285899,0.008963009582406353,9.572522405334135E-4,3.233509531340173E-4,3.048614213838454E-5,0.060332732479734634,0.8866356099751452,0.003481289934537788,1.7121135876449518E-7,1.7121135876449518E-7,1.7121135876449518E-7,1.7121135876449518E-7,1.7121135876449518E-7,1.7121135876449518E-7,1.7121135876449518E-7,
7,7,0.005125981683596446,0.018738481688981394,0.007478244659345923,0.0027438208743452265,7.420250868801485E-5,0.003428911575540549,0.36359992530442575,0.5988075145821303,4.1673184952518397E-7,4.1673184952518397E-7,4.1673184952518397E-7,4.1673184952518397E-7,4.1673184952518397E-7,4.1673184952518397E-7,4.1673184952518397E-7,
8,7,0.017160501819863967,0.013970144202252965,0.006319084671196082,0.04627878956153289,0.14895874480743299,0.016566166596525225,0.002892510688000788,0.747773349016452,1.152980524896114E-5,1.152980524896114E-5,1.152980524896114E-5,1.152980524896114E-5,1.152980524896114E-5,1.152980524896114E-5,1.152980524896114E-5,
8,4,0.004329303259113653,0.10229308806011485,0.018939786412584595,0.13870844201909957,0.44646447353354846,0.15975180697449953,0.00866953640874123,0.12060187051639557,3.4527545128913143E-5,3.4527545128913143E-5,3.4527545128913143E-5,3.4527545128913143E-5,3.4527545128913143E-5,3.4527545128913143E-5,3.4527545128913143E-5,
8,1,0.007504152182791644,0.8843303329412188,7.956962925022388E-4,9.92414823040929E-5,0.004893147633345946,0.007765298153269403,0.07662304836827241,0.017852910267747005,1.9453239792530255E-5,1.9453239792530255E-5,1.9453239792530255E-5,1.9453239792530255E-5,1.9453239792530255E-5,1.9453239792530255E-5,1.9453239792530255E-5,
8,1,0.0072558283754321105,0.8550664974151923,7.69365492160911E-4,4.229968670121145E-4,0.11094721195086275,0.007508332628619753,0.017801325737902947,9.545689763785107E-5,1.899780502560647E-5,1.899780502560647E-5,1.899780502560647E-5,1.899780502560647E-5,1.899780502560647E-5,1.899780502560647E-5,1.899780502560647E-5,
8,7,0.01880564724388952,0.0374010408643885,0.006924883577310505,0.050715451127482374,0.04720639288666559,0.01622741417277178,0.003169810313166829,0.8194609905700722,1.2624177750451725E-5,1.2624177750451725E-5,1.2624177750451725E-5,1.2624177750451725E-5,1.2624177750451725E-5,1.2624177750451725E-5,1.2624177750451725E-5,
8,1,0.006838561414600006,0.6413257073142095,0.0022327752609712787,2.784780181064801E-4,0.01373048873918719,0.0701065611483061,0.21500922956280183,0.050096420905534775,5.4539662326123824E-5,5.4539662326123824E-5,5.4539662326123824E-5,5.4539662326123824E-5,5.4539662326123824E-5,5.4539662326123824E-5,5.4539662326123824E-5,
8,1,0.01399163487546307,0.49660685696112744,0.06168819511857793,5.573030661888979E-5,0.0027478087953409953,0.028012908720705807,0.04302863964237387,0.3537917560939242,1.0924212266867636E-5,1.0924212266867636E-5,1.0924212266867636E-5,1.0924212266867636E-5,1.0924212266867636E-5,1.0924212266867636E-5,1.0924212266867636E-5,
8,1,0.007504152182791644,0.8843303329412188,7.956962925022388E-4,9.92414823040929E-5,0.004893147633345946,0.007765298153269403,0.07662304836827241,0.017852910267747005,1.9453239792530255E-5,1.9453239792530255E-5,1.9453239792530255E-5,1.9453239792530255E-5,1.9453239792530255E-5,1.9453239792530255E-5,1.9453239792530255E-5,
8,1,0.007504152182791644,0.8843303329412188,7.956962925022388E-4,9.92414823040929E-5,0.004893147633345946,0.007765298153269403,0.07662304836827241,0.017852910267747005,1.9453239792530255E-5,1.9453239792530255E-5,1.9453239792530255E-5,1.9453239792530255E-5,1.9453239792530255E-5,1.9453239792530255E-5,1.9453239792530255E-5,
8,1,0.007504152182791644,0.8843303329412188,7.956962925022388E-4,9.92414823040929E-5,0.004893147633345946,0.007765298153269403,0.07662304836827241,0.017852910267747005,1.9453239792530255E-5,1.9453239792530255E-5,1.9453239792530255E-5,1.9453239792530255E-5,1.9453239792530255E-5,1.9453239792530255E-5,1.9453239792530255E-5,
8,1,0.007504141952927988,0.8843291273981406,7.956952077874855E-4,9.924134701541428E-5,0.004893140962874467,0.00776528756740448,0.076622943913656,0.017852885930175835,1.9647960002597165E-5,1.9647960002597165E-5,1.9647960002597165E-5,1.9647960002597165E-5,1.9647960002597165E-5,1.9647960002597165E-5,1.9647960002597165E-5,
8,1,0.0076256564303690344,0.8986490579745793,8.08579890404518E-4,1.0084836091504051E-4,0.004972375533712647,0.007891030772537265,0.07786369829277986,0.001948989910478153,1.996611917488822E-5,1.996611917488822E-5,1.996611917488822E-5,1.996611917488822E-5,1.996611917488822E-5,1.996611917488822E-5,1.996611917488822E-5,
8,1,0.0027256479795997528,0.9676842363463802,1.4867461668963994E-5,0.002225349766176225,2.0981020350093417E-4,0.009695368096996311,0.017430551390649775,5.920639244171389E-6,1.1783022548734252E-6,1.1783022548734252E-6,1.1783022548734252E-6,1.1783022548734252E-6,1.1783022548734252E-6,1.1783022548734252E-6,1.1783022548734252E-6,
8,1,0.0016367992020879562,0.8607761380553384,5.344113394663841E-4,0.013600225901685557,0.0023496776317199026,0.10857903556964778,0.012365033821767055,6.630561033439242E-5,1.3196123993214082E-5,1.3196123993214082E-5,1.3196123993214082E-5,1.3196123993214082E-5,1.3196123993214082E-5,1.3196123993214082E-5,1.3196123993214082E-5,
8,1,4.7464302193364025E-4,0.9907122457569205,1.5496990272011293E-4,2.970416166681598E-4,0.0032170727114884143,0.0015123703739029848,0.003585642644490857,1.922746248906056E-5,3.82664419799342E-6,3.82664419799342E-6,3.82664419799342E-6,3.82664419799342E-6,3.82664419799342E-6,3.82664419799342E-6,3.82664419799342E-6,
8,1,0.0014590483747351404,0.989043888088046,1.547089336781382E-4,8.50589153158307E-5,0.004121931230305367,0.001509823544869343,0.003579604428622024,1.9195083476250355E-5,3.820200135934924E-6,3.820200135934924E-6,3.820200135934924E-6,3.820200135934924E-6,3.820200135934924E-6,3.820200135934924E-6,3.820200135934924E-6,
8,1,0.0014590483747351404,0.989043888088046,1.547089336781382E-4,8.50589153158307E-5,0.004121931230305367,0.001509823544869343,0.003579604428622024,1.9195083476250355E-5,3.820200135934924E-6,3.820200135934924E-6,3.820200135934924E-6,3.820200135934924E-6,3.820200135934924E-6,3.820200135934924E-6,3.820200135934924E-6,
8,1,0.0014329851776776336,0.9713764507363274,1.5194534509887548E-4,8.353949532279819E-5,0.021911448563001208,0.0014828533434329894,0.0035156614249309812,1.885219885923576E-5,3.7519593355159144E-6,3.7519593355159144E-6,3.7519593355159144E-6,3.7519593355159144E-6,3.7519593355159144E-6,3.7519593355159144E-6,3.7519593355159144E-6,
8,1,0.008983284537857858,0.9605730909131972,0.006539541140655075,3.4577668189484875E-4,9.833412404916214E-4,0.02126337980710709,0.0010959995630195104,2.073986122761662E-4,1.1696433572868626E-6,1.1696433572868626E-6,1.1696433572868626E-6,1.1696433572868626E-6,1.1696433572868626E-6,1.1696433572868626E-6,1.1696433572868626E-6,
8,1,0.00143685682424344,0.9305296920441077,0.006335006946674345,3.34961985051821E-4,2.017544739475868E-4,0.05989116375776572,0.0010617204932187557,2.0091190211069142E-4,1.1330818400178751E-6,1.1330818400178751E-6,1.1330818400178751E-6,1.1330818400178751E-6,1.1330818400178751E-6,1.1330818400178751E-6,1.1330818400178751E-6,
8,1,0.008491972479135768,0.9080376133981839,0.00618188182268815,0.0020881825028836753,1.9687781333804904E-4,0.05844351864020196,0.01635615802189685,1.960556075272809E-4,1.105673449240705E-6,1.105673449240705E-6,1.105673449240705E-6,1.105673449240705E-6,1.105673449240705E-6,1.105673449240705E-6,1.105673449240705E-6,
8,1,0.008983284537857858,0.9605730909131972,0.006539541140655075,3.4577668189484875E-4,9.833412404916214E-4,0.02126337980710709,0.0010959995630195104,2.073986122761662E-4,1.1696433572868626E-6,1.1696433572868626E-6,1.1696433572868626E-6,1.1696433572868626E-6,1.1696433572868626E-6,1.1696433572868626E-6,1.1696433572868626E-6,
8,1,0.00143685682424344,0.9305296920441077,0.006335006946674345,3.34961985051821E-4,2.017544739475868E-4,0.05989116375776572,0.0010617204932187557,2.0091190211069142E-4,1.1330818400178751E-6,1.1330818400178751E-6,1.1330818400178751E-6,1.1330818400178751E-6,1.1330818400178751E-6,1.1330818400178751E-6,1.1330818400178751E-6,
8,1,0.008491972479135768,0.9080376133981839,0.00618188182268815,0.0020881825028836753,1.9687781333804904E-4,0.05844351864020196,0.01635615802189685,1.960556075272809E-4,1.105673449240705E-6,1.105673449240705E-6,1.105673449240705E-6,1.105673449240705E-6,1.105673449240705E-6,1.105673449240705E-6,1.105673449240705E-6,
9,6,0.002974320209847351,0.35051015989251993,0.03291527129026672,1.733955194580134E-4,0.0019394313362943263,0.13181263812449853,0.47944965412137286,1.7061624170865267E-4,7.78760914766481E-6,7.78760914766481E-6,7.78760914766481E-6,7.78760914766481E-6,7.78760914766481E-6,7.78760914766481E-6,7.78760914766481E-6,
9,6,2.1370696889959242E-4,0.005208893788207364,0.004086393389789568,0.04119779959978202,1.4278282206682216E-4,1.8396413868606087E-4,0.9488767510576457,6.798612133202381E-5,3.1031590843714333E-6,3.1031590843714333E-6,3.1031590843714333E-6,3.1031590843714333E-6,3.1031590843714333E-6,3.1031590843714333E-6,3.1031590843714333E-6,
9,6,0.002684617790427567,0.31637004242437083,0.12613681606413488,1.565065841856021E-4,0.0017505283565267754,0.11897392625738201,0.43275067250901006,0.001127686408394008,7.0290865097508755E-6,7.0290865097508755E-6,7.0290865097508755E-6,7.0290865097508755E-6,7.0290865097508755E-6,7.0290865097508755E-6,7.0290865097508755E-6,
9,1,0.05512425015667064,0.6382332656972259,2.5013162077028365E-4,0.0031513381157403817,0.27109992917915704,0.02826936856534665,0.0012587980494482038,0.002569684223350625,6.176341755696609E-6,6.176341755696609E-6,6.176341755696609E-6,6.176341755696609E-6,6.176341755696609E-6,6.176341755696609E-6,6.176341755696609E-6,
9,6,2.244354194676699E-5,2.8933385061476163E-5,0.0010545102295236482,1.1097914926687327E-4,1.043312495094094E-5,6.75271678346606E-5,0.9985319959167934,1.7276613996412377E-4,5.8763522499015434E-8,5.8763522499015434E-8,5.8763522499015434E-8,5.8763522499015434E-8,5.8763522499015434E-8,5.8763522499015434E-8,5.8763522499015434E-8,
9,6,2.1145375949191434E-5,4.167017138217314E-4,3.913110524889543E-5,2.061401305723048E-7,2.305680274492558E-6,2.35055696662754E-5,0.999430311911377,6.66285829006428E-5,9.1315186307205E-9,9.1315186307205E-9,9.1315186307205E-9,9.1315186307205E-9,9.1315186307205E-9,9.1315186307205E-9,9.1315186307205E-9,
9,6,5.449931699124194E-6,6.99120065951435E-4,0.004372742965098534,5.42556159528575E-6,1.1211994984582291E-5,1.4445750339111654E-5,0.9948845594075939,5.338597741394382E-6,2.436749994621239E-7,2.436749994621239E-7,2.436749994621239E-7,2.436749994621239E-7,2.436749994621239E-7,2.436749994621239E-7,2.436749994621239E-7,
9,6,0.04793355355592076,6.325063713179295E-4,0.01754918657322634,4.3097229318496205E-4,4.0515608696726663E-5,0.001684567335752149,0.9317030073960412,2.409346534325262E-5,2.2820007374652218E-7,2.2820007374652218E-7,2.2820007374652218E-7,2.2820007374652218E-7,2.2820007374652218E-7,2.2820007374652218E-7,2.2820007374652218E-7,
9,6,8.22870506859165E-5,0.009229197700410348,0.006680403099500034,2.660422285149329E-5,0.0011482112056773327,4.7223365011168624E-4,0.9822265452528864,1.2615380115197367E-4,1.1948595320824887E-6,1.1948595320824887E-6,1.1948595320824887E-6,1.1948595320824887E-6,1.1948595320824887E-6,1.1948595320824887E-6,1.1948595320824887E-6,
9,6,4.1315537048661725E-4,5.746231051545708E-4,2.6133296304124107E-4,4.1574330164928944E-5,2.7031128452850888E-6,4.336754623688666E-4,0.9982663217926069,6.202628117645439E-6,5.874788759954514E-8,5.874788759954514E-8,5.874788759954514E-8,5.874788759954514E-8,5.874788759954514E-8,5.874788759954514E-8,5.874788759954514E-8,
9,6,7.42717703730998E-5,2.785937163019443E-5,3.2745933576446045E-4,1.3040831539239983E-6,1.0398678420148946E-5,0.004265543153022603,0.9952351923890014,5.756123209237087E-5,5.856950589356618E-8,5.856950589356618E-8,5.856950589356618E-8,5.856950589356618E-8,5.856950589356618E-8,5.856950589356618E-8,5.856950589356618E-8,
9,6,4.051204846150092E-6,2.7981392005014026E-5,3.288935644835623E-4,4.566345582149475E-6,1.044422326068942E-5,2.3249286927901083E-5,0.9995941913219633,6.2108787023837484E-6,5.882603260770028E-8,5.882603260770028E-8,5.882603260770028E-8,5.882603260770028E-8,5.882603260770028E-8,5.882603260770028E-8,5.882603260770028E-8,
9,0,0.9324586613548634,0.03494876338227892,2.9265593152184273E-6,4.546791311288673E-6,0.004072499261456352,0.02811039815171424,2.1733723338769297E-4,1.8324380735668322E-4,2.3192261653217716E-7,2.3192261653217716E-7,2.3192261653217716E-7,2.3192261653217716E-7,2.3192261653217716E-7,2.3192261653217716E-7,2.3192261653217716E-7,
9,5,0.19415935311058646,0.21735180016546973,1.8200727977010072E-5,2.827720299214974E-5,0.0253275068982531,0.562472478270964,3.9580680558224036E-4,2.364794851501636E-4,1.4424761464438506E-6,1.4424761464438506E-6,1.4424761464438506E-6,1.4424761464438506E-6,1.4424761464438506E-6,1.4424761464438506E-6,1.4424761464438506E-6,
9,4,0.2944000562394969,0.1230497874082504,2.91987782502262E-6,4.075052793291023E-6,0.5821588140778169,2.942628878155981E-4,6.349787305609058E-5,2.4966831071182736E-5,2.3139312489314257E-7,2.3139312489314257E-7,2.3139312489314257E-7,2.3139312489314257E-7,2.3139312489314257E-7,2.3139312489314257E-7,2.3139312489314257E-7,
9,0,0.8218036131311474,0.030685260296524897,8.150698668865207E-6,3.262855982919441E-6,0.10940759481504526,0.03517859401814924,6.053013481244618E-4,0.0023037013768172285,6.459227913196986E-7,6.459227913196986E-7,6.459227913196986E-7,6.459227913196986E-7,6.459227913196986E-7,6.459227913196986E-7,6.459227913196986E-7,
9,0,0.5960375571947696,0.022339623638740598,1.870688039611174E-6,2.9063576741484555E-6,0.37297366393785963,0.008073930561495184,4.068139791631763E-5,5.28728491572095E-4,1.4824741894209326E-7,1.4824741894209326E-7,1.4824741894209326E-7,1.4824741894209326E-7,1.4824741894209326E-7,1.4824741894209326E-7,1.4824741894209326E-7,
9,1,0.039939863294101235,0.9193959198929074,3.744010142230287E-6,5.816807708474136E-6,0.020055347785763986,0.016159229796638967,8.14200781603637E-5,0.004356581409510829,2.967035808888935E-7,2.967035808888935E-7,2.967035808888935E-7,2.967035808888935E-7,2.967035808888935E-7,2.967035808888935E-7,2.967035808888935E-7,
9,5,0.0038610002151932546,0.02192585623213564,0.003069477788198171,0.0010368412069576445,5.018779589088824E-5,0.8324170606522547,0.13753838594287232,9.7347110445894E-5,5.490080073189811E-7,5.490080073189811E-7,5.490080073189811E-7,5.490080073189811E-7,5.490080073189811E-7,5.490080073189811E-7,5.490080073189811E-7,
9,0,0.7966958067625065,0.005435249109924336,7.901677904442795E-6,0.001182716826084607,1.2906232092286013E-5,0.005152841660079674,0.1914930298267887,1.5164160005926837E-5,6.262492304068545E-7,6.262492304068545E-7,6.262492304068545E-7,6.262492304068545E-7,6.262492304068545E-7,6.262492304068545E-7,6.262492304068545E-7,
9,6,1.954300167819721E-4,0.08691416832498557,0.01586581702665247,0.005359326247133424,6.722973555246262E-5,0.023349426462131062,0.8677255605564526,5.031772662914505E-4,2.8377662883832797E-6,2.8377662883832797E-6,2.8377662883832797E-6,2.8377662883832797E-6,2.8377662883832797E-6,2.8377662883832797E-6,2.8377662883832797E-6,
9,5,0.0038610002151932546,0.02192585623213564,0.003069477788198171,0.0010368412069576445,5.018779589088824E-5,0.8324170606522547,0.13753838594287232,9.7347110445894E-5,5.490080073189811E-7,5.490080073189811E-7,5.490080073189811E-7,5.490080073189811E-7,5.490080073189811E-7,5.490080073189811E-7,5.490080073189811E-7,
9,0,0.7966958067625065,0.005435249109924336,7.901677904442795E-6,0.001182716826084607,1.2906232092286013E-5,0.005152841660079674,0.1914930298267887,1.5164160005926837E-5,6.262492304068545E-7,6.262492304068545E-7,6.262492304068545E-7,6.262492304068545E-7,6.262492304068545E-7,6.262492304068545E-7,6.262492304068545E-7,
9,6,1.954300167819721E-4,0.08691416832498557,0.01586581702665247,0.005359326247133424,6.722973555246262E-5,0.023349426462131062,0.8677255605564526,5.031772662914505E-4,2.8377662883832797E-6,2.8377662883832797E-6,2.8377662883832797E-6,2.8377662883832797E-6,2.8377662883832797E-6,2.8377662883832797E-6,2.8377662883832797E-6,
10,7,3.6332780425853286E-4,0.010376619147642515,0.002854664153138358,3.541977271549368E-6,3.9617065852434024E-5,6.287125411981378E-5,0.002524409441050767,0.9837738356057351,1.5907870449569387E-7,1.5907870449569387E-7,1.5907870449569387E-7,1.5907870449569387E-7,1.5907870449569387E-7,1.5907870449569387E-7,1.5907870449569387E-7,
10,7,0.006990446847945203,0.037070497376096814,0.010198294694336507,1.2653722496984616E-5,1.4153206500452248E-4,2.246077096710234E-4,0.009018458924738255,0.9363395699270517,5.626760942388064E-7,5.626760942388064E-7,5.626760942388064E-7,5.626760942388064E-7,5.626760942388064E-7,5.626760942388064E-7,5.626760942388064E-7,
10,7,0.10652999952646947,0.01770897747226121,0.02802370891598539,2.74994060881142E-5,7.185459706258823E-5,6.171954493139332E-4,0.024781659615895037,0.8222281734938127,1.561646158837417E-6,1.561646158837417E-6,1.561646158837417E-6,1.561646158837417E-6,1.561646158837417E-6,1.561646158837417E-6,1.561646158837417E-6,
10,1,0.09985790506770803,0.7614586497535091,0.06603983206636685,2.8566839898106074E-4,0.01674573130949716,0.010414344510246164,0.003448354493418417,0.04172375350071793,3.680128507825087E-6,3.680128507825087E-6,3.680128507825087E-6,3.680128507825087E-6,3.680128507825087E-6,3.680128507825087E-6,3.680128507825087E-6,
10,7,4.896086280083472E-4,8.138992023059362E-5,1.287961112836736E-4,3.62522494486395E-8,1.7874340898046164E-6,9.126467360030207E-6,1.138957516027535E-4,0.9991753096922078,7.106138332175243E-9,7.106138332175243E-9,7.106138332175243E-9,7.106138332175243E-9,7.106138332175243E-9,7.106138332175243E-9,7.106138332175243E-9,
10,7,0.005076195891830287,8.438396610606502E-4,0.0013353406242889055,1.3103573907139054E-6,1.853187436768151E-5,9.462197655372752E-5,0.031221862993618368,0.9614077828596781,7.33944588600423E-8,7.33944588600423E-8,7.33944588600423E-8,7.33944588600423E-8,7.33944588600423E-8,7.33944588600423E-8,7.33944588600423E-8,
10,7,0.13277109883782653,0.03678802702873066,0.010120585571212901,1.467854441445005E-4,6.08523411541789E-4,2.2289624038243468E-4,0.008949739932399581,0.8103883956831969,5.639786521424573E-7,5.639786521424573E-7,5.639786521424573E-7,5.639786521424573E-7,5.639786521424573E-7,5.639786521424573E-7,5.639786521424573E-7,
10,7,4.397624421486903E-4,1.0477919979618782E-4,6.415651356896779E-4,7.96033791342176E-7,2.0879050568844984E-4,1.41298599472775E-5,5.673427761383123E-4,0.9980225862648291,3.5397424331161155E-8,3.5397424331161155E-8,3.5397424331161155E-8,3.5397424331161155E-8,3.5397424331161155E-8,3.5397424331161155E-8,3.5397424331161155E-8,
10,7,9.122282818163464E-4,8.409961820847216E-4,0.0013308409389030645,2.1923880111837325E-5,1.846942767599269E-5,2.9310501822373483E-5,0.00489805180023989,0.9919476598512625,7.416229759209499E-8,7.416229759209499E-8,7.416229759209499E-8,7.416229759209499E-8,7.416229759209499E-8,7.416229759209499E-8,7.416229759209499E-8,
10,7,0.011987131511199393,1.6772737596418006E-4,2.654214885430116E-4,2.604556491732809E-7,3.6835228335702256E-6,5.845655026249291E-6,9.768621942544136E-4,0.9865929643504662,1.477800917896202E-8,1.477800917896202E-8,1.477800917896202E-8,1.477800917896202E-8,1.477800917896202E-8,1.477800917896202E-8,1.477800917896202E-8,
10,7,0.0010201792987776896,1.6958915141300046E-4,2.68367669559188E-4,2.6334670932580456E-7,3.7244099716255903E-6,5.91054185195429E-6,9.877053737872064E-4,0.9975441555227361,1.49550276010822E-8,1.49550276010822E-8,1.49550276010822E-8,1.49550276010822E-8,1.49550276010822E-8,1.49550276010822E-8,1.49550276010822E-8,
10,7,0.024682765289878342,3.453683184958081E-4,5.465307774822108E-4,2.364127335156115E-6,7.584761162916841E-6,1.2036818887296291E-5,0.0020114620615290777,0.9723916747156527,3.044708245556301E-8,3.044708245556301E-8,3.044708245556301E-8,3.044708245556301E-8,3.044708245556301E-8,3.044708245556301E-8,3.044708245556301E-8,
10,7,0.025055842324569044,0.02577386776756719,0.010285960846915057,0.014646895269029757,4.8188641636414856E-4,0.004716300658800421,0.00909598302262088,0.9099392514076976,5.731837765548282E-7,5.731837765548282E-7,5.731837765548282E-7,5.731837765548282E-7,5.731837765548282E-7,5.731837765548282E-7,5.731837765548282E-7,
10,7,0.09848465912579338,0.10130693466861056,0.040430065557858205,1.9468828395528628E-4,2.5201543815996883E-4,0.006375737462024964,0.03575273087180981,0.7171873975816978,2.253001441360214E-6,2.253001441360214E-6,2.253001441360214E-6,2.253001441360214E-6,2.253001441360214E-6,2.253001441360214E-6,2.253001441360214E-6,
10,0,0.7906260595993662,0.06845557706452263,0.02731958555031881,0.0029300450516624803,0.012345903381006097,0.0017494512494801474,0.0014265271828083467,0.09513619425937438,1.5223802085870197E-6,1.5223802085870197E-6,1.5223802085870197E-6,1.5223802085870197E-6,1.5223802085870197E-6,1.5223802085870197E-6,1.5223802085870197E-6,
10,1,0.33297042854006564,0.34251236436328614,0.13669150479069161,0.014660261462553217,0.06177180499469615,0.008753248595552234,0.0071375221591025795,0.09544954528477707,7.6171156107783004E-6,7.6171156107783004E-6,7.6171156107783004E-6,7.6171156107783004E-6,7.6171156107783004E-6,7.6171156107783004E-6,7.6171156107783004E-6,
10,1,0.018283869999707856,0.5023916487526472,0.13821066477669539,0.19680778122486997,0.06245832355014604,0.00885053031788215,0.007216847045312056,0.0657264219385713,7.701770595463558E-6,7.701770595463558E-6,7.701770595463558E-6,7.701770595463558E-6,7.701770595463558E-6,7.701770595463558E-6,7.701770595463558E-6,
10,7,0.0021173370169101226,3.5197478363199844E-4,5.569852295379665E-4,2.081499953024259E-6,7.353354106879289E-7,8.783541517333893E-5,0.02708119312499016,0.9698016403249035,3.1038498395941385E-8,3.1038498395941385E-8,3.1038498395941385E-8,3.1038498395941385E-8,3.1038498395941385E-8,3.1038498395941385E-8,3.1038498395941385E-8,
10,7,1.4791280145318666E-4,0.1400989724824519,0.038541986455004014,1.0848415323157381E-5,0.0023174253031275596,8.488504758190138E-4,0.03408308272512474,0.7839358868358435,2.1477865503765465E-6,2.1477865503765465E-6,2.1477865503765465E-6,2.1477865503765465E-6,2.1477865503765465E-6,2.1477865503765465E-6,2.1477865503765465E-6,
10,7,0.01070682853371231,4.599904952867299E-4,0.002816531001368941,3.4946628592002583E-6,9.502449648626097E-5,6.203140783784435E-5,0.0024906878951246342,0.9833643128314206,1.5695370062259477E-7,1.5695370062259477E-7,1.5695370062259477E-7,1.5695370062259477E-7,1.5695370062259477E-7,1.5695370062259477E-7,1.5695370062259477E-7,
10,2,0.04113738063049223,0.18702873904970743,0.29596508043801584,8.33053095872908E-5,7.588735546471244E-4,0.0065183484937633325,0.26172502375023343,0.20666779834810114,1.6492917921809716E-5,1.6492917921809716E-5,1.6492917921809716E-5,1.6492917921809716E-5,1.6492917921809716E-5,1.6492917921809716E-5,1.6492917921809716E-5,
10,7,1.4791280145318666E-4,0.1400989724824519,0.038541986455004014,1.0848415323157381E-5,0.0023174253031275596,8.488504758190138E-4,0.03408308272512474,0.7839358868358435,2.1477865503765465E-6,2.1477865503765465E-6,2.1477865503765465E-6,2.1477865503765465E-6,2.1477865503765465E-6,2.1477865503765465E-6,2.1477865503765465E-6,
10,7,0.01070682853371231,4.599904952867299E-4,0.002816531001368941,3.4946628592002583E-6,9.502449648626097E-5,6.203140783784435E-5,0.0024906878951246342,0.9833643128314206,1.5695370062259477E-7,1.5695370062259477E-7,1.5695370062259477E-7,1.5695370062259477E-7,1.5695370062259477E-7,1.5695370062259477E-7,1.5695370062259477E-7,
10,2,0.04113738063049223,0.18702873904970743,0.29596508043801584,8.33053095872908E-5,7.588735546471244E-4,0.0065183484937633325,0.26172502375023343,0.20666779834810114,1.6492917921809716E-5,1.6492917921809716E-5,1.6492917921809716E-5,1.6492917921809716E-5,1.6492917921809716E-5,1.6492917921809716E-5,1.6492917921809716E-5,
11,6,7.252034701979817E-5,0.0021532137590286374,1.3293668620266048E-4,3.292973553957285E-5,4.7287522393681274E-5,0.0032138766454047345,0.9916094182350931,0.002736519106031921,1.8542332654528474E-7,1.8542332654528474E-7,1.8542332654528474E-7,1.8542332654528474E-7,1.8542332654528474E-7,1.8542332654528474E-7,1.8542332654528474E-7,
11,6,0.0018621775538710307,0.005849117047462926,0.010360397264116234,0.0049245268398238826,0.004198858729733856,0.08252592818328847,0.871766441014124,0.018478453053462653,4.871473445232318E-6,4.871473445232318E-6,4.871473445232318E-6,4.871473445232318E-6,4.871473445232318E-6,4.871473445232318E-6,4.871473445232318E-6,
11,6,1.961106733401027E-5,9.07306299887955E-4,0.21083413658409952,0.009357061742051821,4.034531086445788E-5,1.511405200954188E-4,0.778665050141934,1.9210442544170818E-5,8.768415983698607E-7,8.768415983698607E-7,8.768415983698607E-7,8.768415983698607E-7,8.768415983698607E-7,8.768415983698607E-7,8.768415983698607E-7,
11,6,2.246252957788411E-5,5.752623034021979E-4,7.420739802294445E-7,1.6868600652116422E-5,2.7061197292379677E-6,3.486616793003543E-6,0.9993767715427656,1.288520436757118E-6,5.881323747230266E-8,5.881323747230266E-8,5.881323747230266E-8,5.881323747230266E-8,5.881323747230266E-8,5.881323747230266E-8,5.881323747230266E-8,
11,6,1.1488338269945624E-6,9.059391479781708E-5,6.484503786512151E-6,1.6062758964043595E-6,4.918164897304555E-5,5.490821540189841E-7,0.9998431889973504,7.182796177284206E-6,9.135290974582628E-9,9.135290974582628E-9,9.135290974582628E-9,9.135290974582628E-9,9.135290974582628E-9,9.135290974582628E-9,9.135290974582628E-9,
11,6,5.868651929232966E-4,0.007015872042643223,9.445543728525176E-4,0.3543032942678183,3.300370916036179E-5,1.2363760894873539E-4,0.6369720370865256,1.5714734748225426E-5,7.172834828197945E-7,7.172834828197945E-7,7.172834828197945E-7,7.172834828197945E-7,7.172834828197945E-7,7.172834828197945E-7,7.172834828197945E-7,
11,6,2.2445334671985535E-5,0.0012193156960989598,0.05976689381106699,7.256800196535096E-6,3.1319611738086784E-4,0.005516509199531469,0.9330998137350459,5.2287863751207104E-5,3.259203223356454E-7,3.259203223356454E-7,3.259203223356454E-7,3.259203223356454E-7,3.259203223356454E-7,3.259203223356454E-7,3.259203223356454E-7,
11,6,7.477495640779137E-6,2.4970506531482795E-4,0.04938297294474263,4.35919520899356E-7,1.8813843255791275E-5,3.313793934198229E-4,0.9492663450196299,7.427333900980784E-4,1.9561196715734183E-8,1.9561196715734183E-8,1.9561196715734183E-8,1.9561196715734183E-8,1.9561196715734183E-8,1.9561196715734183E-8,1.9561196715734183E-8,
11,6,1.876132043667434E-5,0.0010191860723970923,0.21408992789949033,6.0657217110709524E-6,2.6179038110038294E-4,0.00461106944034336,0.7799475864681203,4.3705713508917174E-5,2.724261274569055E-7,2.724261274569055E-7,2.724261274569055E-7,2.724261274569055E-7,2.724261274569055E-7,2.724261274569055E-7,2.724261274569055E-7,
11,6,2.1472232249756675E-4,0.008945473743498598,0.0174320461942391,0.011873179677782682,1.4346120449328664E-4,0.00791597675885454,0.9533850056465432,6.830913350735065E-5,3.1179026547735875E-6,3.1179026547735875E-6,3.1179026547735875E-6,3.1179026547735875E-6,3.1179026547735875E-6,3.1179026547735875E-6,3.1179026547735875E-6,
11,6,2.392971377893843E-7,3.398706712773289E-5,1.9427131336757112E-5,9.966136479371648E-7,1.598802361102911E-7,2.0599277632423332E-7,0.999944402236314,5.574582121246803E-7,3.4747443699138315E-9,3.4747443699138315E-9,3.4747443699138315E-9,3.4747443699138315E-9,3.4747443699138315E-9,3.4747443699138315E-9,3.4747443699138315E-9,
11,6,1.678788526241112E-5,0.0023843619218230205,0.0013629099573531892,9.282946263440574E-4,1.121639433025361E-5,1.4451418540828695E-5,0.9952749307095675,5.340692492319334E-6,2.4377061229066747E-7,2.4377061229066747E-7,2.4377061229066747E-7,2.4377061229066747E-7,2.4377061229066747E-7,2.4377061229066747E-7,2.4377061229066747E-7,
11,6,4.55616410651468E-4,0.00261108598867759,0.0015709122110022667,3.4215252806599764E-4,0.00114635917512481,0.013031896306128126,0.9806422430249396,1.913838295957554E-4,1.192932259165758E-6,1.192932259165758E-6,1.192932259165758E-6,1.192932259165758E-6,1.192932259165758E-6,1.192932259165758E-6,1.192932259165758E-6,
11,6,1.263137045582565E-4,0.008577641676189648,0.33634507471338054,0.0034639323240040184,3.256435014746026E-4,0.09026499658811124,0.5608433745162841,4.018389708212933E-5,1.8341541307655028E-6,1.8341541307655028E-6,1.8341541307655028E-6,1.8341541307655028E-6,1.8341541307655028E-6,1.8341541307655028E-6,1.8341541307655028E-6,
11,6,1.9142207155009155E-4,0.04587236641361392,0.015540435456569492,0.06762093689531802,1.3258681525818469E-5,0.020518705705375995,0.8499299497271635,2.934680699956376E-4,2.7795684124786437E-6,2.7795684124786437E-6,2.7795684124786437E-6,2.7795684124786437E-6,2.7795684124786437E-6,2.7795684124786437E-6,2.7795684124786437E-6,
11,6,3.890407399249721E-5,0.0012364763948116456,0.44394372049468434,1.6202588739446268E-4,5.428569055802932E-4,0.0895995657052656,0.4643818665924462,9.062956511962872E-5,5.649115293268574E-7,5.649115293268574E-7,5.649115293268574E-7,5.649115293268574E-7,5.649115293268574E-7,5.649115293268574E-7,5.649115293268574E-7,
11,6,3.871194479370067E-6,7.842961193814323E-6,0.044175128811997096,1.2515957221961594E-6,9.980146885564666E-6,6.140760766677451E-4,0.9551784375291003,9.018198768244129E-6,5.62121692983716E-8,5.62121692983716E-8,5.62121692983716E-8,5.62121692983716E-8,5.62121692983716E-8,5.62121692983716E-8,5.62121692983716E-8,
11,6,1.4253276200018938E-4,0.0341565370778373,0.22675135187760548,0.003908711594269803,9.522960388309811E-5,0.10185529211287953,0.6328573411639951,2.1851615248243389E-4,2.069665006709484E-6,2.069665006709484E-6,2.069665006709484E-6,2.069665006709484E-6,2.069665006709484E-6,2.069665006709484E-6,2.069665006709484E-6,
11,6,3.6030193470124386E-4,0.13924458459951747,1.0771949419347893E-4,0.024991858411811528,2.687243995496789E-6,0.021885910585761326,0.8133374951251295,5.0823316939844653E-5,2.6598982785111107E-6,2.6598982785111107E-6,2.6598982785111107E-6,2.6598982785111107E-6,2.6598982785111107E-6,2.6598982785111107E-6,2.6598982785111107E-6,
11,6,4.425560506127458E-5,0.3531437450766852,0.03550840567946307,0.003736988550514059,4.6878420985850856E-5,0.002442175343851972,0.605053757740964,9.94241957083909E-6,1.9787375576165557E-6,1.9787375576165557E-6,1.9787375576165557E-6,1.9787375576165557E-6,1.9787375576165557E-6,1.9787375576165557E-6,1.9787375576165557E-6,
11,5,5.1328805456391987E-5,0.003441606554550121,0.009700058732948554,0.02524234474546081,1.0947224964005607E-5,0.8087112625306495,0.15263518492675052,1.9120153908428844E-4,2.2949914480557157E-6,2.2949914480557157E-6,2.2949914480557157E-6,2.2949914480557157E-6,2.2949914480557157E-6,2.2949914480557157E-6,2.2949914480557157E-6,
11,6,3.6030193470124386E-4,0.13924458459951747,1.0771949419347893E-4,0.024991858411811528,2.687243995496789E-6,0.021885910585761326,0.8133374951251295,5.0823316939844653E-5,2.6598982785111107E-6,2.6598982785111107E-6,2.6598982785111107E-6,2.6598982785111107E-6,2.6598982785111107E-6,2.6598982785111107E-6,2.6598982785111107E-6,
11,6,4.425560506127458E-5,0.3531437450766852,0.03550840567946307,0.003736988550514059,4.6878420985850856E-5,0.002442175343851972,0.605053757740964,9.94241957083909E-6,1.9787375576165557E-6,1.9787375576165557E-6,1.9787375576165557E-6,1.9787375576165557E-6,1.9787375576165557E-6,1.9787375576165557E-6,1.9787375576165557E-6,
11,5,5.1328805456391987E-5,0.003441606554550121,0.009700058732948554,0.02524234474546081,1.0947224964005607E-5,0.8087112625306495,0.15263518492675052,1.9120153908428844E-4,2.2949914480557157E-6,2.2949914480557157E-6,2.2949914480557157E-6,2.2949914480557157E-6,2.2949914480557157E-6,2.2949914480557157E-6,2.2949914480557157E-6,
12,7,9.477862571607949E-4,8.73777583520556E-4,0.0013827161221616599,5.981212981678505E-6,1.9189352136810097E-5,3.045300323557034E-5,0.0012227503642558344,0.9955168120790735,7.628935330639302E-8,7.628935330639302E-8,7.628935330639302E-8,7.628935330639302E-8,7.628935330639302E-8,7.628935330639302E-8,7.628935330639302E-8,
12,7,7.584683665486302E-4,0.0037658388529172152,0.0059592809355573225,2.577805228559957E-5,8.270297751053403E-5,1.3124747640064232E-4,0.00526985461286438,0.9840045271632378,3.2879466830403587E-7,3.2879466830403587E-7,3.2879466830403587E-7,3.2879466830403587E-7,3.2879466830403587E-7,3.2879466830403587E-7,3.2879466830403587E-7,
12,7,4.1167343585165586E-4,1.7204585971707787E-4,2.7225530669198057E-4,1.1776943572272546E-6,3.7783626497824548E-6,5.996163350312587E-6,2.4075822223564337E-4,0.9988922098061086,1.502129102920561E-8,1.502129102920561E-8,1.502129102920561E-8,1.502129102920561E-8,1.502129102920561E-8,1.502129102920561E-8,1.502129102920561E-8,
12,1,0.0013176729213600668,0.6929508561719495,0.19063453528117746,0.010948593677325034,0.08614902116027731,0.00419854374060044,0.0099542266503184,0.003772188811185638,1.0623083686636015E-5,1.0623083686636015E-5,1.0623083686636015E-5,1.0623083686636015E-5,1.0623083686636015E-5,1.0623083686636015E-5,1.0623083686636015E-5,
12,7,0.005784256385070793,2.0917157536088066E-5,1.2807617388743394E-4,5.540189064271801E-7,1.777442789355101E-6,2.820755522612974E-6,4.7137393789091703E-4,0.9935901746778232,7.064367556141445E-9,7.064367556141445E-9,7.064367556141445E-9,7.064367556141445E-9,7.064367556141445E-9,7.064367556141445E-9,7.064367556141445E-9,
12,7,1.786612567531651E-4,1.6471034477981623E-4,2.606471641172509E-4,7.336437348521732E-8,3.6172646977512414E-6,7.909805163766717E-4,0.006094242846897254,0.9925069669601739,1.4325975871495288E-8,1.4325975871495288E-8,1.4325975871495288E-8,1.4325975871495288E-8,1.4325975871495288E-8,1.4325975871495288E-8,1.4325975871495288E-8,
12,7,0.0016909249580615894,0.00155888768444022,0.0024668739214274444,3.2139948229665704E-5,3.1415046392814114E-5,5.433054428665365E-5,0.009079128766336078,0.985085336849588,1.374687481690146E-7,1.374687481690146E-7,1.374687481690146E-7,1.374687481690146E-7,1.374687481690146E-7,1.374687481690146E-7,1.374687481690146E-7,
12,7,0.324937888444364,0.004546623963305591,0.007194840396499239,9.373879866968884E-5,9.985008760925423E-5,1.5845949458625534E-4,0.026480024716972306,0.6364857675257335,4.009388943599879E-7,4.009388943599879E-7,4.009388943599879E-7,4.009388943599879E-7,4.009388943599879E-7,4.009388943599879E-7,4.009388943599879E-7,
12,7,0.002777880116601464,3.8868893885524324E-5,6.150838295663467E-5,6.035760669005883E-8,8.536141301913865E-7,1.3546634447747491E-6,2.2637659923424832E-4,0.9968930733788733,3.4276094669873493E-9,3.4276094669873493E-9,3.4276094669873493E-9,3.4276094669873493E-9,3.4276094669873493E-9,3.4276094669873493E-9,3.4276094669873493E-9,
12,7,0.054178719294408255,0.0014870611070250627,0.0023532113962440046,8.794145968289377E-6,1.4149223054786168E-4,5.182723562358329E-5,0.002080969510523959,0.9396970071360401,1.3113480263779933E-7,1.3113480263779933E-7,1.3113480263779933E-7,1.3113480263779933E-7,1.3113480263779933E-7,1.3113480263779933E-7,1.3113480263779933E-7,
12,7,0.0010209353046358126,1.6971482578425682E-4,2.685665439438781E-4,7.559344181726567E-8,6.88621939994936E-7,1.9030572995340255E-5,2.3749621066175257E-4,0.9982833875638263,1.496611005343972E-8,1.496611005343972E-8,1.496611005343972E-8,1.496611005343972E-8,1.496611005343972E-8,1.496611005343972E-8,1.496611005343972E-8,
12,7,0.0016909201892242555,0.0015588832879814916,0.002466866964217192,3.213985758685844E-5,3.423521147422689E-5,5.4330391060736294E-5,0.009079103160889775,0.9850825586590418,1.3746836047227172E-7,1.3746836047227172E-7,1.3746836047227172E-7,1.3746836047227172E-7,1.3746836047227172E-7,1.3746836047227172E-7,1.3746836047227172E-7,
12,7,0.025091245609013324,0.006405947811931364,5.55575431263145E-4,2.403251779966045E-6,1.8744077587023935E-5,8.761309291017528E-5,4.913011789336599E-4,0.967346952827028,3.095993613042509E-8,3.095993613042509E-8,3.095993613042509E-8,3.095993613042509E-8,3.095993613042509E-8,3.095993613042509E-8,3.095993613042509E-8,
12,7,0.11766127638675516,0.02672652290476298,0.008968827000104828,1.5056932747347453E-4,0.0029188087391486266,1.975298568345837E-4,0.12520968291766377,0.7181633189732541,4.948420003125688E-7,4.948420003125688E-7,4.948420003125688E-7,4.948420003125688E-7,4.948420003125688E-7,4.948420003125688E-7,4.948420003125688E-7,
12,6,0.07291462898830195,0.013926804885869747,0.00555797721438388,9.330773035012198E-5,0.001808784188293852,1.2240914485632206E-4,0.46052852307086245,0.44504541820385163,3.066533184802486E-7,3.066533184802486E-7,3.066533184802486E-7,3.066533184802486E-7,3.066533184802486E-7,3.066533184802486E-7,3.066533184802486E-7,
12,0,0.3910993407250731,0.15582259397456186,0.01351419140298276,2.2687723945072686E-4,4.5594358196775924E-4,0.0021311599476302578,0.1886654319942073,0.24807918950159136,7.530903620763506E-7,7.530903620763506E-7,7.530903620763506E-7,7.530903620763506E-7,7.530903620763506E-7,7.530903620763506E-7,7.530903620763506E-7,
