2,2,0.08875821157536157,0.011225619623520392,0.900016168801118,
2,1,0.010306613193554628,0.9780832055973655,0.011610181209079765,
2,1,0.0029591185448345323,0.593394449210006,0.40364643224515956,
2,2,0.0015722870354577894,0.01061546597408908,0.9878122469904531,
2,2,0.31033960248615533,0.002827936690613534,0.6868324608232312,
2,2,0.36200272768299396,0.009586361317849155,0.6284109109991568,
2,0,0.8775449402603941,0.03950043035239183,0.08295462938721396,
2,2,0.00266286679335017,0.01180811522598573,0.9855290179806641,
2,2,0.03395669098940236,0.029354650030575778,0.9366886589800218,
2,2,0.10787740677765861,0.06891526142035145,0.82320733180199,
2,0,0.5176545382051665,0.268066354357607,0.2142791074372265,
2,2,0.016146313581696853,0.00869430807669103,0.9751593783416121,
2,0,0.37348128398813474,0.37334219969656046,0.25317651631530474,
2,2,0.021448671256590782,0.004144871463963252,0.974406457279446,
2,2,0.00323145660646186,0.06114676784636919,0.935621775547169,
2,0,0.5563834168893083,0.1259130014650765,0.31770358164561524,
2,2,0.15480316955632384,0.33430249839746495,0.5108943320462112,
2,1,0.4676510567288726,0.5276860619924465,0.004662881278680963,
2,2,0.0019041004518470775,0.45383191606074474,0.5442639834874081,
2,1,0.16809198502658926,0.42811871694123954,0.4037892980321712,
2,2,0.16322053739972447,0.2636728287812138,0.5731066338190617,
2,2,0.1011569770081194,0.01704161111978581,0.8818014118720947,
2,2,0.19595035497015903,0.09849204980467033,0.7055575952251707,
2,1,0.009419327651890326,0.5251226441272129,0.4654580282208967,
2,1,0.08302213573276905,0.9114340115066141,0.00554385276061694,
2,2,0.006628878107749783,0.012073621775886032,0.9812975001163642,
2,2,0.044136867040480046,0.3128891204622059,0.642974012497314,
2,2,0.06890871815564738,0.0071268970564217155,0.9239643847879309,
2,0,0.9596900132534125,0.01777741087379324,0.02253257587279419,
2,1,0.38360828729905594,0.4435506536243789,0.1728410590765651,
2,2,0.007587148768424511,0.4822146693205855,0.51019818191099,
2,2,0.002402425507447163,0.0059643123846053634,0.9916332621079474,
2,0,0.7850733031780968,0.08388184341044971,0.1310448534114536,
2,2,0.01644621789760676,0.056870117810073034,0.9266836642923202,
2,2,0.0011030891716006942,0.0612773325499745,0.9376195782784248,
2,2,0.0033447244751694913,0.10700249203604786,0.8896527834887825,
2,2,0.018118012958844944,0.03027331687674191,0.9516086701644132,
2,2,0.0013095506699146496,0.010324625842178869,0.9883658234879065,
2,1,0.007735699371931444,0.707090345213142,0.2851739554149266,
2,0,0.8693529181002028,0.0962426013692806,0.03440448053051671,
2,2,0.0023073296212395835,0.013946129705211061,0.9837465406735493,
2,2,0.04341964612161505,0.06744307426796664,0.8891372796104183,
2,1,0.10437795536394831,0.4579253033277427,0.4376967413083091,
2,1,0.002764820101514425,0.6572801727045334,0.33995500719395216,
2,1,0.008525367452702801,0.9792896420254483,0.01218499052184882,
2,1,0.08586109991311952,0.7712240906136552,0.1429148094732253,
2,2,0.001397668535578044,0.10721153105162942,0.8913908004127925,
2,1,0.018595634439571178,0.5187112940898309,0.46269307147059785,
2,2,0.0012924700782081004,0.030919043995158012,0.9677884859266338,
2,2,0.006478790512655,0.01388781942953286,0.9796333900578122,
2,2,0.004527436169771536,0.030818892493430845,0.9646536713367976,
2,2,0.005326364940261119,0.26990806123111377,0.7247655738286252,
2,1,0.05887740187386465,0.638448262769155,0.3026743353569803,
2,2,0.006621309360649356,0.02049030416669146,0.9728883864726593,
2,2,0.0024035190199849375,0.06119755767890073,0.9363989233011144,
2,2,0.023313772438709197,0.03023728522583307,0.9464489423354578,
2,2,0.07326296490725538,0.00926587142691447,0.9174711636658301,
2,2,0.33063379681699107,0.015474639969397682,0.6538915632136112,
2,2,0.07353036095716907,0.008970846532382368,0.9174987925104485,
2,0,0.8946721355144736,0.05860880208712052,0.046719062398405974,
2,2,0.039994150937774746,0.005633578159742441,0.9543722709024828,
2,2,0.0012951781891812446,0.49596535462499036,0.5027394671858284,
2,1,9.060470603111424E-4,0.9619057423470007,0.03718821059268824,
2,1,0.0015716847833022625,0.6204548208157271,0.3779734944009706,
2,2,0.0686043914200897,0.27926084419632685,0.6521347643835835,
2,2,0.045892528858552405,0.02941697494153263,0.924690496199915,
2,1,0.009261279303744294,0.5182069199651108,0.4725318007311449,
2,1,0.24240753871678583,0.49614441244594426,0.2614480488372698,
2,0,0.4529083976043914,0.1485984054893942,0.39849319690621443,
2,1,0.10400708854361795,0.6197935770653255,0.2761993343910566,
2,2,0.002439611956546709,0.05615900429399988,0.9414013837494534,
2,1,0.024039498499390667,0.6720235313112894,0.30393697018932,
2,2,0.15871982950621474,0.020073955988105636,0.8212062145056795,
2,2,0.21096459317205582,0.11907346149341279,0.6699619453345314,
2,1,0.18537461772554947,0.4192246825008068,0.3954006997736437,
2,2,0.006377866246564514,0.009884195709318621,0.9837379380441168,
2,2,0.007709638313031174,0.10213789682106664,0.8901524648659022,
2,2,0.10263800184949554,0.02074552580869063,0.876616472341814,
2,2,0.02964947526470954,0.0255119643859922,0.9448385603492984,
2,2,0.02958014976299736,0.0831894312478068,0.8872304189891959,
2,2,2.3997486930545643E-4,0.011836801400466414,0.9879232237302282,
2,2,0.04065848886483637,0.05630264390081094,0.9030388672343526,
2,2,2.3911466490396065E-4,0.005906161102145363,0.9938547242329506,
2,2,0.1526321322556763,0.024904763749996034,0.8224631039943276,
2,0,0.9130690992988124,0.022542042614550627,0.0643888580866369,
2,2,0.14500761641649185,0.10473227983751601,0.7502601037459921,
2,2,0.010379857599559977,0.010042748164003393,0.9795773942364366,
2,2,0.034707638316207115,0.051268707493938116,0.9140236541898548,
2,2,0.04154318570267417,0.011048277239575148,0.9474085370577506,
2,2,0.0022531908705498652,0.45478000737297347,0.5429668017564766,
2,2,0.08792874132526927,0.02046599206927838,0.8916052666054524,
2,2,0.0011030891716006942,0.0612773325499745,0.9376195782784248,
2,2,0.011559616868241394,0.04315477623554605,0.9452856068962125,
2,2,0.03457219535255691,0.015627805623778437,0.9497999990236646,
2,2,0.002555909497192278,0.028263231568242314,0.9691808589345654,
2,2,0.007003514568428525,0.019716440763370778,0.9732800446682006,
2,0,0.785886621308352,0.06658131824097198,0.14753206045067604,
2,1,0.05939994671332032,0.4892243852017775,0.45137566808490226,
2,2,0.014002140380199339,0.0031322218332387104,0.982865637786562,
2,1,4.2511881683483517E-4,0.5549511344013904,0.4446237467817748,
2,2,0.0015995161138455073,0.06124687923842957,0.9371536046477249,
2,2,0.022901588172396837,0.030250046062296608,0.9468483657653066,
2,2,0.07326296490725538,0.00926587142691447,0.9174711636658301,
2,2,0.2801261811037568,0.004224417411483287,0.7156494014847599,
2,2,0.18883745035855465,0.24463131937788887,0.5665312302635565,
2,0,0.7579501954096106,0.016333548226952703,0.22571625636343665,
2,1,0.002878336531228446,0.8334911236743531,0.16363053979441852,
2,2,0.0757833720638511,0.3845427093918881,0.5396739185442608,
2,2,0.03914033547740273,0.0037006872440796326,0.9571589772785176,
2,1,0.020341174274784903,0.9540291014966712,0.025629724228543753,
2,2,0.04817437284587485,0.3415112616566047,0.6103143654975205,
2,2,0.020579472857301006,0.28786632562789266,0.6915542015148063,
2,2,0.0188975367135029,0.0057573788899718155,0.9753450843965253,
2,2,0.008135401451706097,0.003912551335190466,0.9879520472131035,
2,2,0.05608880682891535,0.4563532913048097,0.487557901866275,
2,2,0.30599725091528845,0.04433363552186186,0.6496691135628497,
2,2,0.0010671401598408485,0.004267163266647222,0.9946656965735119,
2,0,0.6322095133533874,0.23608975306470412,0.13170073358190848,
2,2,0.0026905990058915907,0.023989073034455636,0.9733203279596528,
2,2,0.4319269142972863,0.007884384204759719,0.560188701497954,
2,2,0.16034209281504935,0.010058206402703726,0.829599700782247,
2,1,0.3297211925421988,0.42331012061285844,0.2469686868449428,
2,2,5.920894757703517E-4,0.009800004546330641,0.9896079059778989,
2,1,0.0036924578532498533,0.6191369055933214,0.37717063655342875,
2,2,0.08775836797606291,0.3740145009626028,0.5382271310613342,
2,2,0.009772458956032883,0.005299895212390893,0.9849276458315762,
2,0,0.7570655856541462,0.11162810751254368,0.13130630683331007,
2,1,0.4314601930343748,0.5622136230348548,0.006326183930770509,
2,2,0.11489983930789734,0.010903579992554337,0.8741965806995483,
2,0,0.5556261456850865,0.002236579445296198,0.44213727486961735,
2,2,0.001058694353332981,0.010134220137744855,0.9888070855089222,
2,2,0.007203099227843899,0.010071885392688532,0.9827250153794677,
2,2,0.08675858868120466,0.3961357812997868,0.5171056300190086,
2,1,0.0034669436001681397,0.8329991087224496,0.16353394767738205,
2,2,0.013930418311549208,0.02592524186763195,0.9601443398208188,
2,2,0.00649120020295876,0.45284829293620044,0.5406605068608408,
2,1,4.757071513845497E-4,0.5353408631481559,0.4641834297004595,
2,2,0.04848587489824608,0.05584326366614168,0.8956708614356124,
2,2,0.04863326401498434,0.06707549153708398,0.8842912444479316,
2,0,0.9843523442010753,0.0050329700911011,0.01061468570782352,
2,1,0.06124859960979161,0.6969315366263439,0.24181986376386458,
2,2,0.001320726554154732,0.02814548392905932,0.9705337895167859,
2,2,0.00623835658998715,0.005941378596626053,0.9878202648133867,
2,2,7.736297354922976E-4,0.03224558779588797,0.9669807824686197,
2,1,0.0014025366051330964,0.9928362594718461,0.005761203923020857,
2,2,0.008804146917224706,0.005747427452799562,0.9854484256299756,
2,2,0.020878016441805793,0.013629359662646424,0.9654926238955478,
2,2,0.01876407623698484,0.0023872350432138792,0.9788486887198014,
2,2,0.32155481290362314,0.007528375496460023,0.6709168115999168,
2,1,0.06324382091997632,0.486580877045423,0.4501753020346007,
2,2,2.8343909646239647E-4,0.00254916839045087,0.9971673925130868,
2,2,0.08284802583805895,0.38160328910758096,0.53554868505436,
2,2,0.025224464965345868,0.3497455976227587,0.6250299374118954,
2,2,0.005506791400273467,0.02051329319617491,0.9739799154035517,
2,2,0.0028340431557879104,0.006221077937039011,0.9909448789071731,
2,1,0.029282401963072087,0.7206633267858784,0.2500542712510495,
2,1,0.16904846613099608,0.8045767423290311,0.026374791539972825,
2,2,3.2489524917064046E-4,0.004744411617164691,0.9949306931336647,
2,1,0.019650429347040085,0.6750457414790132,0.30530382917394666,
2,1,0.002048785624535264,0.5274569627083464,0.47049425166711834,
2,0,0.48445108664158815,0.03338379534971624,0.4821651180086956,
2,2,2.9919395299614837E-4,0.0023588744520508065,0.9973419315949531,
2,2,5.070761414212203E-4,0.028168414799083736,0.9713245090594951,
2,2,0.02196600188493698,0.0184210809385474,0.9596129171765155,
2,1,0.002018529725894297,0.7497883646497172,0.24819310562438845,
2,2,0.07619277049974149,0.012670394149945112,0.9111368353503133,
2,1,0.001749905881773777,0.8344343756008337,0.16381571851739254,
2,2,0.015826788119754617,0.3434765282735146,0.6406966836067308,
2,2,0.17499527764645612,0.016249927079551685,0.8087547952739922,
2,0,0.5152565343677009,0.3241695032409334,0.16057396239136562,
2,2,0.001539314126894163,0.30400356209315516,0.6944571237799506,
2,1,6.006628237576647E-4,0.9936335070063659,0.005765830169876449,
2,0,0.963129512790807,0.017480250682015676,0.019390236527177158,
2,2,0.023164303788405196,0.39158958074211214,0.5852461154694827,
2,2,0.0012959539700031343,0.02060014963929752,0.9781038963906994,
2,1,3.472613030117388E-4,0.9965106575270252,0.003142081169963207,
2,2,0.05057624730053092,0.26404410919381627,0.6853796435056528,
2,2,0.31398998520727167,0.17722345655606286,0.5087865582366655,
2,2,0.02607186335514097,0.030028084316602095,0.943900052328257,
2,2,5.673501043818917E-4,0.04731274036350642,0.9521199095321117,
2,2,0.148046490959583,0.015819620345920573,0.8361338886944965,
2,1,0.001621676911980212,0.964347102483412,0.034031220604607636,
2,2,0.001281720502866333,0.031356901735873285,0.9673613777612603,
2,1,0.00726234090345537,0.9815746905862314,0.011162968510313374,
2,2,0.2000294265884,0.02466463687141989,0.7753059365401801,
2,2,0.00757487247528155,0.06088032099313411,0.9315448065315844,
2,2,0.25886344250833365,0.0044533521125833565,0.736683205379083,
2,2,0.005233651182732069,0.06102394321697068,0.9337424056002973,
2,2,0.0013077283333656747,0.009701265284680826,0.9889910063819536,
2,2,0.026211037062250787,0.45346124703446233,0.5203277159032869,
2,2,0.17378023144742571,0.01853956812020141,0.807680200432373,
2,2,0.20976492417854425,0.024211137380671773,0.7660239384407839,
2,2,0.0017405179275793345,0.01061367731248852,0.9876458047599321,
2,2,0.0065005888714675004,0.03119304417366958,0.9623063669548629,
2,2,0.07060541647578315,0.054545093350113524,0.8748494901741032,
2,2,0.20659023541213378,0.13733950216733182,0.6560702624205343,
2,2,0.0010410864586496563,0.33325987440598476,0.6656990391353655,
2,2,0.001572964591760545,0.005789357305193836,0.9926376781030456,
2,1,0.007248356510351734,0.987024165829517,0.005727477660131382,
2,2,1.644972055182292E-4,0.014578963754962527,0.9852565390395194,
2,2,0.03395817959204967,0.02600705273274745,0.9400347676752028,
2,2,7.216717438779969E-4,0.0206119952905096,0.9786663329656123,
2,2,0.1484304210623878,0.02518697067947599,0.8263826082581363,
2,2,0.06185311032054635,0.275735386942644,0.6624115027368097,
2,2,0.0015995161138455073,0.06124687923842957,0.9371536046477249,
2,2,0.020386210646747723,0.2658215210697942,0.713792268283458,
2,1,0.21046501634420106,0.501285057254445,0.2882499264013539,
2,2,0.0030768956918464,0.008599980154399556,0.988323124153754,
2,1,0.012085688886721771,0.6802546444927928,0.3076596666204853,
2,2,0.0014053798841523262,0.024172023325967726,0.9744225967898799,
2,2,0.005069543915561308,0.1868241583815456,0.8081062977028931,
2,1,0.023068278087087224,0.8093011758272651,0.16763054608564748,
2,1,0.0031216496230445524,0.6757712098170316,0.32110714055992373,
2,2,0.006220635522871397,0.055946146484846686,0.937833217992282,
2,0,0.5326339715243696,0.23820028065420634,0.229165747821424,
2,0,0.7620405074345568,0.06693722097467464,0.17102227159076866,
2,2,0.0029936870045777554,0.12797473462813436,0.869031578367288,
2,0,0.8855627760521241,0.010203978591403403,0.10423324535647266,
2,1,0.1761305328707237,0.6799059710642689,0.14396349606500747,
2,2,0.011793722008675903,0.008524784251114612,0.9796814937402094,
2,2,0.011943691795645367,0.030589292207956156,0.9574670159963985,
2,0,0.7311490988852232,0.006126746415995492,0.2627241546987814,
2,2,0.10558656780407445,0.01761705437357114,0.8767963778223544,
2,1,3.8361365933762463E-4,0.7944836113727031,0.20513277496795917,
2,2,0.001871135508630803,0.022721199657454436,0.9754076648339148,
2,2,0.030928937147494867,0.010951660263453525,0.9581194025890517,
2,2,0.005422088597418605,0.005323179261844253,0.9892547321407371,
2,2,0.002479450419263425,0.00923617579071611,0.9882843737900204,
2,2,0.007268584558875488,0.10658122019043788,0.8861501952506866,
2,2,0.0011852282129963694,0.004415081681932894,0.9943996901050708,
2,0,0.4156175192687504,0.2376891741434213,0.34669330658782843,
2,2,0.0053473277202758995,0.009209621732346596,0.9854430505473775,
2,2,0.009895692544803115,0.05810807684256967,0.9319962306126273,
2,2,0.1471710107865855,0.030492330043631603,0.8223366591697828,
2,1,0.014088526308912278,0.5121136964678338,0.473797777223254,
2,2,0.187582024086365,0.016002008847964065,0.7964159670656709,
2,1,6.53112932374316E-4,0.822456263065136,0.17689062400248973,
2,2,0.021340258234654904,0.057436408516789925,0.9212233332485552,
2,1,0.1852274535852186,0.5610332826126273,0.2537392638021541,
2,2,0.23253036123479878,0.09862457347495865,0.6688450652902427,
2,2,0.0020870221131932,0.005341029202549918,0.9925719486842568,
2,0,0.5442684776283677,0.23623834926667464,0.21949317310495772,
2,1,0.032410396066848646,0.5060987503265095,0.46149085360664177,
2,2,3.0148020824440243E-4,0.010141902045374837,0.9895566177463808,
2,2,0.011348271615564183,0.060648841816998596,0.9280028865674372,
2,0,0.8885027783517464,0.027809658576510993,0.08368756307174262,
2,2,0.0015309343440599982,0.24141597094311415,0.7570530947128259,
2,1,0.3289760895688408,0.5565036691454311,0.11452024128572798,
2,2,6.373093647564527E-4,0.013581449110085995,0.9857812415251576,
2,2,0.2083656054607714,0.05581366693087427,0.7358207276083544,
2,2,0.0012959539700031343,0.02060014963929752,0.9781038963906994,
2,2,0.02764619203626898,0.023536837124624354,0.9488169708391065,
2,2,4.675717812304813E-4,0.005904811474895741,0.9936276167438738,
2,0,0.5555242712411027,0.006678562930877174,0.4377971658280202,
2,2,0.01772798806373648,0.4482120029571639,0.5340600089790996,
2,2,0.0021504066357153234,0.002544407826483859,0.9953051855378008,
2,2,0.004640552761196207,0.030688852988659594,0.9646705942501442,
2,2,0.021847249009429227,0.005213205217673152,0.9729395457728977,
2,2,0.09717581387635973,0.005374959470570149,0.8974492266530701,
2,2,0.03562953876849109,0.009515750774299133,0.9548547104572098,
2,2,0.009046693857773756,0.2551380875867628,0.7358152185554634,
2,2,0.04772028511795518,0.00585487137918784,0.946424843502857,
2,1,0.0019077541627697298,0.620245976712008,0.3778462691252222,
2,2,0.07225421716927011,0.014199833678636942,0.913545949152093,
2,2,0.009685920405652108,0.4444396432727149,0.5458744363216329,
2,1,0.04849987203203253,0.9291679946455881,0.022332133322379325,
2,1,0.006864879127098039,0.9735664902213553,0.019568630651546643,
2,2,0.0027600096702991047,0.03218148621641621,0.9650585041132846,
2,2,0.007262964478851499,0.024030234387188466,0.9687068011339601,
2,2,0.256875142043015,0.3363801743854519,0.406744683571533,
2,2,0.006420058188378475,0.026122700451003743,0.9674572413606177,
2,1,0.005151838288067359,0.9358414026658324,0.05900675904610021,
2,2,0.05631066104658833,0.05789062396734937,0.8857987149860624,
2,2,0.34152783968957323,6.818659170684847E-4,0.6577902943933582,
2,1,0.029631655773810526,0.6292296779898642,0.3411386662363251,
2,1,0.003591044875540546,0.9787847072685579,0.017624247855901453,
2,2,0.02259065797470749,0.0668621603130258,0.9105471817122667,
2,1,0.013882353131337745,0.5985720298507812,0.38754561701788104,
2,2,0.24531325768235238,0.0033714435523632116,0.7513152987652844,
2,1,0.015753210799111416,0.6116419736148515,0.37260481558603703,
2,2,0.08108759051044459,0.027178777268786966,0.8917336322207684,
2,2,0.002846085038963486,0.0106019227208435,0.9865519922401931,
2,1,0.011391320898015696,0.8087033595323588,0.17990531956962555,
2,0,0.6383965205515041,0.06636687762361983,0.2952366018248761,
2,1,2.7540344613275034E-4,0.993956889866504,0.005767706687363287,
2,2,0.0012779791635823036,0.03222931216080944,0.9664927086756082,
2,2,0.09622819823184968,0.0014262041630842665,0.9023455976050662,
2,2,0.014183460485792459,0.03181284513851362,0.9540036943756939,
2,2,0.28550993129741203,0.009012988082101499,0.7054770806204864,
2,2,0.0015369663348496103,0.016245436384073293,0.982217597281077,
2,1,0.030304948459372504,0.6947160638890266,0.2749789876516009,
2,0,0.8142070746571688,0.0017272856763045857,0.18406563966652673,
2,0,0.9598027806087827,2.2600646742833647E-4,0.039971212923789114,
2,2,0.02074777418783489,0.3266855817213093,0.652566644090856,
2,2,0.0022497879711378998,0.026232343082764304,0.9715178689460978,
2,2,3.9002326005038333E-4,0.010660021214435548,0.9889499555255141,
2,2,0.002846085038963486,0.0106019227208435,0.9865519922401931,
2,2,0.04414597362649688,0.3977062151604204,0.5581478112130828,
2,1,0.014613956588017687,0.7611554187818759,0.22423062463010646,
2,2,0.0019027161504418335,0.006226888261634791,0.9918703955879233,
2,2,0.032010901755250516,0.007969439539829355,0.9600196587049202,
2,1,0.007735699371931444,0.707090345213142,0.2851739554149266,
2,2,4.730646827626208E-4,0.026279055791317906,0.9732478795259195,
2,0,0.40858537482737933,0.20012217632576518,0.39129244884685543,
2,1,0.03569545508954356,0.5853315075277846,0.3789730373826718,
2,2,0.03905431027376442,0.00596449815580955,0.954981191570426,
2,2,0.019101328592179622,0.012294873653097635,0.9686037977547227,
2,0,0.5471105236545452,0.21895873745624672,0.2339307388892081,
2,2,0.0857550425495776,0.032600784789813715,0.8816441726606088,
2,2,5.901773772665571E-4,0.016260841060321645,0.9831489815624117,
2,1,0.14901992550279688,0.4320157486978419,0.41896432579936116,
2,1,0.0015887080797432845,0.8345691203787988,0.16384217154145797,
2,0,0.6051987810257722,0.0984713963537189,0.29632982262050894,
2,2,0.002459002176724559,0.0019067528747395556,0.9956342449485358,
2,0,0.5214916380188748,0.02495509742223768,0.45355326455888756,
2,1,5.033661861572373E-4,0.9898121598560288,0.009684473957814011,
2,2,0.02293777148444706,0.00682214445462349,0.9702400840609294,
2,0,0.41045458396952383,0.20324718015469495,0.38629823587578116,
2,2,0.0015009910707782367,0.05773426659970325,0.9407647423295186,
2,1,0.40975534246584944,0.42473543730882346,0.165509220225327,
2,0,0.7465501810807943,6.223644955529379E-4,0.2528274544236528,
2,2,0.004290742614871274,0.01760011118846422,0.9781091461966646,
2,0,0.7399154003594746,0.22091538758337229,0.0391692120571532,
2,2,0.3875290958262765,0.006872394439549388,0.6055985097341741,
2,2,0.19222009971960877,0.3591752288725063,0.44860467140788496,
2,1,0.001986327152204477,0.7790641650639446,0.21894950778385092,
2,0,0.8056644629549544,0.08559503917005817,0.10874049787498732,
2,2,0.001049068103107115,0.10724895734727576,0.8917019745496171,
2,2,0.04454374341550946,0.0635297362366406,0.8919265203478499,
2,2,0.0011030891716006942,0.0612773325499745,0.9376195782784248,
2,2,0.009939543785896277,0.002258747916955585,0.9878017082971482,
2,0,0.39769962556508603,0.34474797241798294,0.257552402016931,
2,2,0.003333851297383854,0.029440924985053612,0.9672252237175626,
2,2,0.004634453596592149,0.009719415591885477,0.9856461308115223,
2,2,0.001263934066957382,0.002774492802539734,0.9959615731305028,
2,2,0.1837224585255636,0.010296993723587581,0.8059805477508488,
2,1,0.05769262710432226,0.8475369737220788,0.09477039917359907,
2,2,0.0733156890539269,0.01825268640363631,0.9084316245424368,
2,0,0.41737627161995494,0.3952461751242248,0.18737755325582037,
2,2,0.005510037990907935,0.03078847206700246,0.9637014899420896,
2,2,5.415692878877405E-4,0.010139466351133313,0.9893189643609789,
2,1,0.0014717079495278286,0.6438807702097246,0.3546475218407476,
2,1,0.004595508456794772,0.515417099245225,0.4799873922979802,
2,0,0.5388048807531046,0.004092179011948529,0.4571029402349469,
2,2,0.02894184064283198,0.2208541793027052,0.7502039800544629,
2,2,0.332287747983303,0.015436403352873065,0.6522758486638238,
2,0,0.5068361598129921,0.3796618532690775,0.11350198691793048,
2,2,0.024973081221691923,0.4444241216844782,0.5306027970938298,
2,2,0.0023362257448867585,0.006674319855581904,0.9909894543995313,
2,1,0.0030694093749288444,0.6195240875532924,0.37740650307177886,
2,0,0.7218482207232235,0.018769713567495763,0.2593820657092807,
2,2,0.14718872580223485,0.02522369644197837,0.8275875777557868,
2,2,0.0027592418140630352,0.008602720402903276,0.9886380377830336,
2,2,0.005939754860437739,0.010084701971457177,0.9839755431681051,
2,2,0.2724710017301068,0.007044538446051937,0.7204844598238412,
2,2,0.014107461405268912,0.020335888198362562,0.9655566503963686,
2,2,0.08387884529824295,0.053766091161988265,0.8623550635397689,
2,1,0.003534741514651489,0.8329424366412026,0.163522821844146,
2,2,0.1743092676126891,0.015551725032901868,0.8101390073544089,
2,2,0.03630000541906422,0.03138038260315744,0.9323196119777784,
2,2,0.0012912239662723126,0.024174786588911666,0.9745339894448161,
2,2,0.11131933367373492,0.011210328323999047,0.877470338002266,
2,2,0.0012548841090950333,0.03223005745099523,0.9665150584399097,
2,2,0.3604450166398777,0.009259435734221205,0.6302955476259011,
2,2,0.003655170184425987,0.02411756480744451,0.9722272650081295,
2,2,0.25234855780152227,0.026731777204407618,0.7209196649940701,
2,2,0.0013135471344597695,0.005294882694336719,0.9933915701712036,
2,2,0.08657237361749773,0.0020563887918223387,0.9113712375906798,
2,2,0.0013519630932327142,0.061262065378864514,0.9373859715279028,
2,2,0.002710706179111143,0.05766431959530008,0.9396249742255889,
2,2,0.0027555304399109986,0.013939864582757257,0.9833046049773317,
2,1,0.00234247673992248,0.9761342690509128,0.021523254209164733,
2,1,0.0011516896432727634,0.7213177866904096,0.27753052366631764,
2,1,0.05545770692412498,0.9334617833660579,0.011080509709817148,
2,0,0.9797175542162797,0.002963916551839983,0.017318529231880247,
2,1,0.006066643778324852,0.6843992179080567,0.3095341383136185,
2,2,0.02376549311094746,0.2346984351933723,0.7415360716956801,
2,2,9.934506722349844E-4,0.006497769274433271,0.9925087800533318,
2,1,0.0017607763256729427,0.9557506866397316,0.04248853703459532,
2,2,0.010111010184852214,0.01186013810849915,0.9780288517066488,
2,2,0.00582338391828917,0.26105062231857024,0.7331259937631407,
2,2,0.005171720094502463,0.11777582890632865,0.8770524509991688,
2,2,0.1371738853924568,0.08954388368683384,0.7732822309207094,
2,2,0.4315477253055278,0.0991625905807731,0.469289684113699,
2,1,0.04554399735444254,0.657216037322105,0.29723996532345237,
2,0,0.9124074075071088,0.008096514088845656,0.07949607840404554,
2,2,0.0021780140973146405,0.1842177372325164,0.8136042486701689,
2,2,0.06170833959185125,0.004071748681523698,0.934219911726625,
2,2,0.0350109483992864,0.07312385633426995,0.8918651952664437,
2,2,0.002730019144001608,0.10706848777591707,0.8902014930800812,
2,2,0.014806823804018526,0.024740663889320613,0.9604525123066608,
2,2,0.006769616326278533,0.003645236394292636,0.9895851472794288,
2,2,0.011583919459310804,0.3546397712744795,0.6337763092662096,
2,0,0.7355044237382654,0.18028244259289777,0.08421313366883687,
2,2,0.009988137586253032,0.015442918887424354,0.9745689435263226,
2,2,0.026493821593676206,0.0026905478858274792,0.9708156305204962,
2,1,0.05011428730564225,0.8346071207867015,0.1152785919076564,
2,2,0.0013275328122202544,0.06126356405449125,0.9374089031332884,
2,2,0.03381116206014319,0.4408732296405668,0.52531560829929,
2,1,0.03773281532278508,0.6527925411632645,0.3094746435139505,
2,2,0.002274062445495442,0.015725709426044163,0.9820002281284604,
2,2,0.10473138566715713,0.25849807151874205,0.6367705428141008,
2,2,0.2356477076898205,0.266022132653325,0.49833015965685445,
2,0,0.6378651273227359,0.0034997021227562665,0.3586351705545077,
2,2,6.756969974056016E-4,0.028163662607145423,0.9711606403954489,
2,2,0.22697536278104002,0.023932114309166932,0.7490925229097931,
2,2,5.777955025752863E-4,0.05549867131343787,0.9439235331839869,
2,1,0.08079173767441675,0.6496632472257803,0.2695450150998029,
2,2,0.012642602135137848,0.28109750913065157,0.7062598887342105,
2,2,0.028197418731661476,0.27310665692504393,0.6986959243432945,
2,2,4.995128053133676E-4,0.3603456392721669,0.6391548479225196,
2,1,0.1715714830068438,0.7085742747253244,0.11985424226783163,
2,2,0.1724894032414416,0.26066122657500196,0.5668493701835564,
2,2,0.3283519644045729,0.14981827827917785,0.5218297573162491,
2,2,0.003790902863137557,0.005281748133496473,0.9909273490033661,
2,1,0.31534064153273184,0.6333967026931808,0.05126265577408736,
2,1,0.18641882478486774,0.4521525688297334,0.3614286063853989,
2,2,0.0011776141091994527,0.0021947341000747057,0.9966276517907259,
2,1,0.04545634433312206,0.8882944440832078,0.06624921158367024,
2,2,0.034409210892233304,0.01307051400619918,0.9525202751015676,
2,2,0.006044440919312683,0.005319848308144713,0.9886357107725426,
2,1,0.004313110702719746,0.9883254725653007,0.007361416731979657,
2,2,2.408860027413918E-4,0.006074895740678425,0.99368421825658,
2,2,0.015384680777400546,0.003979493785033788,0.9806358254375658,
2,2,0.0010788626570726412,0.016022620858656914,0.9828985164842704,
2,1,0.0037245387347221576,0.6191169695225367,0.3771584917427412,
2,2,0.25134154840545697,0.21714013056695872,0.5315183210275843,
2,2,0.0022870097849721225,0.010121758926147691,0.9875912312888803,
2,2,0.31465203663636726,0.017303694629711618,0.6680442687339211,
2,2,0.06497302350908982,0.07743587391388418,0.8575911025770261,
2,2,0.24119385874758797,0.027019748390687756,0.7317863928617242,
2,2,0.0012912239662723126,0.024174786588911666,0.9745339894448161,
2,1,0.001105695314096197,0.6925109567291076,0.3063833479567962,
2,2,0.03873386199410728,0.010618740748723253,0.9506473972571695,
2,2,0.0037069866502688537,0.032150926745352394,0.9641420866043787,
2,2,0.0011030891716006942,0.0612773325499745,0.9376195782784248,
2,2,0.04405374578964274,0.06779890787332185,0.8881473463370354,
2,2,0.26656243929565365,0.23466078156349504,0.4987767791408513,
2,2,0.006138145827404286,0.14677942039872852,0.8470824337738672,
2,2,0.0024164153649800075,0.056160310177333896,0.941423274457686,
2,2,0.3314080676293544,0.01316910055497075,0.655422831815675,
2,1,0.0014025366051330964,0.9928362594718461,0.005761203923020857,
2,2,4.6925346422023136E-4,0.011834086823842857,0.9876966597119369,
2,2,0.005446562507959059,0.031226137591289033,0.963327299900752,
2,2,0.07649329412481332,0.0151640201959915,0.9083426856791952,
2,2,0.030166782653245763,0.023475823602258594,0.9463573937444957,
2,2,0.005506791400273467,0.02051329319617491,0.9739799154035517,
2,2,0.003453133234843366,0.06113316909325602,0.9354136976719006,
2,2,5.673501043818917E-4,0.04731274036350642,0.9521199095321117,
2,1,0.0014042720303519955,0.9835593335655971,0.015036394404050826,
2,2,0.006100673481384057,0.016171182844758557,0.9777281436738573,
2,2,3.604037870279785E-4,0.010226980155293637,0.9894126160576784,
2,2,0.08394463145686154,0.005551549341508621,0.9105038192016298,
2,2,0.03473368211592104,0.034420140070503195,0.9308461778135757,
2,1,0.014207897230524888,0.6497380122761448,0.33605409049333024,
2,2,0.005503292902873242,0.009751846216376743,0.9847448608807501,
2,2,0.009163820665559973,0.00641749864104405,0.9844186806933961,
2,1,0.013303871209653045,0.9578492975593136,0.028846831231033362,
2,1,0.33196932863166534,0.40665802536675066,0.2613726460015841,
2,2,0.0013743063407279782,0.026255360802244287,0.9723703328570278,
2,2,0.010024473672970732,0.01186117492676149,0.9781143514002678,
2,1,0.019593979486331146,0.8130851064868293,0.16732091402683963,
2,2,0.015433230205296425,0.40366744527119475,0.5808993245235088,
2,2,2.836040852690718E-4,0.011122654800260213,0.9885937411144706,
2,1,0.17893804992646814,0.680176911770679,0.14088503830285296,
2,1,0.0023249748078679813,0.9753120933186965,0.02236293187343546,
2,1,0.007621478224925598,0.931790406978684,0.06058811479639025,
2,1,6.819052988012746E-4,0.8353271142089689,0.1639909804922298,
2,0,0.7051582797706236,0.008559055789579693,0.28628266443979666,
2,1,0.2642827248299404,0.49910332315559414,0.2366139520144653,
2,2,0.02137800018267253,0.004826653523799284,0.973795346293528,
2,1,0.0035183597831220706,0.9302916875582733,0.06618995265860465,
2,2,0.007741374632897765,0.47370486477007984,0.5185537605970224,
2,2,0.036217985627996274,0.4773006547843202,0.4864813595876834,
2,2,6.022099091509751E-4,0.015589327355144438,0.9838084627357044,
2,1,0.42772475847814456,0.5550060706461946,0.017269170875660805,
2,1,0.0022705422747297875,0.9827061072194557,0.015023350505814407,
2,1,0.0014300218813725295,0.992808932766289,0.005761045352338374,
2,2,0.3295740478960646,0.028861646268568734,0.6415643058353667,
2,2,0.003329381851634036,0.45428947196074887,0.5423811461876171,
2,2,0.15134968057116757,0.2139831451862682,0.6346671742425642,
2,2,0.2453039564890111,0.2322974666691268,0.5223985768418621,
2,2,0.028028084351248927,0.01004840525401116,0.96192351039474,
2,0,0.6310883464224969,0.05345965081486942,0.3154520027626337,
2,2,0.012868663890697669,0.010014408462689304,0.977116927646613,
2,2,0.059997543926215965,0.00561996984923722,0.9343824862245468,
2,0,0.8769422833772574,0.0011743229438273453,0.12188339367891518,
2,2,0.002942210718551545,0.056130709820430245,0.9409270794610183,
2,1,0.0030831141864540077,0.6570703842861774,0.33984650152736867,
2,2,0.003593057830030452,0.009225864751197164,0.9871810774187724,
2,2,0.04341964612161505,0.06744307426796664,0.8891372796104183,
2,2,0.07331718603826402,0.2811393648327825,0.6455434491289535,
2,1,0.0025441787172336755,0.9317865376042954,0.06566928367847093,
2,2,8.19849813290627E-4,0.05777365090614742,0.941406499280562,
2,1,0.003422648309202647,0.6193045737471133,0.37727277794368386,
2,2,0.004374750991021955,0.031259789411933456,0.9643654595970444,
2,2,0.02823014224984157,0.0120072330910606,0.9597626246590979,
2,1,0.16488234024315349,0.6046356991683174,0.23048196058852907,
2,2,0.025980961702460746,0.009926056190119523,0.9640929821074197,
2,2,5.642914631673266E-4,0.06131038509623719,0.9381253234405954,
2,1,0.19459682756172736,0.541190215970128,0.26421295646814463,
2,2,2.533240763182161E-4,0.05065323620460852,0.9490934397190733,
2,2,0.03296600687452555,0.00390843580272309,0.9631255573227515,
2,1,0.026520134881520153,0.953758307770876,0.0197215573476038,
2,2,0.0025223608337889367,0.024144985638175916,0.9733326535280352,
2,2,7.216717438779969E-4,0.0206119952905096,0.9786663329656123,
2,2,2.5932207202002686E-4,0.028175397179077105,0.9715652807489029,
2,0,0.41280592108264536,0.1807399126422301,0.4064541662751246,
2,2,0.040565217281060516,0.05630811790220299,0.9031266648167365,
2,2,0.005993824125750587,0.10671808049353661,0.8872880953807127,
2,1,3.2810261098938835E-4,0.6795173762314877,0.3201545211575229,
2,2,0.0026593896793600234,0.004515195150720145,0.9928254151699197,
2,2,0.15371797168013368,0.22564667291744062,0.6206353554024256,
2,2,6.007232685648036E-4,0.016030290178939824,0.9833689865524953,
2,2,0.005429629901032703,0.10677865328085805,0.8877917168181091,
2,1,0.005887687198891075,0.937481184035616,0.05663112876549307,
2,2,0.2911399485562971,0.08884928209259467,0.6200107693511082,
2,2,0.01701682333134409,0.0237941320700407,0.9591890445986151,
2,1,0.08822185141935973,0.7674795105206196,0.1442986380600208,
2,2,0.018928044669894024,0.052827043490642406,0.9282449118394634,
2,2,2.143658463426011E-4,0.0059063073076147405,0.9938793268460426,
2,2,0.0503931012524336,0.018704187310426588,0.9309027114371398,
2,2,0.19179908578910423,0.24034886329366795,0.5678520509172278,
2,2,0.1560289039517493,0.21400078228029615,0.6299703137679545,
2,1,0.03230786702125229,0.7767929184641936,0.1908992145145542,
2,0,0.9613759060973943,0.001084439756057936,0.03753965414654771,
2,1,0.004180302066565648,0.8324028144370845,0.1634168834963498,
2,1,0.21468351781447045,0.7621433128324653,0.02317316935306433,
2,1,8.196069453331945E-4,0.6443012643511306,0.3548791287035362,
2,2,0.013755146495210173,0.005154022320972128,0.9810908311838177,
2,2,0.07083610988449356,0.004878709775780433,0.924285180339726,
2,0,0.8402785741347996,0.029762467823825252,0.1299589580413752,
2,2,0.23852910934250482,0.1287504921948927,0.6327203984626024,
2,2,0.0013519630932327142,0.061262065378864514,0.9373859715279028,
2,2,0.006749479597436,0.011344522562189378,0.9819059978403746,
2,2,2.8354822409006373E-4,0.0021651372376322166,0.9975513145382777,
2,2,0.08705091078352545,0.017982146920067388,0.8949669422964073,
2,0,0.5213298683135392,0.26635195871537626,0.21231817297108452,
2,2,0.25762230295270977,0.01340671622881418,0.728970980818476,
2,1,0.006552411937170676,0.9098246251915717,0.08362296287125774,
2,2,0.025612195154533245,0.030042256774472597,0.9443455480709942,
2,2,0.0015186267335209902,0.005576700974643795,0.9929046722918352,
2,2,0.0037266352042643956,0.024115834922172025,0.9721575298735636,
2,2,0.07289883708284804,0.01418996729527186,0.9129111956218801,
2,2,0.02539575491521044,0.0076800193753882445,0.9669242257094013,
2,0,0.7893893989544493,0.13397561162147206,0.07663498942407876,
2,2,0.014107461405268912,0.020335888198362562,0.9655566503963686,
2,1,0.03677946579535868,0.4886801953924501,0.47454033881219126,
2,2,0.012220260889832643,0.006397398391995132,0.9813823407181722,
2,2,3.1413233035968954E-4,0.061325731108628746,0.9383601365610115,
2,2,0.006655333934474987,0.020465363264363823,0.9728793028011611,
2,2,5.811959535902573E-4,0.010881371869936584,0.9885374321764732,
2,2,0.034567462506493334,0.008531520513774182,0.9569010169797325,
2,2,7.354748196011917E-4,0.028161977906382484,0.9711025472740162,
2,2,0.005424505338722055,0.1298868758905495,0.8646886187707284,
2,2,0.02102202448357134,0.28479846137683856,0.6941795141395901,
2,2,6.538133341914645E-4,0.03224945433744704,0.9670967323283616,
2,2,0.07052612161113174,0.25108203093896,0.6783918474499083,
2,2,0.009583746196216228,0.005896438426229998,0.9845198153775537,
2,2,0.0024265921130937774,0.061196142259967994,0.9363772656269382,
2,2,0.013780258610481754,0.04305782420978797,0.9431619171797303,
2,1,0.011019037826905423,0.9286002800515107,0.06038068212158377,
2,0,0.8445572169511666,0.0013357892504495992,0.15410699379838377,
2,2,0.0030768956918464,0.008599980154399556,0.988323124153754,
2,0,0.8034560575932815,0.0283356199553963,0.16820832245132208,
2,2,0.0024887627689728757,0.4476696308479027,0.5498416063831245,
2,2,0.471234868491932,0.0022945943334049743,0.526470537174663,
2,2,0.0023879526028846745,0.011952670231276996,0.9856593771658383,
2,2,0.37398219675871014,0.09211994708023485,0.533897856161055,
2,2,0.001840707615194642,0.03133935113695793,0.9668199412478473,
2,2,0.22883784968793255,0.24612771344143658,0.5250344368706309,
2,2,0.009036887866146462,0.010298176764412087,0.9806649353694415,
2,2,0.002169119007783572,0.0025443601119723145,0.9952865208802442,
2,2,0.07755466143753227,0.12303685271967534,0.7994084858427924,
2,2,0.0025490263710770417,0.03088014219644557,0.9665708314324775,
2,2,0.15720090334419407,0.27241103017406065,0.5703880664817453,
2,2,0.06054308291414491,0.38643901859224367,0.5530178984936115,
2,2,1.1931563175360572E-4,0.005906868823761643,0.9939738155444848,
2,2,0.006742171982894467,0.012414932960383136,0.9808428950567224,
2,2,0.15619382360349135,0.009054467880428312,0.8347517085160803,
2,2,0.014291267682885783,0.002698982389020133,0.9830097499280942,
2,2,0.0030987774023139227,0.012116527292071204,0.9847846953056149,
2,1,0.2757857897581327,0.597664539734394,0.12654967050747334,
2,1,0.16497160098504224,0.8241724971595087,0.010855901855449166,
2,2,0.0027004971296756106,0.05538079608576249,0.941918706784562,
2,0,0.41737627161995494,0.3952461751242248,0.18737755325582037,
2,2,0.008182888121090175,0.4415584086970331,0.5502587031818768,
2,2,0.01557733185633451,0.02382897646115851,0.960593691682507,
2,2,0.026596509744504105,0.025624047625525954,0.9477794426299699,
2,2,5.070761414212203E-4,0.028168414799083736,0.9713245090594951,
2,0,0.6750403060745921,0.004099228214370343,0.32086046571103755,
2,2,0.0029294104740997247,0.019797334133305245,0.9772732553925951,
2,2,0.0014442872038968424,0.01936563867705323,0.97919007411905,
2,2,0.001320726554154732,0.02814548392905932,0.9705337895167859,
2,2,0.005707936188661581,0.060994848202543486,0.933297215608795,
2,2,0.3332265096895387,0.01683472554130513,0.6499387647691562,
2,1,0.016151679555087613,0.8223959745093204,0.16145234593559202,
2,2,0.3477771299073426,0.0029098648837038287,0.6493130052089536,
2,2,0.0012756054703857414,0.016249688841253756,0.9824747056883606,
2,2,0.002201262631877822,0.04723539160048754,0.9505633457676346,
2,2,0.0019277864665565264,0.012475108950689798,0.9855971045827536,
2,2,0.024161647980781593,0.22194137013377227,0.7538969818854461,
2,2,0.025716732370297393,0.011673161566375146,0.9626101060633275,
2,2,1.4606491071107657E-4,0.01457923252293202,0.985274702566357,
2,2,1.0895839739492584E-4,0.011838352588670796,0.9880526890139344,
2,2,0.03265022314290397,0.046866578938627106,0.9204831979184689,
2,1,0.0029033647609601546,0.8334702026492796,0.16362643258976028,
2,2,0.048932014145776845,0.2042782759647206,0.7467897098895026,
2,2,0.07757975563903251,0.004890530931664008,0.9175297134293035,
2,1,0.013224853193803902,0.7040360529989682,0.282739093807228,
2,2,0.15702065977943788,0.03056452086361846,0.8124148193569436,
2,2,0.16602699837410353,0.013693872885938657,0.8202791287399578,
2,2,0.03348900676361449,0.4786521464903684,0.4878588467460172,
2,2,0.004939035645586987,0.4334630252729591,0.561597939081454,
2,2,0.0058424519412757555,0.016809685757258566,0.9773478623014658,
2,2,0.32852245040799916,0.005435490080175346,0.6660420595118256,
2,1,0.006490774576288853,0.548993602385091,0.44451562303862013,
