0,0,0.9704549983868888,3.045810453711296E-4,1.561613039351714E-4,2.7410802580381792E-5,0.0014306050900156153,0.015287056025989572,0.001719949078120666,1.5298400028731498E-4,0.009659926314963421,8.063279518475956E-4,
2,2,6.4441267272564205E-6,0.02512644400998471,0.8146511130115532,0.0640311335802431,0.00917814924307453,0.019306569287955024,0.02758732875119993,2.6706237079962585E-4,0.03851893714282697,0.0013268184756354473,
5,5,8.130069310085722E-6,0.001112771134300154,2.8575365915611173E-5,0.06387632125095617,5.851791946712244E-4,0.917388444637183,0.010279692361265066,0.0019344027283323992,5.34329558342693E-4,0.004252153699723718,
7,7,1.353215768928936E-4,1.3667975905851012E-4,2.0925653914641643E-5,0.004297457374794319,4.562870606017728E-4,1.918367224723834E-4,2.33443801019156E-5,0.9943865567725624,2.596985452180114E-4,9.189215438334914E-5,
4,6,0.010311669108516794,0.003053074504180251,7.840131581004998E-5,0.003286336664444886,0.07854651142357548,0.06710393746216148,0.8279998517534355,9.788099323672216E-4,0.008352632868315,2.88774967193339E-4,
9,3,0.008220911414704999,0.0015663155113493944,0.026881531498952158,0.5034489662790587,6.012188493725419E-4,0.1454757402933083,1.572845925343516E-4,0.0023955254550089332,0.0018263057441026982,0.3094262003616079,
9,9,2.1655627023369408E-4,4.6450414373656304E-4,1.1732428039283694E-4,0.02430912046597055,0.03597908787814337,0.006947467590862254,4.4629227383836467E-5,0.006030622168845009,3.5120779016913566E-4,0.9255394801842628,
3,1,0.0010421942556235676,0.48852529242771575,6.178357949771349E-4,0.3538251342247278,0.043481822463299194,0.035500557958734476,4.4414794451360604E-4,0.04177911131344724,0.020104835935297504,0.014679067681663884,
8,8,7.997024640464992E-4,0.02955066150023685,0.09138795196080415,0.02250618331557584,0.01667851180706507,0.0522138904757525,2.3967916512429195E-4,0.0037279704045836875,0.6590851004005703,0.12381034850624081,
3,3,3.374093890900046E-4,2.237821794512524E-4,0.005839287391641366,0.8935845417147492,0.0020905260058933775,0.023150648427179888,5.934004694976706E-5,0.005336813175959037,0.00260825205527584,0.06676939961380997,
6,6,4.392710899853403E-4,0.0016609681164394487,0.003663085556481489,0.00910406506406844,0.0012513284528977192,0.03507879649549406,0.9427070022566133,6.490556685475347E-4,0.00537818538526734,6.824191420536056E-5,
6,6,4.346464919117461E-4,0.0013946212053956538,0.014279322982005755,0.009008218461100396,0.0012381546035717882,0.03470949075606451,0.9327822858662286,6.422224813361466E-4,0.005321564436747897,1.8947271563759738E-4,
2,2,2.7472956120913454E-5,0.0032600510355252524,0.9418222785936605,0.041655052463778104,9.434938997366474E-5,6.463633805331199E-4,4.3897188872385305E-4,5.628968519213473E-4,0.011281801617119006,2.1076182264399674E-4,
0,0,0.9720824489523638,2.9328543944413116E-4,0.0019257378379491869,2.711213846812531E-4,0.004752739910543061,0.0022303807029077243,0.0015931254339930636,0.0014677864494799554,0.01270460036512796,0.002678773523510028,
1,1,2.74465448307786E-5,0.9277895747856311,7.07550372267808E-4,8.999679240901487E-4,4.123651921840566E-4,0.0021397489372907918,1.1585229135154512E-4,0.004017075217209613,0.06346639110531531,4.2402762982923927E-4,
0,0,0.9914884011541915,1.297660497002913E-4,4.049754212521079E-5,2.8004897568615696E-5,0.0014616116726075645,0.0020679056077438462,4.899343902844007E-4,2.882558767091083E-5,0.003907049941507018,3.580031566005585E-4,
0,0,0.9704705696491853,1.9587620156774605E-4,5.179370476935351E-4,9.091285616625626E-5,0.004744859053210995,0.007266489123904944,0.0012619133712854316,9.357707877389927E-5,0.012683533960312406,0.0026743316578996534,
4,4,0.0016848274877159773,0.0013392940732821711,0.0012101716667893218,1.1974403301227157E-4,0.9459342375218827,6.281103508783665E-5,4.553476596928291E-5,0.007615283868223212,3.5833388721697937E-4,0.0416297616608206,
5,5,1.6882632558456853E-5,0.005200605364633455,5.095625933533543E-4,0.0049144635080143936,0.004352086697214936,0.9796451673357254,0.0020732059882467312,0.001043004755374514,9.078459544859609E-4,0.0013371751703929048,
5,5,3.1524132880092395E-4,0.010991889642805636,0.0017693712699252601,0.0016380175837904579,0.06335840342044112,0.8634421286689719,0.009099435184404809,0.046425828138371844,0.002482244030917103,4.77440731570987E-4,
5,5,4.835948927748396E-6,0.035007804641346056,0.003048306119548756,0.17519040483513207,0.0016058928224904122,0.7438835632414402,0.0012932768456456417,0.005135879621263929,0.001001280925736774,0.03382875499846843,
0,4,0.03849143119977055,0.08545929341256626,0.0028677745791965514,0.008120770289755892,0.8109224209267085,0.0012087966176872402,0.008488304628310133,0.0025130904454935153,0.038953708737531095,0.0029744091629803396,
9,9,4.6132397540897205E-4,0.1235940380930208,2.499327467378922E-4,0.017393491498586454,0.07664527946303434,0.014800002625566548,9.507243809622557E-5,0.003435367561617611,3.199583708178331E-4,0.7630055332271133,
7,7,2.815030767727759E-6,1.3571104575682623E-4,8.193000026543273E-5,0.0045178019127987855,4.5305314105116866E-4,6.215972719021049E-4,1.6694587479704715E-5,0.987338874722224,4.5258261457597915E-5,0.006786264026296601,
2,2,1.8159895125315304E-5,0.022211939848847687,0.9302375562057028,0.009962212554189038,1.0271936227395208E-4,0.0025501864303518235,1.0255800185969766E-4,6.573588148450012E-4,0.03186107799197133,0.002296230894833329,
2,2,5.957699787016197E-6,1.8967328503338227E-4,0.9791520564491468,0.0036673721076303178,4.863384241419907E-4,0.004177780198228056,0.0038534322269846255,5.779006449968283E-5,0.008335175993825626,7.44235507223957E-5,
7,7,0.0023250493817663005,0.0022666506168461564,0.0017897161875072847,0.3517175325251976,0.0032404672767908102,0.0070892101724636695,0.0014407211666728717,0.5770057245653232,0.05193744381156965,0.0011874842958624263,
4,4,0.007116838169807448,1.90495339528033E-4,4.317845736546493E-6,4.7893371881039286E-5,0.9911967727252192,9.660831511294382E-5,1.1567751874697688E-4,2.4524994126610993E-4,6.790235829744415E-4,3.0712318972706833E-4,
6,6,1.0601868916875398E-4,0.004812703200800647,0.1533119506570004,0.007588191470604698,0.001042975838417412,0.0292379967072899,0.7857414444494539,1.2393353677552638E-4,0.01787518061287063,1.5960483761823629E-4,
5,5,4.345663646829026E-5,5.708724378602961E-4,7.701361855205448E-4,0.002616945087282628,4.8581725424382715E-4,0.9917060245655281,0.002306641732009631,2.6361706586343494E-4,6.585153140106368E-4,5.779737212124795E-4,
3,3,3.172951390958131E-4,0.009058724747298706,4.774532040946126E-5,0.5199973240196938,0.004940372672971487,0.3680954541129359,6.112684736492281E-4,0.012719614279171166,0.0047884663755765776,0.07942373485919788,
9,4,0.22351951246501242,0.009925011364900748,2.5486896876329175E-4,0.00793782081651158,0.2977504118487082,0.1671129543831783,0.0016235110986984635,6.400675330368112E-4,0.005246387822106491,0.2859894536990837,
6,4,0.02703201336930223,8.091637747491838E-4,0.029452068157101934,0.0076759084430897346,0.824711365464818,8.740148430040115E-4,5.439843163596752E-4,0.007390450949201142,0.06396892808279286,0.03754210259958114,
0,0,0.9958649172775924,8.096240282809158E-6,1.3030939248476852E-5,2.6828647678570225E-5,4.70304416295849E-4,0.0021714214642967046,3.834451268913293E-5,3.468561478590252E-5,0.0012571758125747734,1.1519507455541751E-4,
3,3,3.269828371893911E-5,0.002805423688836305,0.005858547662901939,0.8965319357225046,0.002097421384601474,0.02322700839007601,5.95357738123468E-5,0.0012786851784731207,0.001119112505463038,0.06698963140961234,
9,9,0.023364438445305658,0.005564519240882609,0.0028263768130568703,0.018837352841679905,0.006977903807833307,0.05925475069109984,1.1808838722576621E-4,0.0019078789337781616,0.0017365372448486498,0.8794121535942891,
2,2,5.906593846888851E-6,1.7990081617888276E-4,0.9707527600492992,0.012222191157614444,4.821665485399341E-4,0.004141942644757976,0.0038203769734946355,5.729433365021751E-5,0.008263675746998867,7.378513561870532E-5,
1,1,3.541359259129413E-5,0.9821370818381128,0.0011957585777829227,0.0011612061775156802,1.9146610957773255E-4,3.860919617002766E-4,5.590200260040749E-5,7.165336528976399E-5,0.014542633286569398,2.22793088259687E-4,
2,2,1.271769152814134E-4,0.013433745184013128,0.39572282915117846,0.24541431167692496,0.002013606314870322,0.028387644324573292,1.5563793678163794E-4,0.001186335335338527,0.04226017434236689,0.27129853881867144,
4,4,0.002202732875243323,1.0002405171256334E-4,1.9460786675705653E-5,7.106538541939731E-5,0.9898522172188364,8.241660536793554E-5,0.00595858662686333,3.6390800888798033E-4,9.152537754125932E-4,4.343346655804294E-4,
0,0,0.8549499674398934,9.28500831623221E-4,0.005786696131785328,8.0230191108198E-5,0.0066430113341488,0.001481099986127012,0.013270078969473026,2.0625257674318102E-4,0.07061667475069426,0.04603748778840362,
6,6,0.0010328204295861284,3.0766407467477773E-4,0.044815001069542115,0.005200031102905105,0.04097004870672408,0.04874510060009049,0.8384680568643353,0.0025102788731526447,0.017726078268659934,2.2492001032933332E-4,
5,1,3.4614698598895405E-5,0.6530983860878472,0.0011069815272534487,0.0038880165761480514,0.0023976591678542343,0.17864389968550903,5.058747007858602E-5,5.74613992740449E-4,0.01150226984481349,0.14870297094915655,
4,4,0.0033867847918144386,2.661891824126195E-4,5.17900525485495E-5,1.8912288113450863E-4,0.9830906110631074,1.1512758138662356E-4,4.567910917247497E-4,9.684508245843129E-4,0.0026813500767784455,0.008793782454508303,
3,3,8.856469343197133E-4,0.0185470832418169,0.04962190279315695,0.7736201386448609,0.004785966818664823,0.05300017071813886,6.765027110499013E-4,0.0029177469442334602,0.03402094002897797,0.06192390116478042,
6,6,9.045760583480741E-4,0.0013897023957371761,0.005969987882900016,0.0015297077639348053,0.05468660832878598,0.04269246589388188,0.876964511689962,1.4040079990131212E-4,0.015525047288868244,1.9699189768045722E-4,
3,3,3.7149622442366224E-5,0.010978682016242912,0.0030167631711509727,0.8743831064569522,2.177686482939639E-4,0.02638898725003147,2.5604825381637567E-4,0.001452757337701249,0.0071595586757198845,0.07610917856764864,
6,6,8.287619321586373E-4,1.5343991904136306E-4,0.004333713877355916,1.6889820164021026E-4,0.001478565377561866,0.011180427322969954,0.9801047885254829,1.5501943032034744E-5,0.0017141526174412646,2.1750283315774267E-5,
3,3,9.975460779508953E-6,7.479511466768417E-5,0.0035430038463472894,0.9738029351645676,4.724328695531064E-5,0.014907591448640973,2.0730214584020108E-5,0.0011910551698546918,2.407083196213814E-4,0.0061619619739814585,
2,9,0.13622737968124998,0.00581994175855237,0.0130569336462025,0.07637778922140444,0.001200629118489174,0.13587214806716033,0.005092628114315333,0.004783844715393434,0.0036471176143631407,0.6179215880628695,
8,8,6.876389029807003E-4,0.004368662606948324,0.2871138298497833,0.02254757237585637,0.0037177686846824173,0.007496891265940404,2.4011993712344504E-4,0.001391320052482938,0.6602971634397791,0.012139032884423185,
3,3,2.668948577798962E-4,5.112124471745003E-4,0.022478709862321172,0.6637590854386106,0.001171355811885073,0.05297286147237405,0.0025595291217060607,0.0029162435251444273,0.19147211364894937,0.06189199381405472,
8,8,7.869361711824476E-4,0.1495581520810409,0.06161972557078179,0.015031701865337798,0.1366436246481041,0.002589145715695932,2.747940279780787E-4,0.0986905584769093,0.5068295250077565,0.027975836435213206,
7,7,0.0025707510725512203,0.009981290041171069,8.656066753211256E-4,0.01648321264019901,0.11670504892689054,0.0014833637193195385,5.221973840731286E-5,0.7842016386277093,0.06101191459469148,0.006644953963739574,
1,1,1.5515780765487994E-4,0.832983989063035,0.001484867905086131,0.0050876003126248265,8.388717333805071E-4,0.005099858959124434,1.7673537135864657E-4,3.139353636825632E-4,0.15343478582715367,4.241976568992295E-4,
7,7,0.016761055912735964,3.01060472639853E-4,7.928448596399651E-5,0.06414720701508392,0.002541801056574868,0.009344676715473304,0.0012497939577229156,0.8986936092023599,0.0030326120472338003,0.0038488991342116147,
9,9,1.88077018364569E-4,0.001410184698819149,0.01624745321175026,0.031106065564750804,8.907234206712946E-4,0.040281670090905844,3.9084680248846905E-4,1.6617599737141632E-4,0.0019408319824317074,0.9073779712124466,
9,9,7.55488039481018E-4,8.782092717743808E-4,7.315557380431463E-4,0.005796740600060435,9.358954887788768E-4,0.00836985808535688,2.4483919750844407E-4,2.79438362226092E-4,0.006846133783575771,0.9751618414331951,
5,5,1.910724359087518E-5,0.005128059629737485,4.746725932885129E-4,0.004017263840088424,0.0101842205802539,0.9611747095290649,0.01557957782866773,1.3149443446124683E-4,0.0012131577255891524,0.0020777365952577417,
5,5,1.6029034117243852E-4,2.579537114131525E-4,0.0012006236341801013,0.011472576119195227,0.0028078104654330437,0.9749292320417382,3.749471308587128E-4,2.1239654338147374E-5,0.003068527355328488,0.005706799546342741,
8,9,0.005129417857424185,0.17581847867254127,0.06417391486224434,0.16464571331501662,0.04614066860284461,0.06755791258046115,0.0021588815796294274,0.010313333047271283,0.13686093781881548,0.32720074166375174,
1,1,0.0014506063323994128,0.48965381143581477,1.1958681685359836E-4,5.406789640306645E-4,0.42019698247966936,0.017754407540331873,1.8838347881177373E-4,7.492913455580914E-5,0.016287392161104346,0.05373322165642841,
4,4,0.005573220244750772,2.5307474920438424E-4,4.923849437160553E-5,1.7980529966741879E-4,0.9346563507390141,6.804958112586911E-4,0.05407263463403662,9.207378276121659E-4,7.747492060178592E-4,0.002839692994066548,
5,5,6.1004790844473615E-6,8.566285432729757E-4,9.353016924638056E-4,0.003285030864987521,0.01004424042178444,0.9383982723182901,3.6089772287539024E-4,4.854981105754969E-4,0.0029535484978446052,0.042674481348821236,
4,4,0.010517605670437188,9.962114630074395E-5,1.9382396967074008E-5,7.077912798542747E-5,0.9858650080587341,2.3041514163942538E-4,5.576488594097877E-4,3.6244215638875653E-4,0.0010034937027162706,0.0012736037394214359,
8,8,8.130525978611228E-4,0.0051654327094663634,0.01877114050213198,0.004620103308167739,0.01221554818065004,0.008864197318147193,2.839137486698389E-4,0.13963813985459572,0.7807241878956207,0.028904283884689328,
3,8,0.0017597478082373957,0.00954088394774259,0.02142748777003483,0.26970402000554494,0.011770456404327365,0.02373515925756744,0.004458162891301143,0.08051605723551411,0.524250227071728,0.052837797608002356,
1,8,8.066994044559467E-4,0.2705162489552579,0.028426104713550414,0.14568708516974177,0.15422238394266613,0.002833462789963801,0.010069559933233541,0.01652856551790614,0.33127205553216765,0.0396378340410567,
6,6,2.3625847788465393E-4,7.897472037642259E-4,0.01465009795926199,1.6627836758927465E-4,0.0014556308768682298,0.011007004137167636,0.9649020695294933,3.4962367371212602E-6,0.006729332003427908,6.008520780556345E-5,
5,5,3.0598034256996986E-5,5.625314864849471E-4,4.421891787290888E-5,0.004479852939903899,0.004939954361027947,0.978825027582899,0.00227668139653316,0.0011942090673380534,0.004678319577076665,0.0029686066366063765,
1,1,6.357994573271654E-4,0.8713400363546197,0.0017153949098715534,0.01237184122249979,0.018641070871370822,0.001137381692736779,0.0015558501362130579,0.009215281611177526,0.08309369284896437,2.936508952193561E-4,
9,9,0.0037761678074390197,0.0010622070488288133,3.314948309283707E-4,0.0038571377727984516,0.10976220864767156,0.05184566833995459,3.6604026035517577E-4,0.0047844334360490305,8.031260761643913E-4,0.8234115157798106,
5,5,9.933958961237155E-5,0.0036534526896944987,3.6994942975634407E-4,0.0363438747356916,7.170075718015146E-4,0.7939028847224008,2.465292313738937E-4,3.282306226796722E-4,0.005772416081879988,0.15856631532510937,
7,7,7.587950219047634E-4,6.444929478008615E-4,0.001295002783242453,0.0053635069879209695,0.002950928790546809,0.0029519709016980287,6.732392664744415E-5,0.9850197811257587,7.975458938135813E-4,1.5065162066656043E-4,
8,0,0.5998286437873371,0.007441965972594252,7.093704338228985E-4,0.0022507951412824422,0.024335277238856916,0.1680516412638547,0.0025006917464813544,4.7993504751719034E-4,0.15664999631055154,0.03775168305770147,
4,4,0.009626008586006596,0.0265628154107095,0.0011753213472553905,0.010109260962011719,0.8942596032902025,0.0049863092053150275,0.010566791517411394,0.0011654320348005063,0.037936054400131765,0.0036124032461558883,
8,0,0.7086484549969635,0.021301462285741195,2.257757390872733E-4,0.005513092356698085,0.02875013855349126,0.040676038548673965,6.535430600147989E-4,0.002120363314386604,0.18506915101591853,0.007041980129024884,
3,3,0.004204765169894464,0.014241094787594319,0.0034238766950964177,0.6781492348984274,0.009681517736028954,0.11810072049091765,0.0011459129889920003,0.0018219545759553019,0.08093812965172174,0.08829279300537181,
5,5,0.10262856351272888,0.001323005108807707,4.128849976519619E-4,0.010851051865472796,0.014901584154090522,0.7180284947274024,3.075025738354152E-4,0.0010990128728524445,0.002989928691531813,0.14745797149562603,
5,5,1.833454720855722E-6,8.524737537471995E-4,2.6423796511273253E-4,0.011007226001183049,0.002019303613180514,0.9353841962563509,3.597385421528596E-4,4.839387212667464E-4,0.007089638085896329,0.042537413606388734,
9,9,6.770136057216669E-4,0.0011272980215884288,3.518084986202798E-4,0.08924373034587371,0.0034249494705984812,0.02447677857891306,9.397576710480543E-4,0.003341683846402136,0.0025476399722234055,0.8738693399890108,
0,0,0.9823609256796618,4.727564795023891E-5,7.609039194155332E-5,1.566581102250835E-4,7.407602392207568E-4,0.004205662999944878,2.2390166538954783E-4,8.48109608394951E-4,0.0073409136896587495,0.0039997019676123536,
8,8,0.027481816812307627,0.007181014255047409,0.08206243822113558,0.028861480372008946,0.006598257742841704,0.04418688609769099,0.010420961495820481,0.0033272554664185625,0.7795666425272301,0.01031324700949872,
2,2,1.8105595061986552E-4,0.04872888666192824,0.7763774128090054,0.013326964843081724,0.0011741974493225818,0.02915148941277553,2.3542404757904983E-4,0.0021057458469975663,0.06392439723121622,0.06479442574747389,
6,6,0.0010956119589077798,0.0011260181345456352,0.012807250406423784,0.005516173092468976,0.01621943243949593,0.051708616159948234,0.8894437057474249,0.002662894221333017,0.018803755986373637,6.16541853078057E-4,
3,3,0.0011488924596132493,0.002656386586034291,2.353498255389807E-4,0.6988730216677133,0.0017986563109274457,0.05337262247282991,0.0030796432665652447,0.029754024651198044,0.19291706265838923,0.016164340101190094,
8,8,0.058781118120697265,0.004459189114275044,0.007177087193047805,0.06173209356833599,0.05763399039443398,0.03134888090875375,0.0058882443565937215,0.029800739113560647,0.6924182709925948,0.050760386237707074,
2,2,6.487953529735924E-6,0.019029830003226434,0.9673123550578216,0.0010262165302710488,9.519529805907487E-5,2.74955579444006E-4,3.664071546540578E-5,1.499768498651113E-5,0.011382950837146556,8.203703400497416E-4,
1,1,7.753591488014473E-5,0.41934919462356846,0.018032206040979527,0.012188498972257109,0.006329404972603151,0.05437132138542982,0.22670527372944504,7.521032751147747E-4,0.2612258828927648,9.685781929572254E-4,
1,1,7.626034000076587E-5,0.8993142014802533,0.010723000352672454,0.0033214932002906313,0.013953586141933705,0.0323323556233922,0.02707207442167674,1.2533131105112516E-4,0.01165990725363414,0.001421789875094876,
6,6,0.015620089312381605,0.004624789249032661,0.0023716942166496107,2.897627475391358E-4,0.010597362228485431,0.13100549397518685,0.8053564279663326,1.1110750193996384E-4,0.029585837239763706,4.3743556268834017E-4,
6,6,2.6310295267359163E-4,0.0013945660631334044,0.01141627214925598,4.4492735100014927E-4,0.0038949744303406367,0.01241743436600524,0.9655550091601028,4.0836660080555814E-5,0.004515580248230072,5.7296619177774945E-5,
3,3,4.213133586468356E-4,0.01575251304471177,6.187768472646114E-4,0.8243282197447368,0.005105688186587133,0.09693034494881765,2.801002163367659E-4,0.001462564198190434,0.044212433733821846,0.010888045720886244,
4,4,0.02983142840512628,0.0023446436740100496,1.5018350355572424E-4,6.669805180627299E-4,0.6732756404551667,0.02344619630561097,0.004023500631578645,0.008530294427711407,0.02361782863730263,0.23411330344187475,
3,3,3.2241018375031814E-5,0.002736040747252149,0.005023550481710932,0.7901556366335806,8.03643156858378E-4,0.12752757732829398,6.112492418961738E-5,3.007515889260509E-4,0.0045816912748175885,0.06877774284599578,
4,4,0.011561474038307259,0.002567903053529232,2.8358521933437644E-4,6.456091587428764E-4,0.9697581746864369,0.002784487001328639,4.347637564542147E-4,7.54844105190468E-4,0.009153330136361873,0.002055828844314107,
5,5,0.0033968902871143007,0.018802295843563348,0.0010094676034305152,0.005287021250353407,0.08564670333899481,0.6423816522610768,9.058482403465592E-4,0.002066241762068327,0.18435388613349815,0.05614999327955366,
8,8,0.00502941716860514,0.040120488529771646,0.0010302726275986114,0.03126614066744024,0.007873837846967591,0.01587761670799184,0.013481514817545637,0.015093512098157588,0.8445180216237084,0.025709177912213287,
2,2,1.7730495442868467E-4,0.03739288656218134,0.760292944398024,0.08502829828000366,0.0011498712112452134,0.02854754833610722,2.3054668948748743E-4,0.0019677739419115803,0.06260005428796084,0.022612771338650185,
3,3,5.05120458372921E-5,2.796236200705203E-4,2.4347522904297802E-4,0.9775219939959361,1.8570543647651404E-4,0.008398258036817877,8.148699626295801E-5,0.004681838086217465,0.0022785194679406247,0.006278587085397887,
6,0,0.4535419892000493,0.002361386390782484,0.0022384387008534384,5.096123689248595E-4,0.34207794084135673,0.07060257764093868,0.1043232885790333,5.245466791168219E-4,0.02160748112446364,0.002212738474480721,
8,8,0.3213255796750851,0.004575773129938263,0.0022494411555889597,0.014797664535142897,0.020815284776089474,0.10917835837278009,0.005722083315622029,0.005691256918777388,0.4967432133093205,0.018901344811655427,
6,6,9.99253214808291E-5,5.296499365316577E-4,0.0011680856563697822,5.031027318817879E-4,0.0014792938207510381,0.011185935571884104,0.9805876556808426,5.799949598036758E-5,0.004332120066127683,5.623171815012714E-5,
8,8,7.977968847992912E-4,0.07386994340441876,0.04495511235158081,0.017127819323662672,0.0010562269661032692,0.06068982552268289,0.027956375053490627,0.002452752149892303,0.766075068979699,0.005019079363670305,
2,2,3.3902030736741915E-7,1.0579126914105501E-4,0.9962808225703023,8.91612481206826E-4,1.1823872689473169E-4,0.0010157030318054523,9.368474668593523E-4,1.4049935835651714E-5,5.667926482511128E-4,6.980284939588852E-5,
3,3,3.405055466754733E-5,6.607200154587963E-4,0.006100833890328307,0.9336089303928636,0.002184162390024439,0.024187585065566362,6.199793659805643E-5,0.005575853440070111,0.0027250778161943584,0.02486078849822841,
0,0,0.9927900753617165,8.071242254913327E-6,1.2990704797489253E-5,1.2910809137799885E-4,4.688522999421558E-4,0.0035046537250554614,1.24693058280529E-4,3.457851915438537E-5,0.0012532941446727675,0.0016736828527480064,
8,8,0.010217179771830039,0.004588096437141469,0.04855065569468008,0.06351665993520275,0.010495559664033394,0.0972439175567909,0.02293384327471344,0.007322429454554754,0.7124348666852316,0.02269679152582153,
8,8,0.0051592330599091185,0.007980111324165295,0.001056865323124582,0.062162766021330744,0.008077071987986484,0.016287438939004462,0.003059261371884503,0.0035283405210436896,0.8663161457450701,0.02637276570648096,
6,6,2.816593991555439E-5,7.474145852788672E-4,0.0012853917367224106,4.897320076642241E-4,1.1196161700083158E-4,0.03608094597673693,0.9545270396587126,1.2933914979116251E-5,0.006656975416422131,5.9439146567370895E-5,
1,1,4.1264712200463755E-5,0.9938500290214924,6.060488706243E-5,3.748914126275741E-4,0.004587759242489382,2.6419220121576373E-4,1.9171655032799096E-5,1.4145936605352963E-5,6.195656399808602E-4,1.6837529129264724E-4,
6,6,0.0017396888144707305,6.555145427169394E-4,0.0013449933692461352,0.001759594906127504,0.01658704328919554,0.017608668524604187,0.9531475351099161,5.44532228932314E-4,0.0059981789358387015,6.142502789519193E-4,
4,4,0.027507576643832715,0.004419809403745731,6.747186500658876E-4,0.033488199947597996,0.8610726621454822,0.005077524648967923,0.019787516476782396,0.006408874210355592,0.027837939387028048,0.01372517848614172,
6,6,1.0022878699368917E-4,1.5398172892319012E-4,0.0011716330426330597,5.046306161686661E-4,0.0014837863222644917,0.011219906397545073,0.9835656249425431,5.817563598704932E-5,0.001720205441457934,2.1827085483728016E-5,
5,5,5.405766123107733E-4,6.011684095774679E-4,7.961719074224056E-5,0.013942772019218508,0.00273472728835064,0.6737283038692268,4.6280307650714885E-5,1.9994736555408715E-4,0.0048986345444913156,0.3032279723928774,
7,7,1.4183762747404136E-5,1.2941084434595805E-5,1.9854359712865295E-5,5.239650967465522E-4,8.883976082125543E-4,6.772371058647724E-4,2.0706832463594053E-7,0.9977329174612393,1.4866145901413623E-5,1.1543030681573264E-4,
5,5,2.5680858803051157E-4,2.3129856891952787E-4,3.063258479103478E-5,0.003985728342822512,0.0039007338014001147,0.9834337519825588,0.002437711827891028,7.692942406004861E-5,5.727974070612571E-4,0.0050736074724651555,
2,2,1.599630934262384E-5,1.4539440987421028E-4,0.97439274271863,0.002811230918915139,2.8986316606380263E-5,7.196356133746904E-4,2.8940782405702093E-5,1.854996984918388E-4,0.02102360118263545,6.479720497239593E-4,
9,9,6.187105731064134E-4,4.7742729604281775E-4,1.321945342282094E-4,0.00218250136167586,0.05040859974048679,0.003998965927217018,5.269621399631255E-6,0.0020976748726447086,0.0018121111855058272,0.9382665448876927,
9,9,6.320234684918411E-4,0.009943943941471044,2.2656002726339299E-4,9.182654005568828E-4,0.03068424836177637,0.03456780898025812,3.186460475191866E-5,8.100179439399608E-4,0.026387065414141427,0.8957982018573489,
3,3,5.001691025191334E-5,2.2716220164025074E-4,1.2937959472874831E-4,0.9679400038647729,7.509370469324385E-4,0.008315935566201338,2.1315515566737745E-5,0.019412737296212627,9.369092230963617E-4,0.0022156027805967857,
5,5,0.014181375672126259,0.0011238822331450758,5.923584038693081E-6,0.0030215284292069914,0.002754776200921995,0.9469982262293962,7.583780238172443E-5,0.0017212406091158372,0.001775721879482808,0.028341487360184586,
0,0,0.9928192753774238,4.162726766620028E-5,1.2991086881067216E-5,4.336591305752897E-5,4.688660898609539E-4,0.0035047568041920887,1.7280749993363545E-4,9.246875098563137E-6,0.0012533310066535814,0.0016737320792328445,
5,5,6.351051134673508E-6,3.305033654008017E-4,3.2383182375445236E-5,0.004488627081661129,0.0010253568084252825,0.991664804881898,4.72557153354893E-4,0.0010379607544292529,4.032411432343084E-4,5.382145780861301E-4,
6,6,1.0738054814561248E-4,5.691660498782547E-4,0.0012552341709111102,1.8158877484983365E-4,0.039078691793626184,0.001632739020502047,0.9552921987767063,1.6666718861670446E-5,0.0018429496032756417,2.338454324316453E-5,
7,7,1.4320812240938596E-4,1.0671008917298471E-4,6.254241564384143E-5,1.0936957160040721E-4,0.0025062736090685454,0.0019105651228911676,2.908990594176476E-6,0.9918909685025865,3.763340059991314E-4,0.00289111957003399,
3,3,3.264351122204644E-5,2.241442100558269E-4,0.00584873408105097,0.8950301659939868,7.814385441381581E-4,0.0231881011111556,5.943604616259707E-5,0.0053454469720250666,0.0026124716364362777,0.06687741789376661,
0,0,0.9929003621365976,8.07213887072334E-6,1.299214790512208E-5,4.3369454891814E-5,4.689043836699645E-4,0.0035050430490082326,1.2470691014668792E-4,9.247630320739845E-6,0.0012534333702478651,0.0016738687783415293,
3,3,1.3358153781938496E-5,1.8426256009442794E-5,9.868456964640918E-5,0.8688426630307169,8.023237851821945E-4,0.0044117793452128394,4.886067779793642E-6,0.05231662086655846,2.1476383966551383E-4,0.07327649408544668,
7,7,2.1447939730946765E-5,8.336156675497019E-4,3.3523370236839414E-5,5.445651076022371E-4,0.0013433881190340264,0.0011085045267709072,5.076767680030769E-6,0.9929187228794355,5.413394084254435E-5,0.0031370216811170103,
0,0,0.9907916098343187,2.3346867723868477E-6,1.29645547821349E-5,1.288481995072697E-4,4.679085101298592E-4,0.0034975989308660273,1.244420537785061E-4,1.4450396691000216E-4,0.0031594754985454572,0.0016703137643898321,
1,1,8.062525827006834E-5,0.7301128463413145,0.004640633470738987,0.00163012726036419,0.010490119948723682,0.001757582483119014,0.0012233407681443897,4.764614724850099E-4,1.8546209087808035E-4,0.24940280090596187,
6,6,2.635258760117281E-4,4.942811200148937E-4,0.0030805084365991995,0.0013267967135685193,0.01045357708503992,0.012437394699934583,0.9671070850432457,1.529579065642279E-4,0.004522838791902038,1.6103432711912256E-4,
1,1,2.5174646974951225E-4,0.859450098645004,4.883401688248366E-4,0.0033551123431034497,0.06390941326865969,0.0036577274293342374,5.215972832592651E-4,4.653927664640374E-5,7.593323396760524E-4,0.06756009277574258,
2,2,8.126710246853822E-5,0.006743373446986117,0.9172078735692225,0.035076704188983364,1.0759192812083006E-4,0.006335631578250761,2.872476571667504E-4,1.644301228181618E-4,0.03337243083754637,6.234495684367603E-4,
1,1,1.6915660972018925E-4,0.9659782009187327,0.0035891978750957577,5.4540714522740206E-5,5.727735290464856E-4,9.392691293561555E-4,1.471448129466419E-4,7.156033417589765E-5,0.028258930070795815,2.1922600560787272E-4,
5,5,1.6141457029183988E-6,7.517404419510677E-4,0.003998980574160986,0.02885148478998447,6.397374495457482E-4,0.913517272341367,0.003037448929121432,2.809374159966963E-4,8.671509786693317E-4,0.04805363293350044,
7,7,0.017637487797020884,0.0012112998061379696,5.821679049317833E-4,0.13408478732013956,0.01539516065571013,0.021026063136893442,5.660033048868876E-4,0.7394370583225892,0.06655821430151866,0.003501757450171278,
8,8,0.003537568501891913,0.0067490248116205504,0.018500861444711695,0.023302591003337855,0.22209907627216502,0.002338201026811571,0.0011218175790726319,0.0038598890088325467,0.6824075995328487,0.03608337081870746,
1,1,1.035159304290654E-5,0.988852719292571,9.906525819257649E-5,3.39427121311223E-4,5.596662475708482E-5,3.4024497586678003E-4,1.6340470956487468E-5,2.094468319536447E-5,0.01023663897753113,2.8301002575020677E-5,
8,4,0.010295083282092896,7.509335732243196E-4,0.001042220092416577,0.015903788922667743,0.5619512445837023,0.09761038345409428,0.07563458478882502,0.01149918970226052,0.21591953142559384,0.009393040175122474,
4,4,0.004267721396640921,0.005604974505556363,7.171812677282337E-4,0.010366411866798562,0.7142318753256197,0.005508959943943494,0.23380154522985436,4.5448794862673397E-4,0.02441971649559116,6.271260196404227E-4,
4,4,0.0016211081788675378,5.338134617947678E-5,5.747695558675249E-5,4.943750444806477E-4,0.9745226109682835,0.0015160167533888338,0.019724213877257833,1.529915459303176E-4,0.0016852458300952045,1.7257949993013916E-4,
2,2,5.152537257260557E-5,0.01455600271295854,0.898968893243722,0.011086048459430878,0.0057569098873745395,0.0208499888535886,0.017058427934997428,0.0028645243164951532,0.02759649301462003,0.001211186204240418,
7,7,0.0014072811927867063,1.001337678592235E-4,9.331520616698616E-6,0.007549913170108864,0.004941377270732978,3.3702500599533836E-4,4.1012167756036276E-5,0.9851553392610454,2.971475115142705E-4,1.6143913158457555E-4,
3,3,0.0017560887281463542,6.459128416113991E-4,0.005218304096112248,0.8292281420043383,0.0027492565096060174,0.016713902595029594,0.0010413048507862052,0.01880634759423314,0.12245050658439152,0.0013902341957454344,
9,9,0.010670615196524905,0.0010124157964266603,0.0195170752931129,0.042824665595286,0.009155772769163004,0.12256239889793251,2.68461059052876E-4,0.0016157775560249237,0.011800026205387767,0.7805727916310885,
3,8,5.633054689302779E-4,0.018456816046862598,0.004827924704582031,0.24514232402430977,0.0030455511217027686,0.12919070800353827,0.005214565421948742,0.048329898244096205,0.5409074467318449,0.004321460232184482,
7,7,1.423754459733893E-5,4.488879971863242E-5,1.6715667823577238E-6,3.60426166668287E-4,6.676651363252739E-4,2.0560415910477527E-4,2.749831198615562E-5,0.9985922798966305,5.554890556363009E-5,3.0179512623094476E-5,
9,3,9.32999770624699E-5,0.0027327643102733577,0.014537293433595716,0.6802206746301552,0.0023256054516988737,0.06900910476347577,1.76885046201053E-4,8.70323512176412E-4,0.03100305812634407,0.1990309907490172,
7,7,4.502235450013301E-4,4.6496781762031456E-5,8.929628337891936E-6,0.0019254221521794565,0.013222812665004382,1.4542402600752863E-4,9.060166699040817E-6,0.9838248224782323,2.967461943460182E-4,7.00623624298581E-5,
0,0,0.9757583221143219,4.2355741790521404E-4,4.015045229249472E-4,2.721466144060123E-4,0.01237519353884328,6.75638474859193E-4,0.0015991497450304239,3.518467552173529E-4,0.00545373766692693,0.0026889031495645303,
6,6,1.36528151828254E-4,0.22342247711043556,0.053188327719467784,0.009771878574649579,0.002485240731306936,0.00371711533647522,0.6838940992706269,1.5959843361738538E-4,0.02301919965060957,2.0553502098277725E-4,
3,8,0.0022311944817180337,0.002390714337375447,0.006019790694635881,0.09555592010735166,0.001850011304858397,0.012389064203486636,0.002921816231819251,0.002164173344044542,0.8715856999166858,0.0028916153780244053,
6,6,3.123443493568185E-4,0.001655568001796217,0.003651176187627757,0.009074466064196726,0.004623943752221906,0.034964748838138444,0.9396420873815,6.46945468486916E-4,0.005360699909558594,6.802004711680237E-5,
1,1,1.5509296593420002E-4,0.8326358782204931,0.00550941822707483,0.0017081016519233565,8.38521162001314E-4,0.005097727686227942,1.7666151219707996E-4,8.391402149867526E-5,0.15337066417143091,4.2402038121844055E-4,
9,5,0.012831398658174788,0.006278677868583577,0.007726604967475022,0.0998083983492437,0.004244345762749966,0.48836617953625544,0.001459336469692749,0.0018540749868646382,0.014189513690602385,0.36324146971035776,
9,9,0.0030755927203738463,0.017025807529231888,0.006849028703756591,0.2933880825363429,0.11977999311081033,0.1543189614138169,0.0013107136002181617,0.0021095212554605664,0.019849790204791076,0.3822925089251977,
6,6,8.302224979976677E-4,6.767765198236118E-4,0.0011695680184495164,9.763286531775825E-4,0.0014811711223450693,0.01120013111193522,0.9818320729448592,5.541613041608228E-5,0.0017171735486143438,6.113945238175894E-5,
9,9,0.05973948185782349,0.004558670232670614,0.0014226751928482879,0.03738939993729493,0.013850122062680766,0.35458107771935066,0.0010595596498311408,0.015857251748769757,0.0034467733390858035,0.5080949882596446,
6,6,7.272508369479531E-4,0.008387288428898972,0.012148926434872327,0.008793395882033405,0.00448072290555659,0.033881759684208555,0.9105378546034788,1.4361744246299386E-4,0.02071422949733425,1.8495428420613771E-4,
8,8,0.01900844098292922,0.0014045395276118873,0.01814556798971703,0.003192478679281916,0.006579473881464309,0.19436068258299238,0.008571410755476705,0.008226182238353972,0.6726013288223843,0.06790989453978835,
8,8,0.0020181475089865175,0.025071821687196894,0.0036556916119752283,0.008704075442320656,0.009851621216295596,0.0044201161614592826,8.302281704714287E-4,6.170743696313277E-4,0.9374951578798113,0.007336065951851835,
1,1,1.0345845886159828E-5,0.9883037128204628,6.509541815083973E-4,3.3923867293789747E-4,1.3697172325835452E-5,3.4005607342437475E-4,6.18212459098389E-5,2.093305480378889E-5,0.010230955642751689,2.8285289988830943E-5,
0,0,0.9960843856043127,4.176416832953864E-5,2.6028684422098975E-4,1.2953650229626212E-4,2.9880408732580046E-4,9.803415910011376E-4,1.8298394551645425E-4,3.469325878832312E-5,0.001257452868495903,7.297511297128954E-4,
3,3,8.76947430392387E-5,0.0023253646881797405,0.017996950960606863,0.8020568697810633,7.002648362602034E-4,0.14498913373537708,5.326199154907106E-5,0.0010973760665303769,0.00933535454457691,0.02135772865281768,
1,1,1.6365212313014456E-6,0.9968302213038075,2.3969606978850556E-4,1.2629556334768202E-4,0.0012412105705944358,2.64984416878208E-4,1.922914380545045E-5,3.794092167018153E-6,6.214234904459627E-4,6.515088279339054E-4,
3,3,2.994480488385412E-4,0.005376159788074132,0.21072104026315133,0.48831738285950727,0.0010283837171498836,0.0029703130995425483,0.002321241959823303,6.0588205993E-4,0.2875414645515115,8.186836524714203E-4,
3,3,1.4155960980134877E-4,0.04691048026067377,0.0043422114650573,0.8011801231650557,0.0027391535301959035,0.08128056837433376,9.418051370330829E-4,0.004292492455628962,0.03651614079748905,0.021655465204731345,
0,0,0.9943241227430962,3.1207246214016234E-4,1.6000221731029125E-4,2.808499340487353E-5,0.0014657919774601312,6.878714599449797E-4,4.913356346419334E-4,2.8908030734466707E-5,0.0016756502423099738,8.261602389567639E-4,
2,2,6.607324348590679E-6,4.300726074350733E-4,0.9851097802986718,9.256334505803482E-4,9.694678111584344E-5,6.641574385518719E-4,9.977951982477945E-5,2.391744485920134E-4,0.011592383928210775,8.354642026686802E-4,
5,9,4.929625427286443E-4,5.535884370260447E-4,1.1505451980993687E-5,1.7727190593562622E-4,0.0013569146361157016,0.028932176808750924,3.735527553496749E-5,1.5636073701097967E-4,3.7405479282407497E-4,0.967907809412092,
5,6,0.009110522643227781,0.0018643299247777935,2.0588643714688975E-4,5.948024957368706E-4,0.015168091693517436,0.2932903214586848,0.6776152224642238,5.459261445463411E-5,0.0020196331069009853,7.659716132896081E-5,
8,1,1.8492156669217547E-4,0.7567859256137286,0.010420158269944229,0.003970062109416534,6.560172367660335E-4,0.042410644745653245,0.006480016119925218,1.0485009144064462E-4,0.17756875798679217,0.0014186462596414032,
6,6,0.0038781919277649317,0.00594057582046789,0.00708609080866414,0.002353110212628877,0.00493543778031929,0.017115135339910333,0.9502970244843036,2.712750252980108E-4,0.008021378137630673,1.0178046301201242E-4,
0,0,0.9539875234214357,4.1410714413238895E-4,1.2923504685998383E-4,4.314031502847849E-4,0.004664269560274081,0.010683814617405035,4.793000826847984E-4,9.198771031335386E-5,0.012468109316704083,0.01665024994990606,
4,4,1.7765914761259848E-4,8.27659420353381E-5,4.656722815137371E-5,2.857688258805419E-4,0.9921995538268529,1.731525569576464E-4,0.004152347451590333,2.0731530609754408E-4,0.0025433357758338155,1.3153393898788232E-4,
1,1,1.583848195159002E-4,0.9597570260137744,4.273242294679943E-4,0.001233986374081389,0.012443055269159023,6.557505394065055E-4,3.8757982596246724E-4,5.482182977529033E-4,0.02069957656164008,0.0036890980692392563,
0,0,0.9722043837472386,1.2724215657321223E-4,3.970988257581798E-5,1.3255667759541154E-4,0.001433183962405451,0.01071299749015563,5.28221048277802E-4,2.826494255013655E-5,0.009677339727955843,0.005116100364672169,
0,0,0.9747949526897358,4.231392382630641E-4,1.320537934688288E-4,2.7187792315185494E-4,0.004766001979808892,0.002236604368399183,0.0015975708991883917,3.514993757500874E-4,0.012740051345658835,0.002686248386575319,
3,3,3.1319729661305197E-4,1.8087670422285197E-4,0.0013398988297514747,0.9196461316392479,0.0016924937141423893,0.00621685719883617,2.392362148410517E-4,0.001031822523991288,0.018948508045651142,0.05039097783270256,
0,0,0.9794049331309672,2.4854840685538812E-5,4.000399045610458E-5,3.97579572148353E-4,0.0014437987179751516,0.003307115433265644,3.282017686402907E-5,4.4588768455842444E-4,0.009749014124594215,0.005153992328485317,
7,7,7.575345063497869E-4,6.434223116444256E-4,9.850787495657088E-5,0.0053545970929001485,0.007894042279368463,9.030746635910592E-4,1.873947780182153E-5,0.9833834594311973,7.962210050413341E-4,1.50401357149075E-4,
4,4,0.0031217381540439987,0.0024046708610757383,3.6709191031241534E-4,0.06400327421933465,0.46848091190885965,0.009682445432015924,0.4109252429939777,0.03530942687964832,0.0046029726244032464,0.001102225016328422,
6,6,0.0070331533635042305,0.0015099908179518912,0.014719324060387817,0.0014234881458412482,3.254352014891678E-4,0.10487531565189845,0.8505533137546736,3.759459125390446E-5,0.019349614573141483,1.7276983985818031E-4,
9,9,4.4362727535697987E-5,2.610350849935716E-4,0.0013886099188098523,4.008006544867649E-4,0.009159638892443311,0.0049150407838440555,6.984420326755916E-6,9.067578475279399E-5,9.907782844571418E-4,0.9827420734483501,
5,5,1.0757023164014043E-6,3.3136438988737375E-4,1.5818732249917513E-4,0.0016988961267927923,9.978771562433232E-5,0.9942482813873175,0.0027784402651757664,1.1718194910430559E-5,4.0429166354564284E-4,2.679572319307928E-4,
