0,0,0.9979687508688546,2.337014541929448E-6,8.056298081665744E-5,1.2244647418114094E-5,3.486030373593182E-5,6.101046582484023E-4,1.4320695179387822E-4,8.050625867314573E-5,0.001013709180509748,5.3717135407776437E-5,
2,2,3.907349465450255E-5,0.013302262802423762,0.8596232984174579,0.01680913192851279,0.0017644229854289382,0.0026583972921662537,0.018118325186081394,0.0012432737435153908,0.08624308912914853,1.9872502061051584E-4,
5,5,4.0116415490066286E-6,2.498917557906582E-4,1.783518005931296E-4,0.008843499339541566,4.624708811261835E-5,0.977514988650899,9.05643130778785E-4,0.002859347739823448,2.8046145015734545E-4,0.00911755740275444,
7,7,2.544247760957648E-6,8.093022998022272E-5,1.5375761981906352E-5,1.9950518673727952E-4,6.062913297353165E-5,8.146629956953961E-5,4.224814231587038E-7,0.9990257600143,4.566324814449183E-5,4.877033971290059E-4,
4,4,9.259888163445214E-4,0.008184956431558185,8.495453534655543E-6,6.522810339290416E-4,0.7198993757888122,0.050368551427267996,0.21355565431247148,0.0011715128179889088,0.005227862613653548,5.321304439404212E-6,
9,9,0.007559180586402717,4.0813564015608164E-4,6.54763993484333E-4,0.031125672962086962,7.041607447709244E-4,0.03563032273039045,1.4103138488645827E-5,4.133392951078553E-4,1.2863736475358462E-4,0.9233616835443585,
9,9,9.394328145924257E-5,0.008805652642053872,1.6290042411691612E-4,0.003671219557711222,0.08982366682208925,0.032225469369259976,5.079928620555033E-5,0.05260685457339929,3.8486553476201296E-4,0.8121746285089426,
3,3,1.6638471279461456E-6,0.003469802485058905,2.4491280222311423E-4,0.9279008881236727,2.138979871567249E-4,0.0014389983743938123,5.340517684804656E-6,0.060580104116659254,0.0010249447193436368,0.0051194470266789525,
8,8,0.0029800632529601656,0.0520790550896306,0.09320355294001272,0.003882924592036335,0.021506003423342437,0.08366843260177824,4.6409456782459205E-4,0.0012678606367791602,0.47698289970969515,0.2639651131859407,
3,3,3.408748122536398E-5,2.4878075516158334E-5,0.014164954295258256,0.9560474303939532,8.632996242807043E-5,7.371266101088078E-4,6.240846518852501E-6,0.011412530873930581,1.0237200249337613E-4,0.017384049458567315,
6,6,7.576030180670734E-5,7.105306407962573E-5,2.6483032502492993E-5,4.237548015208954E-5,4.1701206332098E-4,5.422221474383289E-4,0.9964132297603254,5.793662157277352E-6,0.0023996135599847214,6.456928232264901E-6,
6,6,4.7315205686977836E-5,9.844495899470492E-5,1.6539666556072753E-5,2.6465107868710425E-5,0.0034653812600986375,3.3863846661455666E-4,0.9892669843588795,1.1358688207604513E-6,0.00673506250787469,4.032598605469395E-6,
2,2,6.52193728974198E-5,0.005665088653716496,0.9540595166606105,0.017640051851027017,7.514219786192164E-4,0.0010245200869062859,0.0025727488696479558,0.001852555897213873,0.015890848684271364,4.780279450897094E-4,
0,0,0.9984991683140417,2.3382566582598564E-6,9.739998307077377E-5,9.930083478947147E-6,1.3433452536104916E-4,2.3222934817455262E-5,1.432830658660244E-4,2.232918685237087E-5,0.0010142479639468234,5.374568590667819E-5,
1,1,1.1081426508109471E-5,0.9902020516689735,8.842837899628896E-5,2.650755076717005E-5,0.0012556747794791403,5.1011862562321905E-5,1.0552098228901092E-4,4.113581830486262E-5,0.008138039342949488,8.054818917008166E-5,
0,0,0.9969898039728378,8.608950539702363E-6,2.8475107032950822E-5,1.223263616067505E-5,1.3413146085302892E-4,2.3187830261714157E-5,0.0017599281917334965,6.37224617776043E-6,0.001012714793205676,2.4544811197265618E-5,
0,0,0.9975193905733958,7.435316195807826E-6,1.874446197953015E-5,1.1502112611499179E-5,4.271642586988269E-4,7.384555615503593E-5,1.2153297583475967E-4,7.100356757508776E-5,0.0014250835556824347,3.242976218712664E-4,
4,4,1.1652911744142317E-4,0.0015990742164559678,2.8267037771272403E-5,2.0453855696836226E-5,0.9835483500287725,7.547310386908129E-5,6.247621988931519E-5,0.002379780199946545,1.0415132470024462E-4,0.012065444895456922,
5,5,1.520546574058816E-5,0.0019252363881914012,6.743698396668216E-4,0.029838434621111656,0.006763344356139402,0.94263112978576,5.988857463020424E-4,0.003114930158244775,0.01041731343894426,0.004021150199898792,
5,5,1.4741712413090268E-5,0.001866518372151912,5.734033182345298E-4,4.3333207580389536E-4,0.005831355064149096,0.9138817096430851,5.806202579324714E-4,0.07339609652443939,0.0022869147920511887,0.0011353082397394132,
5,5,8.443295994179212E-7,0.005235618495588474,0.0018735907686829813,0.07327916007575837,0.0013746951649606732,0.7468431126919076,1.351705223598011E-4,0.16660283673492945,2.1427876283992522E-4,0.004440692453373416,
0,8,0.07441092460056016,0.20787664703639705,0.02089755341904159,0.15875685090531386,0.19192307960736316,3.3215667861560653E-4,0.015882644360956013,0.01498707171895652,0.31364702464895516,0.0012860470238409423,
9,9,5.3030160263137246E-5,0.010449398473713675,6.083962752709339E-6,3.4941893282678906E-4,0.00900436228158166,0.006154028713972339,2.8675752506069964E-5,2.2968656731585428E-4,9.599644634280078E-5,0.9736293187087249,
7,7,8.56728150558184E-6,2.725175091796366E-4,5.1775021003548874E-5,5.261118147075293E-4,2.041573378168516E-4,2.7432262389713206E-4,7.28236284588166E-6,0.9929034665952665,1.1251333206579114E-4,0.005639286121711604,
2,2,5.2132415446289874E-6,0.005573995648373788,0.9899914460448301,7.202877601064723E-4,2.3541183841554558E-4,4.7898760873730606E-5,4.671627566436494E-6,1.9213112377002508E-4,0.0031786320179082086,5.031193661089544E-5,
2,2,1.7889439810377568E-5,0.0014178019213035593,0.9499738526795,0.0025964508740729873,7.48204089526295E-4,0.011276803059364243,0.007683081161118402,0.0018446225127970025,0.02421716298919213,2.2413127331494633E-4,
7,7,1.6683583152004314E-4,6.744915919516673E-5,2.808586169025784E-4,0.0036442259497682355,8.824558223600695E-4,1.7857903655414076E-4,2.380984691129785E-5,0.9820257073777842,0.012561365338341833,1.6871302066253787E-4,
4,4,0.009827826162546597,0.002310933995023139,3.3993109769483045E-5,1.2402239025566768E-4,0.977521226022851,0.002619828475924166,0.0033263141789735273,5.361956726851679E-4,0.003662669251135918,3.699074083539183E-5,
6,6,4.62811401349518E-5,9.15003208792466E-5,5.211042811757661E-4,6.604862928395334E-6,0.002885632982098541,8.451356651810651E-5,0.9899810378226043,4.1012952502256396E-7,0.006379919170177725,2.9957239578585153E-6,
5,5,1.122588584880715E-4,6.968453854202058E-4,0.00907035312710293,0.032237120722619056,0.0022653079944767755,0.9141402381305861,0.0029730080494050053,0.003020781837817297,0.002247944022756017,0.033236141871328534,
3,3,2.4098159996542398E-5,0.0015011140550060765,8.041237815081378E-5,0.6690278816681023,8.04361816770028E-4,0.08124066370046963,9.452092496105836E-5,0.16017537877520233,0.012904580212974222,0.07414698830836708,
9,9,0.04753969892858792,0.0012948293682147555,8.230044500868579E-5,0.009016680892534365,0.009615411072709336,0.18095300169501974,0.0011174547050125977,3.389502015298167E-4,0.0030187538898819514,0.7470229188015008,
6,4,0.027021340683453795,6.130585740696554E-4,0.007887827449352396,9.71726417092648E-4,0.8532796202990147,7.054994139989494E-4,0.004407809435751569,0.0032195349921782545,0.09925108304870534,0.0026424996863827796,
0,0,0.9903333667209822,1.2773608651082023E-5,1.470067705690624E-4,1.649194434139432E-4,7.338529965174594E-4,4.288129642674823E-4,0.0025684160162912986,3.6003194664863236E-5,0.005540711932049028,3.413635259324251E-5,
3,3,4.450530733843061E-6,7.115376150893558E-4,0.0030332939434065715,0.8880640559540426,1.9760584679498637E-4,0.09810333576953127,1.4285049204126655E-5,0.002343758215616031,3.1114502338638514E-4,0.007216532052194554,
9,9,0.017068205446356847,0.0011844529704297087,3.239788183135163E-4,0.011849792683988837,0.0015899554352000601,0.010345328165243682,7.751180413379563E-6,8.121725548942738E-5,0.003967270017141697,0.9535820480274229,
2,2,3.9382087665433313E-4,0.0027377008010579366,0.6472543159278634,0.011479448780305183,0.004537388956845685,0.06838674418697459,0.046593072803276285,9.80651599907776E-5,0.21716022678145772,0.0013592157255741112,
1,1,2.118388156976806E-5,0.9795169538389231,0.010227148323077221,7.897733376257219E-4,1.627639567093123E-4,1.3699636324277008E-5,1.6931301575693265E-5,1.6036385616947395E-4,0.008409509609682952,6.816722583422988E-4,
2,2,4.0043060915787005E-5,4.8037255574577586E-4,0.8643573014574574,0.10341344801392548,6.95244727870753E-4,0.0013914942683453768,5.489557446919438E-5,1.1366446196951993E-4,5.560551962488772E-5,0.029397930359675698,
4,4,6.335817566850313E-4,5.5605027268307967E-5,2.1914728493076404E-6,4.274581404432675E-7,0.9708884241549954,1.912744071660717E-4,0.027888437199125374,2.0437735708310794E-6,3.2514929610865344E-4,1.2865454090505848E-5,
0,0,0.9801228000889541,1.7619410237480564E-5,6.658772763440662E-5,0.0016540160820511102,0.0049380568221086924,1.7499123290063646E-4,0.002658323999731478,1.6825659494286245E-4,0.003377009279634033,0.006822338761805441,
6,6,0.0011416166685345893,1.2667938819520763E-4,0.0017273002404371539,6.864773089584411E-4,0.15404865421079825,0.0035646379174197208,0.8227535538136846,1.3326457188867662E-4,0.01577536720601945,4.244867406381115E-5,
5,5,1.972125677304201E-5,0.3898703731319893,2.5311920145586534E-4,0.01466752891275749,0.0023481765626734573,0.4026330704162982,7.164428487011363E-5,0.02066842262632667,0.002176487531729731,0.16729145607512608,
4,4,6.82131827924795E-5,2.2043619000461395E-4,2.803704777062293E-5,1.6945813804047168E-6,0.9962851797773785,6.69555981480493E-4,8.501142633123925E-4,3.594788478380453E-5,9.36077353086118E-4,9.047437380104961E-4,
3,3,2.860984646134882E-4,0.08073401444911335,0.010365588704400184,0.6291985399712372,5.988114239518279E-4,0.02052971716955339,5.434553744343525E-5,0.0020541485793869937,0.15968906385411907,0.09648967184618129,
6,4,0.0010885934659849994,1.2079567342100541E-4,0.005625353010523598,6.54593379438278E-4,0.5124935262157404,0.00339907576024317,0.46140784138101776,1.27075003548712E-4,0.015042668995040608,4.0477115041520275E-5,
3,3,9.809915350301272E-6,0.0076355075546384295,4.289929101716674E-4,0.9224276021963839,1.130908666790163E-4,0.03307157202119364,4.216600048829375E-5,0.01863604558775996,0.0017284429937132288,0.015906769953621676,
6,6,0.004820010013055142,8.068591465135768E-4,3.1716020389239643E-4,1.532194990190841E-4,0.08472647626450132,0.0019605442932888175,0.8984950124782213,2.0948482708344975E-5,0.008676422926198517,2.3346692601453023E-5,
3,3,2.7552457681732973E-6,3.5297889293485246E-4,0.004135685769634965,0.9660702790495547,8.104186750420418E-6,0.008020261696246348,5.9090325758832004E-5,0.014884802226586233,2.756104507539724E-5,0.006438481561690041,
2,9,0.3299347532946233,7.496599100130792E-4,0.0312671223065633,0.17697246091135244,0.00400367439544432,0.07700430709693122,0.005195252413123993,2.04513559985639E-4,0.009990001628847897,0.36467825448311475,
8,8,2.3374898938115574E-4,0.0011466896370601598,0.05605922653524129,1.953038135508157E-4,3.857707234459733E-4,7.963876389424658E-4,5.435402355956448E-4,1.0384918470863047E-4,0.9356388653408942,0.004896617901179533,
3,3,2.9343188649555528E-5,0.0018278355238268145,0.005855627930018115,0.8758718969034776,0.0013028526230968224,0.005040843549881542,3.869352608121457E-4,0.005618619898134596,0.09020999859136652,0.013856046530736134,
8,8,0.0021778913453059058,0.16582446856118516,0.009451372088294963,1.8841289814816145E-4,0.044805361686306486,2.787173609574875E-4,0.0010043466732890366,0.019717052415605365,0.7318319186609727,0.02472045830993467,
7,7,5.529751685724391E-5,0.08825537594805566,0.001223383983680266,3.3913612485342016E-4,0.3884290000387926,0.0032309787490520476,4.6676071313246166E-5,0.502110509842184,0.003774483273474877,0.0125351584517367,
1,8,9.350990988367564E-5,0.40212515997418585,0.0029453885290507812,4.810795508208434E-5,0.013785293502333925,4.6476162752359445E-4,2.6478370945895636E-4,1.6920962850847315E-5,0.5800095333662815,2.465404633486817E-4,
7,7,1.9936529636536726E-4,0.0016982576299334816,3.0542664651501196E-4,0.009974359465133673,0.013128604098854323,0.10122813575561232,0.001646031965340329,0.8649814261885438,0.005810176962047524,0.001028215991654326,
9,9,1.5820604667689015E-4,0.0011716779013893014,3.204845033217746E-4,0.049115858650319845,3.253944682122386E-4,0.003180867277806418,6.160151541186929E-4,8.034127639016975E-5,0.0017340878657123914,0.9432970668560523,
9,9,4.1285696133736005E-4,7.64985938134625E-4,0.0015220033856739796,0.005614071801217759,8.391919790886616E-4,0.005016819206440392,3.286830823927092E-4,1.499850782841422E-4,0.0020939588013329014,0.9832574437660975,
5,5,1.4322031625624121E-5,0.010948591225040116,7.223970844256039E-4,0.021254330151153272,0.0015937960145382412,0.9533959778387139,0.003541850352442854,1.5689883532269728E-4,0.0027029908257771135,0.00566884564096057,
5,5,3.986290914415624E-6,0.0018466895164454024,1.654653224541458E-4,0.008787614904822336,1.7699336075229505E-4,0.9713378103108631,4.6893744209447506E-5,2.3534813481718316E-4,2.075204618696162E-4,0.017191677952852,
8,4,0.023399015352658058,0.014446204859944047,0.08360880583782342,0.043586922330638454,0.3231092831162226,0.08557902419564897,0.007669956552585236,0.0013392057068953613,0.15774332014427106,0.2595182619033129,
1,1,0.0018517149397355185,0.8964013702665117,1.9434197926546334E-4,0.007641491303853107,0.06924057848916734,0.0013425954111423903,2.1949183167899815E-4,0.001870246235989142,0.010443290697551708,0.010794878845104834,
4,4,1.6977437461785313E-4,1.4899906177031354E-5,5.872263974737013E-7,1.1454155316713658E-7,0.9921951810239684,5.1253831907858714E-5,0.007472977140824687,5.476489437823814E-7,8.712690638869522E-5,7.537399220942383E-6,
5,5,3.97869001102887E-6,1.895930064680164E-4,5.51350436355467E-5,0.003194917027152258,0.00951614267310129,0.9694857014180137,1.862283264135861E-4,6.93311778791359E-5,1.4007510265700947E-4,0.017158897534668427,
4,4,1.7093904152553976E-4,1.50021208233293E-5,5.912548213980827E-7,1.1532731813802239E-7,0.9990017258627023,5.160543763192375E-5,6.691953921416438E-4,5.514058629481176E-7,8.772460450932388E-5,2.549552663229812E-6,
8,8,0.0015314535224775034,0.009194403844619736,0.3606179601290956,0.0015659879326931638,0.009044397521726354,0.00917611702820294,7.360756469225115E-5,0.0032624887781479875,0.46565753521145475,0.13987604846688953,
3,8,2.73671322108878E-4,0.001703348312686351,0.00884081115332554,0.06709454518723589,5.728010959729919E-4,0.001914971669537878,2.1356924747110395E-4,0.0019058182755253559,0.8999908987063364,0.01748956502979947,
1,1,0.0013638612560465753,0.49310810585670156,0.011882240934692295,0.029101333009859426,0.01736333174767874,4.3304392748368445E-4,0.010540162579072863,0.027167222022728213,0.4046472173124866,0.004393481353249908,
6,6,2.2989528832093452E-4,5.2662467880176854E-5,0.002029775961160523,9.663393899308501E-6,0.003473678201853479,3.394492471384202E-4,0.9916355233256364,1.6317970676339728E-5,0.0021902021881830182,2.2831955251202936E-5,
5,5,3.982794241633387E-6,0.003354074722331681,6.001252943250036E-4,0.02860861258871481,0.031633810692131045,0.9037796100410391,0.003464101661610337,1.711190438009361E-4,0.007437335510005151,0.02094722765180022,
1,1,5.409555673711008E-4,0.862525416492395,0.002471538005071991,0.015504580316901795,0.02046791132188594,4.921307519948177E-4,3.136146959048156E-4,0.009349754421176214,0.08791532568215676,4.1877274514138217E-4,
9,4,4.636648817476596E-4,0.0014983690217525282,1.7290370374704134E-5,0.002523263026092602,0.5865038014549562,0.0532447455830705,4.301684851467177E-4,0.012131628686963563,0.001657475212366599,0.3415295932775288,
5,5,4.705333855631029E-6,0.0016390508010245693,4.006049301444277E-6,0.002646545067697814,2.60036614348722E-4,0.9899889880290356,7.512842477786905E-5,1.401289990330649E-5,1.899500445746332E-4,0.00517757673548049,
7,7,3.556169671766406E-5,7.498486128061911E-4,6.001067807167107E-4,6.74003278957052E-4,7.816626750589598E-4,1.0906383573756767E-4,7.306283101119899E-6,0.996164839977856,6.345534656279119E-4,2.4305339342089595E-4,
8,0,0.8543525533540466,2.3799520786159408E-4,1.670795356351207E-4,0.007803279580622216,7.29207912482263E-4,6.402539911521115E-4,5.317680167699889E-4,4.32538757171464E-5,0.09529604401998595,0.04019856450572672,
4,7,0.003922963702431918,0.008547282046865074,9.803632473328916E-5,0.001239836202231849,0.11918322984994473,0.002199345004074097,4.741462453019807E-4,0.8511077958640135,0.01306857198174898,1.5879277865461154E-4,
8,8,0.0685211405267914,0.007262053683384592,4.395908322881605E-4,6.254821048784502E-4,0.03345759618015244,0.0013557742249272972,3.4638782287469517E-4,1.0228297496086011E-4,0.8832968396568645,0.004592851992877741,
3,3,7.515060100552802E-4,0.0073754088546446805,0.001415255429204879,0.8910056936391859,0.00703001378810678,0.026859430103062434,1.2495235662514985E-4,0.01745974207922966,0.0022421381523563206,0.04573585958752877,
5,5,0.01141974270720324,6.365614708814539E-5,6.35687881101303E-5,0.005317830418471382,0.004838269331459165,0.9571763491863022,6.459810198100869E-5,5.510058806222669E-5,2.1347363341681967E-4,0.020787411097905825,
5,5,4.0227352497719485E-6,9.3323335559507E-4,5.388734670211528E-4,0.00323028567432889,0.008801750034344422,0.980218185994241,1.8828992736135398E-4,4.761193851446201E-5,2.094177005478887E-4,0.00582832917279599,
9,9,0.003262934697685185,0.0017953730319692272,0.0018401045567773648,0.14998534719182152,0.008166757265694139,0.014426632919746059,0.03251108042913177,0.0013723570132349455,0.011804654214915916,0.7748347586790238,
0,0,0.9751813370380946,1.2624176813392564E-5,1.5396898424931133E-4,1.6299013618579475E-4,7.252680300558298E-4,1.2537992107317453E-4,0.002600714491031074,1.2055460290376882E-4,0.020784445308144123,1.327173114489426E-4,
8,8,0.025806168072508212,0.011631561672699273,0.329853988917221,0.047127593242610226,0.010253196942433623,0.008880262388706324,0.022948043118016383,7.707966950712504E-4,0.5335699607936871,0.00915842815704671,
2,2,8.691819975231042E-5,0.0020348954268755762,0.9896199531614905,0.0013492490946715565,7.680021148056008E-4,4.821866731266007E-4,2.131015096895219E-5,1.7556324892048356E-4,2.610339585648952E-4,0.005200887970823787,
6,6,0.0024282842302643377,2.6945433535831075E-4,0.0012265822356225084,0.0054405814893874966,0.02223946426366162,0.0075821896088672566,0.926884579459866,2.834613993378261E-4,0.03355511220958103,9.029076805360278E-5,
3,3,0.004496116786421312,0.016195055100844395,5.18742866346047E-4,0.8376197303924392,5.215402965804793E-4,0.015847173804928436,5.864166341366983E-4,0.023271579592197243,0.08253263883038779,0.01841100569571838,
8,8,0.11354817425143703,6.933936421042318E-4,7.911723719918979E-4,0.03751100329662979,0.0021398552843634976,6.325048294426525E-4,0.010298963336396598,0.001954372249688618,0.783014710511109,0.04941585022683673,
2,2,3.2079618686581696E-7,0.001645222952991267,0.9979897992774269,1.1626123395574492E-4,6.948425947912662E-5,3.5676928142962526E-5,5.486382259028535E-6,1.1359871786778473E-5,7.34830661110993E-5,5.29052316599217E-5,
1,1,4.806062439957336E-5,0.6490133299780281,0.0241990889377898,0.017020620251476135,0.12961130601369267,0.1055423531375922,0.009465236945808149,5.914591929967258E-4,0.06348892290557455,0.0010196220126420922,
1,1,3.112792938997016E-5,0.6549554110129967,0.31662734751086935,0.0023413595356306226,0.003981733423513969,0.012365576867176415,0.007068989115479773,7.201291107183762E-6,0.00240507176060351,2.1618155323287964E-4,
6,6,0.009594515041264257,1.974637675907353E-4,6.291417453004531E-4,8.000638590957077E-4,0.0032704209352830316,0.012139894332676428,0.9647978217127041,1.3085467260385072E-5,0.008518070190287346,3.952294853745276E-5,
6,6,1.092222569233191E-4,3.806381483320776E-5,4.5577862977857586E-4,2.4471294663123066E-4,0.0010003130808860074,3.4104074439871923E-4,0.996284775701042,1.274986403998899E-5,0.0015092817558868326,4.0612055801560325E-6,
3,3,3.541949596092558E-5,0.02217748353589281,4.0164998883502646E-4,0.9098646437764712,3.820828312044388E-4,0.03262115533462218,1.012385327704039E-5,0.005327439808213527,0.013489872911213403,0.01569012846430955,
4,4,4.430024217792177E-4,8.273067798420031E-4,9.844123437530587E-6,1.722963743715855E-4,0.9804129580266997,9.698246783220509E-4,2.3751245458878792E-4,7.39168981088357E-4,0.0028304296757212283,0.013357656484149424,
3,3,6.50452034729059E-6,0.016850482223408403,0.001375361504031674,0.9255295073948093,7.368686607972547E-5,0.052001369257913495,2.18843223243596E-5,2.5329311881387966E-4,1.160254215222304E-4,0.0037718853707496233,
4,4,0.02037904287637993,0.0018398248392117657,1.1172975304676187E-4,5.278825804013207E-6,0.9377668919124951,2.8579619861085893E-5,0.0015038942651936177,0.002199022511056286,0.03538038245773539,7.853529392158503E-4,
5,5,2.588934050753018E-4,0.002248083241829786,5.721766397487641E-4,0.007715200575778027,0.02748293893618911,0.8336506092498686,2.0122524018931424E-4,0.002642897363080674,0.016299448785981826,0.10892852656225846,
8,8,0.005628591089151634,9.250372160684937E-4,6.996667259837235E-4,0.01027901355339568,0.002236327872597999,1.7332316235362807E-4,0.0020668702124172268,1.6811869926738367E-4,0.964281792915441,0.013541258553323264,
2,2,5.630975827532492E-6,1.1246521234750055E-4,0.9992156376086937,3.8196964093085506E-4,4.975484255642574E-5,3.1238354090071054E-5,8.800304123419704E-6,1.137382520221876E-5,5.564161828009293E-6,1.775650744004073E-4,
3,3,8.359853043098826E-5,9.524082186032473E-4,0.0016139340596383243,0.9607684159506333,6.305968263104614E-4,5.318018938519377E-4,3.4853590109827306E-4,0.007640163943666768,9.811315075914449E-4,0.026449413168174656,
6,6,0.15837679019433903,1.3689221716830144E-4,6.579593822770074E-4,0.0010957947077261962,0.05335151892437495,0.04097253520899038,0.6361114083480167,4.41638743600182E-5,0.1091195459157616,1.333912269858188E-4,
8,8,0.2725873108816956,4.1976859256721816E-4,2.946897214885346E-4,0.013763183369940826,0.0012861543804258883,0.0022528898144595043,2.5018193421804123E-4,2.752036934225746E-4,0.6379696318423348,0.07090098576944692,
6,6,1.0915386408518951E-4,8.337303663836365E-4,4.907484024493725E-4,3.615172155406768E-5,9.996867044262344E-4,3.408271913639778E-4,0.995660921687081,1.2741880324837662E-5,0.0015083366732111007,7.701509120594891E-6,
8,8,3.966104046751179E-4,0.0019166397331005546,0.0029373115654440416,0.003417937388736534,1.730620598916216E-4,0.0013625593504558717,0.01121950866745073,0.0031010212271822012,0.9747969576898584,6.7839191320491E-4,
2,2,3.4749186068500373E-6,1.4267511213688768E-4,0.9944235310199517,4.729279654413531E-4,2.364657518368945E-4,0.002968821237003616,0.0013381843001025924,3.8659412116757966E-5,1.9521554354344234E-4,1.8004473925963948E-4,
3,3,1.0889573331875385E-5,6.77774208045986E-5,4.4985800578769777E-4,0.9721404496125322,8.77831432016662E-5,0.019701970637003564,6.34589785812205E-6,3.7856938411139567E-4,0.0012178958825813143,0.005938460442787452,
0,0,0.9980797495157243,2.337274475370894E-6,2.850623705641762E-5,2.1941083829283862E-4,1.3427809824825108E-4,9.048515551124963E-5,1.1720287335977852E-4,2.2319807494816873E-5,0.0010138219298791626,2.9188826995766654E-4,
8,8,5.104444174920461E-5,6.531180318417694E-4,0.002404973422701877,0.009482668850114508,0.0022663993890272567,0.05171151322393793,6.730997989728724E-4,0.0019578904043484452,0.9245810931749715,0.006218199262334706,
8,8,0.005267647983498143,0.0031689024442059046,0.001982843347556242,0.03521284398893775,5.864639675438254E-4,0.015247142978727089,1.6328601787297565E-4,0.0019512772498864598,0.9214581412629446,0.014961450758827153,
6,6,2.6288566010681605E-5,8.883975219995333E-4,4.716907149140359E-4,2.0418931909466604E-5,2.0094028187565865E-4,2.6127366742774373E-4,0.9976133109611933,8.605202905341825E-7,5.10914958210463E-4,5.903876168486707E-6,
1,1,6.707738445822065E-5,0.9959577483951322,1.1111854301666104E-4,4.897275884552277E-5,0.0025379791605935438,1.5399267726528155E-4,3.888758115788845E-5,6.897741293450598E-6,3.7074011935455206E-4,7.065856388824868E-4,
6,6,0.0017113691325152866,3.176182369999436E-4,0.0015731600030130597,3.181453145841271E-4,0.03726126084703081,0.0010925673985223041,0.9527393036616241,1.383887604543789E-4,0.004835176056672496,1.3010588583479528E-5,
4,4,3.276250392666935E-4,2.0510431598658584E-4,2.425820949568705E-6,4.445149310688446E-5,0.9935944891184497,0.004470359952704203,4.443036100184943E-4,3.345177894238222E-4,5.734007256570035E-4,3.3221344369444814E-6,
6,6,9.207320245258735E-5,1.1831762354631418E-4,4.139549010994271E-4,7.514437943569812E-5,2.2110559675644307E-4,2.8749372507152685E-4,0.9975023577244334,1.0747999959578186E-5,0.001272308488967836,6.496358277317247E-6,
5,5,2.268354781906416E-5,7.371180304762513E-5,4.882987767046259E-5,0.004664011380455691,2.5395713342518883E-4,0.9757988986740971,1.238064611663568E-6,8.434358979777807E-4,6.160261700328344E-5,0.01823163100389215,
7,7,4.729886434580338E-5,1.6370907416846868E-4,1.8998536681628705E-4,4.2585877224078194E-4,9.622194123352899E-4,0.001316953097059316,1.8217632608315505E-6,0.9841641619453909,3.45561506876729E-4,0.012382430197505399,
5,5,4.449144039326573E-4,7.144908746541448E-5,1.1464530726652356E-5,0.018942610285941682,8.431513892690298E-4,0.9458450068705356,6.90707002997479E-5,1.587063484399829E-4,8.018957896216563E-5,0.03353343680442699,
2,2,2.5318279430120912E-5,4.4858509409861967E-4,0.9955257520604898,7.24314353366131E-4,4.852662701590736E-5,4.212238031997642E-5,4.6977431623309345E-6,0.0018591772962093219,0.001227787504416861,9.37186614911834E-5,
9,9,3.855636508996795E-4,1.8632338919391132E-4,5.418421483422301E-5,0.001846534640475151,0.0022009135546813795,0.011527690679864557,8.397026609526892E-5,4.3465569389130786E-5,4.6591197872364646E-4,0.9832054420558429,
9,9,2.9206027941292934E-5,9.13017409105881E-4,5.453783275420217E-5,0.0018585855254188925,0.002215277193162465,0.0029766289998989243,1.6510854886659824E-5,2.06669502485375E-4,0.00210751296362601,0.9896220536907204,
3,3,1.459839527716009E-5,9.152962838370271E-5,1.4449437689064944E-4,0.9950532722607346,1.1011798513135606E-4,9.278604836275434E-4,2.3240994869529103E-6,0.0013341638023652428,1.4675793835092899E-4,0.0021748810297518347,
5,5,1.5560256484294037E-4,2.317278231863169E-5,1.1999554629287541E-5,1.756793306107049E-4,7.71270613137137E-4,0.9869396832600283,1.4591248488906177E-6,9.865154350955452E-4,5.8858678498400494E-5,0.010875758655990147,
0,0,0.9980553843858235,2.3372174178098747E-6,2.6898176865696306E-5,2.1940548203390315E-4,1.342748202503674E-4,9.048294658699346E-5,1.4321938356779624E-4,2.2319262623518524E-5,0.0010137971804510427,2.9188114437915644E-4,
5,5,2.2275445100003244E-5,5.101965411339142E-4,5.35305823975781E-4,0.00790732308505907,0.006139039678001038,0.9737285946370344,2.406376622028266E-4,0.0030712305409700833,0.0020556542050833918,0.005789742381439562,
6,6,9.189689925633284E-5,2.234970800757265E-4,4.131622538337184E-4,8.35551596585589E-5,0.002024603972341431,2.8694322762728546E-4,0.9955923247370526,1.0727419522537402E-5,0.0012698722529376795,3.4169976941684464E-6,
7,7,4.75584104936151E-5,2.9910059786210195E-4,8.717221521371425E-4,0.0025395885143151956,2.8246538888676055E-4,0.0013241796998101011,1.8317599413674025E-6,0.98956463023528,0.0014431737631164768,0.00362574947815719,
3,3,1.0890864688638873E-5,2.5299844717105444E-5,1.3173173945140576E-4,0.9722557323794865,2.2794859109366443E-5,0.00582950647407627,6.346650396157254E-6,0.003425545522290953,6.133825998012753E-4,0.017678769065982397,
0,0,0.9965995444302291,2.3338081736386682E-6,2.846396079835331E-5,2.190854404087399E-4,1.340789567227426E-4,9.035096123728031E-5,4.8078926857471197E-4,2.2286706039169535E-5,4.473073589318114E-4,0.0019757591088844623,
3,3,1.880404698554967E-5,8.93133218867403E-6,3.718896260963566E-4,0.959256123891416,1.1261747695689096E-4,0.002057927999091602,2.240489758229049E-6,0.026245792848525955,8.317479474031364E-5,0.011842497494240514,
7,7,8.360755910633619E-6,0.01130243798687371,1.22927089895318E-4,0.0010266749394789026,7.000705119667621E-4,8.521141099602284E-4,2.2620825240986485E-5,0.9681867456939602,2.610266826920161E-4,0.01751702140402133,
0,0,0.9966015823207643,2.3338129459121603E-6,2.6419175066563916E-5,2.190858884042742E-4,1.34079230893284E-4,9.035114599089536E-5,4.807902517137319E-4,2.2286751612005236E-5,4.473082736055515E-4,0.0019757631490034937,
1,1,8.658121128960764E-5,0.9212842151440063,0.0014263922969911106,2.325609035592534E-4,0.019126282037914315,8.223616732686465E-4,2.0766998066590176E-4,1.2710112816493585E-4,7.604913457340991E-4,0.055926344278405676,
6,6,2.7318346426277196E-5,1.3102432054974042E-5,3.805807686837227E-5,9.047826768180676E-6,2.5019533608031737E-4,8.53000978317135E-5,0.999194364371281,3.188958116630803E-6,3.774970690371583E-4,1.9274855354396206E-6,
1,1,2.519122254056375E-5,0.9975955436553844,8.517405726290815E-5,0.0014293369036925162,2.7501115492320553E-4,4.609197451943124E-5,2.9860252563773947E-6,2.5443327223564702E-5,1.0934880228412876E-5,5.042867989686273E-4,
2,2,2.325564691241569E-4,0.017331709809608884,0.9293828554097979,0.0025401719431233038,7.319865185677245E-4,2.94908896522846E-4,1.6801531570031044E-4,0.0018046397100940634,0.04704749213100488,4.6566379645599496E-4,
1,1,8.907148464056546E-5,0.9493721499919635,0.001721120079010202,3.0091289264678352E-5,0.0017675457587439743,2.9070611189090773E-4,1.511339700152774E-4,4.695920057898513E-5,0.04637701226677966,1.542098471118717E-4,
5,5,3.976350000989015E-6,1.8948150003313694E-4,6.814148754675496E-4,0.02160031158393333,1.7655197909849713E-4,0.9689155121676492,2.3944820456565612E-4,4.420229431891439E-5,0.002387977015374801,0.00576112402955811,
7,7,2.589852321236828E-4,1.894039339856703E-5,7.886788741309399E-5,3.6615255614211566E-4,2.20376461817205E-4,5.014676602988516E-5,6.686041347895008E-6,0.9947703062723025,0.0035273560704129113,7.021823190121888E-4,
8,8,5.193513208753201E-4,1.9152627621782473E-4,9.202756863719636E-4,0.001977011765254923,0.004207930853261488,4.691085640918568E-5,7.255307556566189E-4,4.4679300246754675E-5,0.9906132419271156,7.535412585902193E-4,
1,1,2.1604713955877096E-6,0.9767293838144504,1.0897324331871538E-4,1.4636158714869616E-5,0.0050973401338708126,2.6011722886916317E-5,3.813680173037797E-5,1.875222213082199E-6,0.017930185376224327,5.129705519444669E-5,
8,8,0.0014943063733929786,0.0010839505646589838,7.018934197779851E-5,0.0027899750890325566,0.21770713002425474,0.016786147314427822,0.19812227566960738,6.67451306583431E-4,0.5599235045767168,0.0013550697393475723,
4,4,0.002462118401715068,7.477892855049572E-4,9.862176789157483E-6,1.585145935609419E-5,0.9726903760643447,0.004376308595870709,0.019458745601608842,9.490846541902584E-5,1.2490573981624185E-4,1.913420957515456E-5,
4,4,3.2121716823989445E-4,4.7067769354841924E-4,2.5422562495319892E-5,1.1315089691490015E-6,0.974161220667844,5.636059007107282E-4,0.02428236889683271,3.0097843313794403E-5,1.2509461485590078E-4,1.9163143190196292E-5,
2,2,1.1154403408443911E-5,4.474181674030013E-4,0.943681759173203,0.015528130338806154,0.008835984451651424,0.02816973136103339,1.640281401224279E-4,0.002378400819247578,6.399756134381041E-4,1.434175316867323E-4,
7,7,0.0012648738186345333,4.145299932943556E-4,7.87556703201365E-5,0.0010218787681760394,0.0010636825491621613,5.00754147551183E-5,2.5029874875291502E-5,0.9933548983592471,0.0026228400548929135,1.0343549664237354E-4,
3,3,3.0452233056798027E-4,5.177983970010663E-4,0.00998335562326272,0.8699803700028345,5.964122691077871E-4,5.821294760467188E-4,4.848068426712918E-5,0.0886558104443858,0.02689942453864662,0.0024316962338799047,
9,9,0.003336502255744582,9.062940261865534E-5,3.0974960161241435E-4,0.047470681084736795,0.001534204094868617,0.03343241798781152,3.716350102013388E-4,7.765017683211391E-5,0.0016760031140290123,0.911700527271545,
3,8,0.0018764918216383256,0.004172634966175387,0.06721472858874822,0.1207497830753051,0.0032714928610131475,0.024086536917192588,9.314450498563278E-5,0.04574517823220398,0.7214097975334318,0.011380211499305772,
7,7,1.6901729037826525E-6,3.6910699334345052E-6,1.536963260572996E-5,4.759490438963542E-5,7.995017187476426E-4,2.7525435922321634E-4,2.16180002003567E-6,0.9986275095275787,1.0330104571039394E-4,1.2392576888740648E-4,
9,9,8.650155605339807E-4,0.0019094365482820962,0.007277068656718761,0.08833342059377026,4.61939706064459E-4,0.13524929680446363,1.7223450879336484E-4,1.273092199115954E-4,0.004774652094437275,0.7608296263070246,
7,7,1.503071397562096E-5,1.896909668509993E-5,7.898740803354919E-5,2.445990889814992E-4,0.0010668124236300936,1.658418617330935E-4,5.7892304357796E-7,0.9962778344706086,9.854371658977667E-4,0.0011459088474110018,
0,0,0.9989774964325707,8.386058449904751E-5,9.744664224899372E-5,8.911999495307793E-5,1.3439887792418442E-4,2.3234059696744514E-5,8.591236131642354E-5,6.384950485897408E-6,4.4837466368403397E-4,5.377143262098153E-5,
6,6,6.326683186473615E-5,0.013863373058047208,7.57140042098047E-4,5.993508832761991E-5,0.010056760924153583,0.0014192742426770869,0.9596965094945303,6.63535950657639E-5,0.013989178041969917,2.8208681265402495E-5,
3,8,0.017593787118004512,0.13503601182143773,0.02866812098613016,0.13533740292511165,0.021746961960044723,0.04039087694637886,6.785204275235286E-4,0.08429667420878938,0.37559822829888956,0.16065341530768995,
6,6,2.731608359742624E-5,1.1176842030340867E-5,1.2281126736977642E-4,9.047077320057791E-6,2.501746119407218E-4,8.529303226781182E-5,0.9991115992653653,3.1886939693680736E-6,3.774658002610161E-4,1.9273258782696206E-6,
1,1,1.4974986276888941E-5,0.6411226231034348,0.01978114903679472,2.7966734057890058E-5,0.0016427505559879366,4.132118128998653E-5,3.746752896249729E-5,9.836711355650913E-6,0.3371785880946011,1.4332206723850674E-4,
9,9,0.0034251706606935415,9.303790228558578E-5,1.0615761865519431E-4,0.04873222663483416,3.2285289123285845E-4,0.010153813995868977,1.1717145951776804E-4,2.5393190233658066E-4,8.664338378866001E-4,0.9359292030966887,
9,9,1.5816541472887043E-4,4.5639453302419005E-4,3.204021935115391E-4,0.04910324425878717,0.0015869668749578427,0.003180050337894172,1.2530473770178404E-4,2.810286163561028E-4,0.0017336425011419407,0.9430548005318965,
6,6,1.5141021127984604E-4,1.4182227970590736E-5,0.0022369849921216145,1.5780313142814114E-4,0.0010171531315985006,3.40452947688131E-4,0.9945676409493025,3.637751369384252E-6,0.0015066804513036364,4.0542059376785716E-6,
9,9,0.07117782595053249,1.0799389805372003E-4,2.9847053891041898E-5,0.139389142814326,0.0018113784270533465,0.2709281200796429,1.327465678549103E-4,3.446911447085436E-4,0.0045197665068152084,0.5115584875571219,
6,6,4.168209721361521E-5,0.0011568558677098003,0.0020344209132757115,9.685507670873127E-6,9.979234704309303E-4,3.4022604493712575E-4,0.9939047883133526,1.0535708812403432E-6,0.0015056762892260024,7.687925302148126E-6,
8,4,0.012592781820829561,0.005027170271747941,0.007091004175676415,0.002138581074169773,0.3760844983078879,0.1414598067081274,0.14964734109235994,0.017917839513544802,0.2766215667437315,0.011419410291924639,
8,8,0.0019499169844301974,0.009379690743650335,0.0027405295409841423,2.2007213538145982E-4,0.0032385769925174367,1.7612793496369475E-4,7.502466459467693E-4,1.6774950385563397E-4,0.9798861191025959,0.001490970415674511,
1,1,4.509035473121214E-5,0.7149938130285395,0.00422027598271117,2.3197592241751146E-5,3.978206189799127E-4,3.42747176888234E-5,4.7865794462856505E-4,8.15926588195292E-6,0.27967982900960986,1.1888148498718765E-4,
0,0,0.9854716622869819,7.329496559644463E-5,0.0028941796517073827,8.791512309641436E-5,6.467751542816518E-4,3.0224511240867414E-5,0.008830861792048391,6.298628138699122E-6,0.0016788539018282402,2.799339850802644E-4,
3,3,3.471662254898087E-5,2.528232517195874E-4,0.0018146466605096533,0.9736928804001298,2.2828553522841066E-5,0.005838123408295873,8.511640482190803E-6,0.012151567703477513,2.3595806868266248E-4,0.0059479436906308865,
1,1,2.1893787707852035E-7,0.9936518655610826,4.669914663944475E-4,6.4894869251856825E-6,0.00506449167617756,1.59206776789647E-4,1.414650862099574E-5,6.955970611064445E-7,5.119073068822246E-4,1.2398668218907373E-4,
3,2,3.729386466886067E-4,0.004086693249793527,0.7820240540077034,0.13140573788562873,0.0069331147072887265,0.010522679738173476,0.010705330570636525,0.0011334839681422762,0.05150599927795514,0.0013099679479896896,
3,3,2.191889653064277E-6,2.7984630528872696E-4,0.0018164918373036857,0.9907924896194085,9.73210245873136E-5,0.0028087726459058615,8.59731354800259E-6,0.0011704782544640876,0.0013502236398757075,0.0016735874699650775,
0,0,0.9988530280912011,2.339085316917067E-6,9.743450081239907E-5,1.225549711936784E-5,1.3438213239640583E-4,2.323116483186119E-5,3.529088971521263E-4,2.2337100129952415E-5,4.483187981105865E-4,5.376473292949187E-5,
2,2,4.006754842912734E-6,4.197427275265748E-5,0.999178029131987,1.1639965728353268E-4,6.956698905371221E-5,9.255109845559371E-5,5.492914473284039E-6,5.677702478408634E-5,2.775347039533141E-4,1.5766745241349722E-4,
5,9,6.498793963098331E-4,0.001295463806314645,6.073608921647809E-5,0.0010808846807749566,9.099409686946533E-4,0.20701936135982962,2.2122007326593948E-5,0.022020644456992814,0.001334533168123697,0.7656064340664168,
5,5,0.01445622289748177,0.02196828798063105,9.461566427545235E-5,0.006656922228912035,0.04079389690801633,0.7242734131044054,0.08935565844257788,0.06638620700916191,0.0348182046999358,0.0011965710646022548,
8,1,2.1621733301655047E-4,0.770972373118204,0.002250354635308605,0.003230644728196352,1.325875720011646E-4,0.01333933498088052,5.685642432622387E-4,1.31815014690243E-4,0.20832293953614506,8.351688382950966E-4,
6,6,3.220292762206322E-4,0.009914978241068427,1.812469833892431E-4,3.258330073191349E-5,0.03424418117218161,4.1692476946755786E-4,0.954063066024987,4.738085384447641E-6,8.152872934595831E-4,4.96485310942006E-6,
0,0,0.9985008431413029,2.3382605803222108E-6,8.836814431481732E-6,2.195034085563199E-4,1.3433475068634995E-4,9.052333154098449E-5,4.3957141912443853E-4,2.2329224306113535E-5,4.4816072567248864E-4,1.3355892379853266E-4,
4,4,1.0390901466422416E-4,2.1173393325371107E-4,9.066462797435804E-6,2.5693250151023938E-5,0.9926742036853993,6.618294218446897E-4,0.005570324951068528,5.930240365540876E-4,1.4689572362809177E-4,3.319520638809262E-6,
1,1,5.922470876137048E-4,0.9181224741027448,6.337955979573344E-5,0.0014361215027978483,0.004671733721957416,3.4016645113325E-5,8.279551960755269E-4,0.0021340508239706727,0.07193614534827213,1.818760116585432E-4,
0,0,0.995967329974163,2.3323276719935512E-6,2.8445904069756415E-5,2.1894645882550184E-4,3.9120062392480266E-5,9.029364515266763E-5,0.0018013046493416092,2.2272567985610547E-5,0.0016967343679271133,1.3322004247023268E-4,
0,0,0.9988380741315587,8.624910247933096E-6,2.8527895627563944E-5,2.195775430473822E-4,1.3438012054388252E-4,2.3230817035046633E-5,1.4333169831972557E-4,2.233676571829773E-5,4.4831208627108004E-4,1.3360403163037798E-4,
3,3,9.774079130679992E-6,1.1053961205703877E-4,3.541231315930442E-4,0.9896378504135717,2.0457398294560423E-5,6.727545624786185E-4,5.6958437149176794E-6,0.0032697346008780013,0.0012986573470038021,0.004620413011277608,
0,0,0.9976665705508697,2.33630690474462E-6,8.82943105056868E-6,2.1932000793275198E-4,1.3422251062044526E-4,9.044769701867227E-5,2.2886394247936978E-5,2.2310567677096E-5,0.0016996292017224643,1.3344733195552296E-4,
7,7,1.052750334870447E-5,8.093968452386186E-5,1.5377558230510593E-5,1.9952849360907148E-4,1.2315933221368953E-5,3.2286701758509906E-5,4.2253077886982626E-7,0.999142469588056,4.341797193404194E-4,7.195228713261879E-5,
4,4,3.275508878052391E-4,2.050578946727115E-4,2.4252719128740788E-6,1.4618086047895671E-5,0.9933696086159519,5.747190106980797E-4,0.004837155223806588,9.271145817283852E-5,5.732709477196961E-4,2.8826032124876076E-6,
6,6,8.19600642643742E-4,2.89220804053755E-4,0.0017371111690682641,2.476823880795745E-5,2.2823079913965213E-4,2.878522472361912E-4,0.9963645762028341,3.1224155589132687E-6,2.4250243984559798E-4,3.015040811546561E-6,
9,9,1.0691950297072925E-4,6.97390237956945E-4,2.2706764461189594E-4,7.606371619564144E-4,0.023619126352154043,0.0039585745905423575,6.840675671819757E-5,2.3432595807510457E-4,9.391339701572272E-4,0.9693884178248571,
