5,5,2.593441304016873E-4,0.0027326401578729688,0.002634380102289749,0.05750879405785782,1.0640238509453957E-5,0.8632138482784768,0.002402187213637435,0.001064821134806801,0.05508123124856328,0.015092113437583854,
1,1,0.0015258571970747131,0.9697510790684298,2.8766238506249073E-4,0.0016800018868854615,0.0023407961982829044,6.091267262812335E-4,3.401325315573206E-6,0.008112279165111454,4.37866850188737E-4,0.015251929197367892,
0,4,0.15036070253870823,1.43460787928745E-4,2.3576328254502925E-6,3.623714640660499E-5,0.7967254109655919,0.0019213294376726243,1.5168512667468014E-4,1.0310347415093137E-4,1.0669694885683597E-4,0.05044901594118417,
3,3,0.0011122355130194508,0.012767495300509232,0.007959678901787476,0.9540245708394125,4.6143793690762264E-5,0.011760462930045247,1.8980310568713593E-4,0.003861809131488,0.005474473753638278,0.002803326730721925,
5,5,0.006803862367275479,0.06532271190503564,0.044617203995371696,0.027199927093147478,0.008798489386185498,0.7098809839620077,0.014071187991778516,0.006237356639159461,0.028663857484097794,0.08840441917594076,
7,7,6.626041352426057E-6,0.002441373797604369,0.0011599560937016991,8.513033672853439E-4,1.7313888307958768E-4,0.008587966163888001,0.0010514711042494361,0.9838672693658347,0.0018353942048495683,2.550097815493918E-5,
1,1,9.737539308036042E-4,0.8706570133849424,1.6427039746749048E-4,0.006214793569218073,0.005595692705479815,0.00418034240567387,3.251911647793963E-5,0.07333502668634517,0.002386724695128147,0.036459863108463345,
1,1,1.0180871534767661E-4,0.96172515428777,0.011979556493272547,0.005238358653109839,1.5587197085037248E-4,0.0017342524082627432,3.37317501832005E-6,6.56376398162842E-4,0.0031804586050366954,0.015224789293169306,
2,2,1.925712950932681E-6,0.005363898004045649,0.9740122194758692,0.004922418677661344,3.515687155840918E-4,0.013208194736608756,4.647032213700601E-4,2.4281868418583744E-4,0.0012131515753129117,2.1910119641117625E-4,
4,4,0.0030965752535589484,6.402098381230142E-4,1.3182708957896928E-5,7.327002331943886E-4,0.987435478797135,0.00448891264490445,0.0021809745567976627,7.492717334556617E-4,1.322367171055294E-4,5.30457516767269E-4,
2,2,2.0606851728058805E-5,0.018730325863678298,0.9206529143944833,0.02984508520286436,2.5424329095034653E-5,0.021919695754347865,1.2146065043884202E-4,0.007586093313779487,9.397158936285891E-4,1.586777459560462E-4,
7,7,1.0407701623624432E-4,2.7971756881213034E-4,9.297841935587807E-5,0.0019093893827845472,4.69924216235075E-6,2.713169941960215E-4,1.9734395348297236E-5,0.994681219792388,0.0026120937807504524,2.477340796611513E-5,
9,9,3.8954364590686923E-4,0.06431618064789037,6.477135210445671E-5,0.004199917134180168,0.04485940319021482,0.0029871739315934756,1.4016199900070814E-4,0.052022204450436475,0.001282775645930539,0.8297378680027422,
9,9,0.0015993404730456637,0.00930729962212406,2.484415489579435E-5,1.2119504479182457E-4,9.612620657770185E-4,0.014069917068327666,3.8018144312371453E-4,6.655671104639045E-6,5.681207227283653E-4,0.9729611837340811,
4,4,0.0030535460869521207,4.6683083338566717E-4,5.626593146134798E-5,1.708882578653473E-4,0.9737143442366809,6.158581972742121E-4,9.345521972357443E-6,0.021524505055425053,1.6208949618646526E-5,3.722069293642547E-4,
2,2,1.949312449199919E-5,0.20067082150657378,0.7622672625143296,0.02823206421879574,2.4050234296597902E-5,0.002894290867330196,1.1489613314680668E-4,0.0022380748590276017,0.003388944765334084,1.5010177667359827E-4,
1,1,0.003064967552181911,0.7315918187278592,4.1010979852794005E-5,0.002690351876364349,0.0047019238810567295,0.003512639600273884,2.7325019154242256E-5,0.016295019260633023,0.002005506455088408,0.23606943664753524,
6,6,0.003502014796037672,0.009474156918593999,7.285074377981244E-6,2.5385317946086187E-4,0.0021245337827428185,0.009738933419454011,0.9534944602565671,2.280096290215363E-4,0.0038888893797159167,0.017287863564028158,
0,0,0.980432341542919,7.552301701039296E-4,1.1451910387342272E-6,1.9823860071573344E-4,6.037059354588889E-4,7.944198116739634E-4,2.78321287647682E-6,3.339771454398392E-4,0.01675699185998918,1.2116652978408922E-4,
4,4,0.0031080767959117584,4.7516757224070374E-4,2.04948468316404E-5,4.1529783385213336E-5,0.9911030889955306,0.0015694132288282489,4.292900118930133E-4,4.0488783853322293E-5,1.425595820128041E-4,0.0030698903995126773,
3,3,0.0011077923943609714,0.01271649216679546,0.007927881861115735,0.9502134675957875,4.595946011363721E-5,0.01171348265323771,1.8904488702710932E-4,0.013713351167290761,0.0015815675183987624,7.909602958722652E-4,
4,4,0.012048782019891811,4.7192111802536854E-4,2.0354821321112702E-5,4.1246042346873815E-5,0.98433164458503,0.0015586906364419332,9.447424767853794E-6,4.0212155163374933E-5,5.7811571124421714E-5,0.00141988962588736,
0,0,0.9690177003684634,1.389708006926879E-5,4.288844750774434E-7,1.9593061637228015E-4,0.0031342608190761193,0.021749964248959305,6.246551094014526E-5,0.001058386304721318,0.004344222211063636,4.2274395585945745E-4,
1,6,0.001519358763905831,0.09136095596820541,0.008243451908952676,0.3430678088496899,1.2303622910978673E-4,0.0383010857218166,0.4654951174049973,0.003704973642172505,0.040522267486861975,0.0076619440242878594,
5,1,0.0020181992761493087,0.33321778083705006,0.027430776613635043,0.1869190918838625,0.0016286123596797866,0.20543556792823994,6.890841836811213E-4,0.04021320122658574,0.18557253999877898,0.016875145692337553,
0,0,0.926620832647279,4.2893143706105213E-5,5.056092045743561E-7,2.3098136876571144E-4,0.009009916955507331,0.0057830417095944275,0.036093899371990465,1.1047880257623279E-4,0.018069107351745387,0.00403834303963096,
8,8,4.4787731495124E-4,0.002954691854085615,9.990932354336534E-5,0.04472155016861305,2.037585444399666E-5,0.0019313738733833666,0.018147508975833282,0.04790021179033575,0.8825697555251621,0.001206745319648055,
9,9,4.4471695294953683E-4,0.009372545537426825,8.850286401285946E-5,0.004417268060100026,5.016742381284722E-6,0.004849350971511668,7.431482556403653E-5,3.94356645726668E-4,5.721033555071327E-4,0.9797818240448198,
2,2,5.451542438357024E-6,0.019401783450939594,0.9536571124582868,0.013934981487056634,2.6335757908186993E-5,0.009259988948514871,1.258148552660526E-4,0.0024507618903358615,9.73403474466173E-4,1.643661347874612E-4,
5,9,0.0010150103310066323,0.011651434861951642,0.007958249602836948,0.3000364021745278,4.09376080699011E-4,0.308685147683711,1.7321161828989126E-4,0.001099135229380089,0.04316883832716607,0.32580319409043085,
0,0,0.9848840688878655,6.698502584473629E-5,1.1503908654293543E-6,1.991387181050082E-4,6.064471080082969E-4,0.007592936534555366,1.0834007879504939E-5,0.0010757159645822382,0.004415353038193735,0.0011473703241001675,
5,5,0.012253025295215865,0.14065406206010392,0.03322694590215939,0.1600169820934119,0.0019487706273738166,0.378540868418942,0.008017217692623403,0.013268566197844068,0.06171954396675113,0.19035401774557462,
5,5,1.4372876530317527E-4,0.01292536725170607,0.026618967553194033,0.05384044557016819,4.5413601412971986E-4,0.8725219716084143,0.008547159939828934,0.004400179901412249,0.003937019439584607,0.016611023956258804,
6,6,5.604988347268348E-4,1.623653325728168E-5,5.770727554766006E-7,6.63607735116561E-6,9.867941316613032E-4,1.9353621074847337E-4,0.9923654921919342,1.624566769288981E-4,0.004179120243716945,0.0015286520269193352,
2,2,1.4874946738851642E-5,0.0488517236761744,0.9171509476515133,0.013401547903748576,2.5992895107149837E-5,0.007473733785892711,0.0012651793538976165,0.00799204845817273,0.0032274366127681407,5.965147159867447E-4,
4,4,0.0030907042156001177,4.725116253795778E-4,2.038029098378433E-5,4.129765286059642E-5,0.9855633230433708,2.1334963652166144E-4,2.503002979419479E-6,4.547161033575689E-4,1.6406193812127732E-5,0.01012480823513415,
1,1,0.00285770817883309,0.682120083932913,5.387497284226265E-4,0.0025084247810559005,0.004383970173381119,0.001140805595030052,2.5477245482830613E-5,0.015193116736979382,0.0018698900075887464,0.28936177362031335,
6,6,1.9719412468375717E-4,5.835648055787246E-5,6.858314799120467E-6,2.7743290548730944E-5,9.849932863200646E-4,5.54603866787761E-4,0.99055447942232,0.0030120279439861757,0.004171493577748934,4.322496922475793E-4,
3,3,0.009300878183570147,0.027267438133908875,0.006441432821035152,0.8523369471603828,2.6016891601506848E-5,0.0077128096214958055,4.0536098272472664E-4,0.07493540130476951,0.015586672305238724,0.00598704259527273,
9,9,0.006265357266120165,0.001295348258213834,3.060023000383418E-4,0.012734900347160119,1.0036926465094938E-4,0.0048179922517578916,7.38342627418974E-5,3.9180650662371804E-4,5.684038029482567E-4,0.9734459857397447,
0,0,0.9859553608402878,1.4139990001330434E-5,1.1516421847624654E-6,1.9935532807247624E-4,6.071067611866779E-4,0.007601195630282143,2.7988914070333255E-6,0.001076886057481852,0.004420155768105143,1.2184909099085173E-4,
7,7,1.054147352077122E-5,4.8619456956399077E-4,0.012849176536852046,0.0017772866539875142,1.4261966164705111E-5,0.0015651718918582725,6.496760922965187E-4,0.9767242947706567,0.005842224147547947,8.117189755161567E-5,
5,5,6.592172845632057E-4,1.531774184318101E-5,3.290386642416734E-4,2.2078284285036437E-5,0.0020653174234377993,0.9898385112886391,8.613740812700213E-5,4.6268584727469236E-4,0.006461554559920124,6.014149766828004E-5,
6,6,9.532445124892169E-4,0.0011226279878593444,3.2669063724854043E-6,1.3411220804059832E-4,0.004761498074697262,0.002680977911834715,0.9795019727760093,0.0018069755324496624,0.001659242849467889,0.007376081240779744,
7,7,3.3052140687014855E-6,1.5244331148607737E-4,0.0015265880910464952,1.0507662817288297E-4,1.803367902306057E-5,0.014196566116628052,2.0370193560950665E-4,0.9819370406924042,0.0018317933832432852,2.5450948317818046E-5,
7,7,7.64954239588975E-5,0.25122330717134117,0.047157943833538794,0.008022874161128256,0.005519232869667409,0.15519527754748907,0.033518258734586706,0.4763473338830279,0.022126369220392877,8.129071548689242E-4,
8,8,0.017463589762149408,9.840173429008372E-6,3.0630399209306136E-6,5.0217573623890104E-5,0.0014133238496382905,0.1312676970709665,5.928715418730806E-5,2.2197623114559152E-4,0.8491228137354185,3.881914095206418E-4,
7,7,6.459269237052316E-5,5.48220974057151E-4,0.014488413729471324,0.0020040244824239455,1.6081440378481454E-5,0.017473857817850304,1.890458682455635E-4,0.9090289980411046,0.05609523752963166,9.152742446654814E-5,
2,2,1.560917978941808E-5,0.015324333247143667,0.9624218686132147,0.0026517342902695473,2.7275914334218926E-5,0.009345094532136897,0.005017321393328433,8.256969151529652E-4,0.0037451070045019298,6.2595891012848E-4,
4,4,3.4251195129031734E-4,0.005861041841163391,8.359181653937097E-4,4.205911615402493E-5,0.9823316223311418,0.005376210476906623,0.0018247626920794417,5.245078588548591E-4,0.0010374712758609394,0.001823894291154678,
4,4,0.005115937591503901,0.0024763087058667552,6.398207823219383E-5,2.1643009783813458E-4,0.9832890726362239,0.001118109129881595,1.3117577929998505E-5,0.0023830470722018787,8.598053123978232E-5,0.005238014579081746,
2,2,7.4805021176076705E-6,0.017801397953463558,0.9663067997153321,0.010834077228605311,8.648766842196933E-5,0.003245138616686341,4.610269498478645E-4,8.588630175317479E-4,3.411266711191323E-4,5.760167687455048E-5,
8,8,0.12355289473593922,2.4343262020394644E-4,7.512691228121388E-6,0.017109079162342892,0.0027264270693313965,0.035044229785632444,0.002143369525297997,5.119719230603694E-4,0.6575390119741046,0.16112207051285904,
8,8,2.6820151395331683E-5,0.0011575899900401934,4.628129726812145E-5,3.9645187768043574E-4,3.6659668611075167E-4,7.4034054846065E-4,1.7671511470576456E-4,0.003711033328032202,0.9922285713150176,0.0011495996912888817,
5,5,5.56518530440158E-4,0.006388348186034561,0.004363417039760011,0.47735605090148536,2.2445621277767706E-4,0.49450044355242484,3.5890652004133105E-4,6.099931372927772E-4,0.006865359230147066,0.008776506689596333,
0,0,0.997054266352169,4.516335047311033E-6,1.3938078908555737E-7,6.367440535369535E-5,0.0010185860564989955,2.596896121754519E-4,1.6073435271657717E-5,3.3864502099635774E-5,0.0014118047048257444,1.3738521576982127E-4,
6,6,0.004200937902208761,0.0010556036357367432,1.872841103831917E-6,8.994375932858165E-5,0.03476480832841691,0.008328948344942175,0.9494081466124822,3.582750101709932E-4,3.2898356291706813E-4,0.0014624800026925954,
8,8,0.060478637561212294,0.004620663428870519,0.12211514449488148,8.698615453324848E-4,0.011007197507457826,0.014874975932148388,0.00610927490543518,0.08202421061625151,0.6811149954405004,0.016785038567909957,
0,0,0.9860659920518573,1.41415766088865E-5,1.151771407215387E-6,1.993776971597123E-4,0.005817966330572542,0.0019591098654877853,1.442062532764543E-5,0.0010770068917650194,0.004420651741054201,4.301814487598903E-4,
5,5,0.0025716068889467,1.5308828276183E-5,3.288471929263403E-4,6.939921433868847E-6,8.25804916935918E-4,0.9892625130783342,8.661559005459583E-6,4.6241660515395906E-4,0.0064577945083361095,6.010650065146688E-5,
7,7,5.247776146073391E-5,4.453972802265674E-4,0.004460269047884564,0.0016281519610120375,1.306522396196146E-5,0.041478447793232745,5.951608320031005E-4,0.9056785900011791,0.0455740794527803,7.436064625884476E-5,
5,5,0.004542893224322979,0.004384419453091027,0.0022675186972899533,8.068984597954337E-4,3.779957779891393E-4,0.9325179169699749,3.1880334675705855E-4,0.010100407292916341,0.044528796674838826,1.5435010302413302E-4,
6,6,4.280370396492095E-6,2.5196892921280337E-4,1.954220411824316E-6,2.4437864431925868E-6,1.8901358780514963E-4,5.590340429007428E-4,0.998467029363165,2.028535313749765E-5,3.4598317061754604E-4,1.580071759096274E-4,
1,1,3.3984480258094E-4,0.8570215262608056,0.0011199807459491835,2.799571775518378E-4,0.002068688319939827,5.383182632240755E-4,3.005935312866375E-6,0.007169260258226494,0.0036955200581662386,0.12776389817824302,
0,0,0.9110741815049247,6.627807051703649E-4,4.76616676418859E-6,8.250485710706444E-4,0.0025125617190542033,0.0033062931643251616,1.1583444386875026E-5,0.011357633620988948,0.0697408685271719,5.04282576143191E-4,
2,2,2.1544134716696866E-5,0.01958225686387902,0.9625279337564675,0.0018504725114442803,2.6580730445070304E-5,0.007982482671333863,4.7989715360279456E-4,0.006380479151871656,9.82457974411923E-4,1.658950518270602E-4,
2,2,2.1268917263101405E-5,0.01513023846414018,0.9502320355722821,0.0018268334867517122,1.0323913540281918E-4,0.023100277916926513,0.0049537730554404915,7.708853743892133E-4,0.0036976722665828013,1.63775810821176E-4,
5,5,0.004573188445445835,0.0013193976203211713,0.00602405795511613,8.122794287190081E-4,3.8051652085326315E-4,0.938736605171664,3.2092935267615013E-4,0.00285189994041897,0.044825746146240984,1.5537941854412273E-4,
2,2,2.214055852762108E-5,0.02012436841390569,0.948555370498538,0.006046445284478698,7.211571410178718E-6,0.0032873753189430967,5.746888063913995E-6,0.020771197648701677,0.0010096561579025574,1.7048765952865845E-4,
7,7,0.0021542055021401343,3.20466476695399E-4,1.2272852495425873E-4,0.12187625248572392,2.3983509383822008E-4,0.005817363766441013,0.11484334465456088,0.6726381299019492,0.0806009959224351,0.001386677671261919,
9,9,1.0023161757065469E-4,0.06479737755461795,5.001012755807285E-4,0.05541899620653156,0.0010945778291300927,0.03483856615008148,0.005960502510385286,5.1523265021914E-5,0.0012923730391001772,0.8359457505519802,
9,9,5.5300421070063964E-5,0.3352714052177289,0.001791451093345093,3.412294973372865E-4,0.009747918459350295,0.13216723830855498,5.3529306561787696E-5,3.6607617009766746E-4,0.01575595132339993,0.504449900202554,
1,1,0.002308111383233816,0.8641444073268195,0.001377419032552051,0.014731068422720105,0.013263599377655625,0.03844954822703255,3.768162910591778E-4,0.02127351137306865,0.012529457823198266,0.03154606074266018,
2,2,3.603871794734979E-4,0.23503225649464096,0.2844927066144206,0.02702630013001103,0.07145126279915952,0.011753032586907394,0.021917385568114133,0.14037048515933062,0.19726243672519095,0.010333746742751218,
0,0,0.975376710640178,0.003560782297040237,4.267638393008978E-6,2.703881368899431E-4,0.011817639159142737,0.0025914416439145236,4.019123357649471E-5,0.0019238708465006806,1.5827540122011815E-4,0.00425643300314412,
7,7,2.3917599262718446E-5,0.008987092931498885,0.0015086947584618511,0.007583536743259737,0.004848752124351308,0.001912575401440333,0.014011944751637796,0.8581153553118684,0.10282639234940935,1.8173802880966668E-4,
1,2,1.3912607513217233E-5,0.12963445945190166,0.807181533809408,0.03556276601082386,1.710364052481807E-5,0.008088310596992507,0.0033573194415699604,0.006254466267875025,0.009470657620309861,4.1947055308106323E-4,
8,8,0.035587210775842947,0.0018251898003954414,0.04823621534805339,3.2297828555137933E-4,2.159155865588859E-4,0.14628885754446824,0.0024132002723984986,0.1038865058144356,0.6589134886338369,0.002310437938458665,
9,9,4.7750982359176605E-5,0.0772850455548928,9.37363175677824E-5,2.1490958313852762E-4,0.002247040190340783,0.03046651421676598,1.2339301329509315E-5,8.438600203374221E-5,0.02855156062752706,0.8609967172240447,
7,7,1.0361711285019597E-4,7.290982752210564E-4,9.256755928861664E-5,0.001900952028657925,1.7721521219657846E-5,2.701180781544627E-4,2.0543388784501188E-4,0.9902858472349845,0.006368976959705342,2.5667342073247414E-5,
1,2,1.2729585694832287E-5,0.1186113357275788,0.7385449849103773,0.07218783461950495,1.5649277646008322E-5,0.02162247183915258,0.003071838653953983,0.005722634255060787,0.039826719148057375,3.838019829734495E-4,
7,7,3.761543200707818E-4,2.0148865699233664E-4,2.143011184940147E-5,0.02128129319185083,4.370531440666225E-6,3.53827185201608E-4,0.0038925611078862088,0.9597104403289828,0.014074057831581555,8.437673414392247E-5,
1,1,2.3173144692787754E-4,0.982615520006634,3.909264516256597E-5,0.0014789805315234593,0.0013316485060393954,0.003860285733650342,3.783187630693896E-5,5.647927023927741E-4,0.0013910487004115792,0.008449067850951153,
5,5,1.444193409044459E-5,0.010454662111599473,0.0034651958949567106,0.013555803734491997,1.6043170730914922E-5,0.9428159108479486,2.7332052405519097E-4,0.001656178020377988,0.01105269919206825,0.01669574456968043,
3,3,0.001994687705090492,0.005847837432287067,0.0013814444827352009,0.9694198119716136,5.579642349672996E-6,5.661373159777078E-4,8.693464771882883E-5,0.016070818336561685,0.003342753554761643,0.0012839949109041586,
7,7,4.132267048145806E-5,1.8346058447519823E-4,0.01269397494808391,0.0017558193084650873,1.4616776982892029E-5,3.4417586985315587E-4,6.13829306370512E-5,0.9649267167778509,0.019898338688134662,8.019144503567416E-5,
7,7,3.3090949499552787E-6,0.008667701972144485,0.013396395296922181,2.481569777450195E-4,1.7360313258750933E-5,2.64612410835901E-4,0.0010367593483082763,0.9701013987804162,0.006239161626576582,2.5144178842661226E-5,
0,0,0.9897575287431919,4.483283173499767E-6,1.3836075930381802E-7,6.320841724858096E-5,0.0010111317428901387,0.007140999383070049,7.615669161967622E-5,3.023269923318062E-5,0.0014014727010082143,5.146479778055872E-4,
1,1,2.3249297417840436E-4,0.9858446393393594,3.9221113331134044E-5,2.797935477449879E-4,0.0013360246346957162,0.003872971594028662,3.7956201275035525E-5,0.00463013602639482,5.69853127532386E-4,0.003156911441459343,
2,2,9.602891277501595E-5,0.02310179208084218,0.6211785822622871,0.004213176577091992,7.23082529197124E-4,0.23214881384017616,0.030866959375456002,0.05887462917875879,0.027776448183810133,0.0010204870596055367,
3,3,0.002016422811412514,0.00591155836866237,0.0036854610333673086,0.9799830909400985,5.640440899440714E-6,0.0022207533164122235,8.788193074785344E-5,0.0019882219742450033,0.0028029832280189316,0.0012979859561360592,
8,8,9.480128525911002E-4,0.08277734732122463,0.01543317029596394,0.0011301079012432979,0.003671250987749379,0.0011043064952352168,5.314387226178689E-4,0.027357687008000654,0.8660757269980479,9.709514173259597E-4,
7,7,1.049702497321573E-5,4.8414451058467414E-4,0.012794997466609006,0.005986332918506563,1.4201830010109877E-5,0.0015585722815542012,6.469367068939753E-4,0.9726058974537,0.005817590174191151,8.082963297718185E-5,
2,2,1.9409063949506E-6,0.006907594685207011,0.9816969578073074,0.004961255458904157,0.001392418098133109,0.0027667775998685296,4.479371846168012E-5,7.847088003100444E-4,0.0012227230696188747,2.2082985579435213E-4,
9,9,1.3223987028117493E-4,0.12359301944186955,8.52922097897463E-5,6.92820651591091E-5,0.003045099949993889,0.002302663844698677,8.652522965919333E-5,0.0017551882984536606,0.0011953612877286476,0.8677353278023663,
9,9,0.07538426108195524,0.11204045936289525,0.0010579731514065234,0.052804517258022016,0.011571588730395252,0.015203967390949511,0.0011936261124697134,0.0014881878604227508,0.01674927739202145,0.7125061416594622,
4,4,0.008793085170592593,0.001706074342022594,4.638854383032407E-6,4.141157512189205E-5,0.9882820635681704,6.250720384987854E-4,9.485340125294565E-6,1.4394215050308557E-4,1.645145136476979E-5,3.777755092175828E-4,
6,6,0.004335199335442681,1.6030143713706955E-5,1.8895766343995782E-7,8.632299282778094E-5,9.742505678839533E-4,0.008595140459216291,0.979751108459439,6.06540756503297E-4,0.004125997652460726,0.0015092206748492148,
4,4,7.852251102607587E-4,4.763365970974738E-4,2.529274413185713E-4,1.7436794104867354E-4,0.9935414375158089,0.0015732743573694755,1.1223909331347454E-4,0.0026878670123046365,1.6539001607659303E-5,3.7978592987022726E-4,
7,7,3.3824040251733945E-6,9.398130660575011E-4,2.6536424227972046E-4,2.5365460136191124E-4,1.7003221682639836E-4,2.7047458506268763E-4,1.013497325141823E-4,0.9915928450785509,0.0063773828550085085,2.57012183129549E-5,
1,2,6.303336471240778E-5,0.33938890585691994,0.38133802279982754,0.006887559833989178,0.002578501083133211,0.14497365320541028,3.156619352498523E-4,0.08753225750843176,0.010496024184583444,0.026426380227742442,
9,9,0.0020072257300977146,0.03151799287219356,5.2518688023697423E-5,9.415363232809067E-6,0.017351116779318262,0.007368686660088989,1.8141971877581923E-5,3.23586609594159E-5,3.65313401657655E-4,0.9412772298725504,
2,2,2.118617965034105E-5,0.015071380751942944,0.9465355648389978,0.005785810501713991,2.6825681982934926E-5,0.02301041617994642,0.0049345025231565115,7.678865750239295E-4,0.00368328805640779,1.6313871117723926E-4,
0,8,0.09307819629169056,2.549851575826687E-4,5.817504315454725E-5,3.8773274788983176E-5,1.5061931284588838E-4,0.0018798399479936063,0.014996211790898797,0.0014289067814925852,0.8790980244578432,0.009016267941708974,
1,1,0.001055049532466372,0.9433453831116004,1.7798480762291923E-4,0.00673364680968975,0.006062859194693908,0.004529345824581949,1.7224465621355344E-4,0.02101148590475264,0.0025859847072892306,0.014326015451088856,
8,8,0.04967825813147193,9.757362244670032E-5,7.946957509809638E-6,0.0017605478305416358,0.0010928172455627729,0.018270536025994898,7.40530865134403E-5,0.0020843080674081585,0.9086391435730489,0.018294815459501772,
8,0,0.42345679099356176,0.0015287896717189838,4.165771272889372E-6,5.626248653419537E-4,0.005795549531966543,0.05578665834353522,0.004605451054790436,0.003931790550631714,0.39397575226142945,0.11035242695575113,
1,1,0.004759712744020949,0.37575912580340926,8.029542983679095E-4,0.03037793349748523,0.027351766231040908,0.02043352883437057,7.770583845031837E-4,0.35846187631207044,0.003060100838771637,0.17821594305596006,
7,7,1.0400496037929007E-4,0.0010064866946377132,9.291404741356824E-5,0.0019080674512648773,4.69598872625804E-6,2.7112915273755177E-4,8.684468690189362E-7,0.9939925700762418,0.0026102853444345073,8.97783729525594E-6,
2,2,1.3632645003991458E-4,0.3244169108690259,0.48045652839676406,0.022984564706634042,0.006791882853620972,0.020241413811727223,0.008401864802304091,0.053809969025607925,0.081710792422729,0.0010497466615469724,
1,1,0.001029138134335282,0.9201773734165586,1.7361360506826582E-4,0.006568272390773001,0.005913958926439004,0.0044181077458731914,1.6801442841309292E-4,0.020495456126197027,0.002522474438577164,0.03853359078776504,
6,6,5.601867726132742E-4,1.622749344029859E-5,1.9128395220462957E-7,6.632382663156194E-6,9.862447263043314E-4,7.505717530005703E-4,0.9918129849363768,1.6236622790238224E-4,0.004176793485809033,0.0015278009379377645,
8,8,0.0031358616970604703,2.7004957007217485E-5,8.406077593335442E-6,0.0010474693173560985,0.001011769467202682,0.14388955943016646,0.0015568866131097083,0.0019297272910090341,0.8412507634787295,0.0061425516707655885,
6,6,5.61924782612518E-4,5.861190701523379E-5,1.918774210937208E-7,2.5914770911111182E-5,9.893046043304083E-4,1.9402858028329015E-4,0.9948901387883987,1.628699779754468E-4,0.0015844736874201651,0.0015325410236320443,
4,4,0.0031149356179490583,4.7621615952792327E-4,4.662361994808804E-6,4.1621430217705285E-5,0.9932902291965018,0.0015728765686188477,9.533407530481522E-6,4.0578133435456725E-5,1.6534819864814942E-5,0.0014328123043590292,
5,5,0.07286725173867897,0.0589877272799739,0.01393477013401497,0.06710817989641266,0.01085991942895894,0.3974582166205429,0.06546023180365575,0.005632458935776514,0.0258840418401805,0.28180720232180495,
7,7,3.3334386442694955E-6,1.5374508730919912E-4,0.0015396242515012713,1.0597392050271493E-4,4.3214346645687405E-5,0.004900432349299101,0.0010583695714896028,0.9903222029336357,0.001847435816591227,2.566828438112367E-5,
0,0,0.9694477270107906,0.0027973127100181894,4.241696869193336E-6,2.687445392730293E-4,0.00223607895079215,0.0010504444124791882,3.99469247229815E-5,0.004805422905261577,0.007288791273158845,0.01206128957663411,
1,1,3.7071390312663364E-4,0.934867306049266,0.011645006534974757,0.013912477959007722,1.5151897486282743E-4,0.0026381611337523187,3.278973236948276E-6,6.380459452152439E-4,0.020973879964001924,0.014799610562555814,
7,1,0.003654256795914674,0.6449950342074132,7.240800513700496E-4,9.993719734028275E-4,0.021490654000852462,0.0014587901694561158,8.145792524607685E-6,0.04416344725985416,0.0010486419804392724,0.2814575777687726,
6,6,6.241481433215278E-5,1.6241204074493025E-5,6.772430393392691E-7,6.6379863734807E-6,1.879125856130932E-4,7.51205912230394E-4,0.9926509692545226,6.145267554553569E-4,0.004180322465056525,0.0015290917793027016,
9,9,0.007757291182572078,0.019882173548684618,0.01239520466561909,0.022619221671383163,7.272366996556778E-5,0.030159423716536946,0.001133274867484517,0.0018755799301055135,0.008724374301882927,0.8953807324457655,
5,3,0.15955844112462578,0.025593350046531505,0.06511406732134255,0.26360978426247234,3.8202950816355533E-4,0.09620634003026851,0.005953280966763831,0.03159148790705817,0.21064156434672518,0.14134965448604866,
1,2,2.1168992050058636E-5,0.019241275888996018,0.9457676739209538,0.0018182506932272811,2.6432751408741703E-5,0.02299174864091106,2.076536203653149E-5,0.0062693774531987585,0.0036802999347226462,1.630063624950049E-4,
1,1,7.036718535556946E-5,0.9751708117193401,0.020790115770080123,0.0026477382605250904,1.0284544256625268E-4,7.481212151066615E-5,1.3951174730379373E-4,4.323662394664794E-4,5.540006226838316E-4,1.7430891168182083E-5,
0,0,0.9234885716108442,2.8130621308084826E-4,4.831111040650004E-6,8.362907673983739E-4,0.0025467981423650025,0.03188683135914369,4.549783613035797E-5,0.01754900053023377,0.01854244626953292,0.004818426160230055,
5,5,6.950902020337789E-4,0.05735926918284206,0.005449896572762108,0.2054682174497176,2.803452279728698E-4,0.6176297722607612,4.482733132524059E-4,7.61879847387486E-4,0.008574815883566579,0.10333244005970395,
0,0,0.9850959019496894,1.4127664149063418E-5,1.1506382963981517E-6,1.9918154970896695E-4,0.0031862653152149264,0.0019571824964223395,2.7964516088445474E-6,0.001075947334155195,0.004416302711137646,0.0040511438896172905,
5,5,0.005944339375766774,4.0078370206520403E-4,7.601392444251349E-4,1.604181744161185E-5,4.97938405610042E-4,0.9325887986241589,2.002142958668509E-5,0.0027239483498952845,0.05690905123746081,1.389378135895447E-4,
1,2,0.0035626767610282867,0.10327907997989919,0.4435129152594607,6.872030478076956E-4,0.14654102141385167,0.15155878114223775,0.05775385054287813,0.007781886209775198,0.023229345937061684,0.06209323970599957,
5,5,0.003144655622769534,0.13521876366882724,0.09235812455834273,0.05630416138822476,1.290173246047202E-4,0.36391290429892426,0.007707408151476908,0.012911399859436578,0.1453154023871541,0.18299816274023922,
5,5,4.580340916517216E-5,0.0041190494024714985,0.00281342372503242,0.0036504637591862335,5.00195421224549E-4,0.7982601114836982,2.3141407510491878E-4,0.0014829263535435606,5.905830170027436E-4,0.1883060293535706,
5,6,0.014177386345866948,0.1648606695118804,0.00821210393863729,0.03211312520260557,0.004615110928285415,0.23423193599626888,0.4540653240814879,0.003319347055305605,0.03735863332060089,0.04704636361906123,
6,6,6.231685043492187E-5,1.6215712503879823E-5,2.0387901801200748E-6,2.775837173289979E-5,9.855287262358868E-4,1.9328803155563266E-4,0.9910929423889661,0.003013665274931656,0.004173761191347065,4.3248466211188725E-4,
6,6,6.263795307259799E-5,8.409742045833821E-4,6.163778586979516E-6,6.661717789400461E-6,2.2988716660111836E-4,7.53891542923423E-4,0.9961997883826597,2.0239290741259434E-5,3.451975390444247E-4,0.0015345584239977105,
5,5,6.601823956252573E-4,1.53401674112671E-5,3.295203853101866E-4,6.954128343200205E-6,8.274954455236101E-4,0.9912876603313889,1.9708973543371483E-4,1.4451342258547462E-4,0.006471014442010379,6.022954636792304E-5,
9,9,1.191488930849698E-5,0.23228181443110466,2.3389211966476217E-5,1.011145983826995E-5,5.606844889235926E-4,0.007602045582602663,1.3894989749183823E-4,7.962628003134298E-5,9.06256812888266E-4,0.7583852069458444,
8,8,0.0032375688868766087,6.464362054617661E-4,0.01876235809383603,1.2035273360173375E-4,0.04936037719626149,0.044824929273664015,0.05566451770554097,0.03885536724273975,0.780672722620448,0.00785537004156955,
9,9,9.8402855219897E-5,0.06361512581238514,5.150981434479215E-5,0.0018724840151108483,0.00463058893448924,0.09819224294123002,0.005851750972230118,6.199932653611625E-4,0.004374285373018142,0.8206936160166107,
7,7,1.0400005165552927E-4,0.0010064391914692587,3.1271000786076955E-4,0.0019079773961751866,4.695767089603826E-6,2.711163562506397E-4,4.13155178445445E-6,0.9939456565931829,0.002417510883404354,2.5762201127309514E-5,
4,4,0.0031128688545336075,0.0017135822349398004,6.908673358720886E-5,4.159381435021279E-5,0.9926311799709563,0.0015718329631811269,5.335025780173555E-4,1.4457559432533355E-4,4.0468348001343806E-5,1.4130890810781172E-4,
1,1,9.206425376652818E-4,0.8604439101062481,0.0015474111035281334,0.01678079117432105,0.0012833428560560596,0.00143904167313051,1.5710774456587664E-4,0.005895412260090318,0.008131937863116152,0.10340040268127859,
7,7,1.2864673521842008E-5,5.616159221578724E-5,6.180412110535407E-6,0.0023111448071931073,4.203098207985062E-5,9.151604304488906E-5,0.020126239592033898,0.9632036116629721,0.01412528484058787,2.4965394240229335E-5,
2,2,2.2132966485364536E-5,0.09540564684479275,0.865496743790094,0.0320553706730665,7.2090985477703986E-6,0.0032862480713037293,5.744917444384662E-6,0.0025411644945337645,0.0010093099447658917,1.704291989657171E-4,
1,1,0.003801550593749526,0.9074103609636258,1.7120480093773684E-4,0.01769675349886044,0.005831905629497313,0.004356808654807165,3.3891857261613684E-5,0.02021109166435406,0.0024874763354941205,0.03799895600141187,
7,7,1.0374251502044642E-5,0.0022691662785973726,0.012645346850686003,0.0017490931133454036,1.4035725044962901E-5,0.0015403431804931205,6.39370118709605E-4,0.9612302741302773,0.019822112103810928,7.988424753326653E-5,
5,5,2.513236399561382E-4,0.011338628535593509,0.0015342134909643633,0.17206343855522752,2.0663363458772223E-4,0.6149264797192383,0.07699469330057798,0.06199792388941397,0.03164068410964918,0.029045981124791197,
9,9,2.601140688135153E-4,0.03717131403110819,5.106101226306185E-4,0.0011706776140582584,0.012240308739631877,0.16596033388127454,7.911489786363302E-4,0.0016388647517359938,0.01933264858853027,0.7609239792235805,
9,9,3.9569613372255637E-4,0.0045422470947877975,0.0028317870902717954,0.005662173972604168,1.7477869409818094E-5,0.016894693121704697,2.589060226148227E-4,4.2849175758893313E-4,0.001993155513381522,0.9669753714239139,
3,3,0.001095727005313728,0.012577992005493019,0.008591113546802621,0.9398643306791308,0.0067508358670159835,0.013805477615947135,1.8698592713445702E-4,0.0011865417686232327,0.005519271318767466,0.010421724265771709,
2,2,2.9093919784900876E-5,0.02644453434295876,0.9452423308604048,0.010060593360702657,0.0013218192536896653,0.01059213063206236,1.7148502194917485E-4,6.116193193740027E-4,0.004680984290481036,8.454089985925927E-4,
0,0,0.5485421010436115,0.02011264670384986,3.0497752449834895E-5,0.03258182821180494,0.004193865361296266,0.029307119030836763,2.872179363362591E-4,0.2823186925113556,0.05240632670424417,0.03021970474421457,
1,1,1.9616117326688787E-5,0.9576715585223672,0.024238548947894435,0.0012790419447240976,2.3528073466256346E-4,0.00850972552984798,5.091634449259618E-6,0.00374670595835193,0.003410327480222399,8.841031301534037E-4,
2,2,4.114220924431141E-5,0.04039141924747136,0.7694883858670309,0.004315013243867711,0.04482825603354199,0.09946082694082282,0.013224505668787207,0.025223989763673897,0.0025892479933165443,4.372130322434144E-4,
2,2,1.9329618930271526E-6,0.0020564709560879466,0.97767868397925,0.004940948089296581,0.0013867186639472887,0.01325791421259395,3.532170289931525E-5,7.69422911719429E-5,3.45141185996234E-4,2.199259568641013E-4,
3,3,0.0011124418536034868,0.012769863910759622,0.007961155571767986,0.9542015603212526,4.6152354231428635E-5,0.01176264471687107,1.8983831772920873E-4,0.0038625255696364855,0.007299537388955705,7.942799951921256E-4,
6,6,5.622733574689275E-4,8.403896114155458E-4,6.462106209819432E-7,6.657086975893331E-6,9.89918292711969E-4,1.9414894067066666E-4,0.9955072920053465,2.0225221640180358E-5,3.449575791006125E-4,0.0015334916940487708,
6,6,1.5880305590371923E-5,1.6179979414482335E-5,6.746900282054904E-7,2.769720313618083E-5,1.8720420930594734E-4,0.0021484867807472505,0.9889089610990226,0.0030070243351235887,0.004164563853780893,0.0015233275438504804,
8,8,0.016496381039266428,0.0021266682726339414,0.02129674583266909,4.610409835290808E-4,9.644430082959106E-4,0.06778489109368667,7.333499977118075E-4,0.1210461157642317,0.767750515800892,0.0013398482070834463,
9,9,2.7134692922402824E-4,0.08387688117588527,0.007274089187938903,0.0053234229235246885,1.1132683208521918E-5,0.017698968584152215,6.65059003293212E-4,0.001100678533250688,0.012539016330182774,0.8712394046493396,
8,8,0.03617203201101803,0.001472853279040188,0.04447164070803763,8.197224036346457E-5,0.0035085842523408218,0.3434027287520484,0.007359358850926519,0.02646438853289719,0.5317161492617889,0.005350292111538897,
5,5,0.07618069718959203,0.015750184582077567,0.003720692622685068,0.03975229357105318,0.01098366065124226,0.4285251393132488,0.2057252945348666,0.001503910592594905,0.016926233816351558,0.2009318931262882,
3,3,0.00977637714957253,0.02866146119090486,0.019576564160702747,0.895911900950909,0.015383124756650149,0.010767048386147386,4.2608469551174116E-4,0.009639648870898609,0.00356466511792811,0.006293124720774953,
2,2,2.1655642007808778E-5,0.015405345914840381,0.9675097482467728,0.0018600501148032242,2.7420109487668384E-5,0.008192735598339775,0.005043845652766672,7.849020939956441E-4,9.875429420283326E-4,1.6675368495767135E-4,
3,3,0.0011251858240116598,0.012916153595265796,0.00305120471096305,0.9651327531820519,1.2323789508430451E-5,0.004852120057552024,1.9201307760150383E-4,0.00434406273258904,0.005538215773020339,0.0028359672574365126,
0,0,0.897587530020027,0.003096661215027814,4.695613090983485E-6,0.002584404925830161,6.457121430412668E-4,0.012639685753019074,1.1411974400553574E-5,0.001369402486723923,0.06870849289061683,0.013352002978222347,
1,1,0.0015241203116853343,0.9686472100538212,2.8733493856576296E-4,0.001678089538379288,0.0023381316666844657,0.0017467347602412497,3.397453582191819E-6,0.008103044946350054,4.373684257385039E-4,0.015234567904952366,
1,1,2.3288208007083612E-4,0.9874945728891572,3.928675473969191E-5,0.0014863242219889596,0.0013382606379970254,9.997667830087581E-4,3.8019725696032045E-5,0.004637885134586139,5.708068475771614E-4,0.003162194925177926,
9,9,4.353174537168697E-4,0.05314770925952091,9.614774651252042E-4,0.0011100785974177013,0.005231738653296228,0.003977698644023244,7.602048029201677E-6,0.005723696499066607,0.0021674391690253273,0.9272372422107786,
5,5,5.753951908552686E-4,0.006605035812277457,0.0015603187309484686,0.1700864489936038,6.302113895268929E-6,0.5112735004004653,3.710803401910948E-4,6.306836133118176E-4,0.006936112148767776,0.3019551226556838,
3,3,1.0992506601879818E-4,0.037029756126201484,0.06674837433928603,0.6642303439783082,0.0013010497515363844,0.1377305886422645,5.504887646451664E-4,0.03993255708706203,0.038885866577049406,0.013481049667628014,
3,3,0.0011147909333006608,0.012796829300412368,0.003023016531881425,0.956216493061423,1.2209937696265976E-5,0.014045671231527756,1.902391884232401E-4,0.004303930643841253,0.005487051648423368,0.0028097675230709302,
3,3,0.001089682206409946,0.004139844908580153,0.007798276863564581,0.9346793796390976,1.1934930085591858E-5,0.011521990661154129,1.8595438157440104E-4,0.030486739094878063,0.007150194845693292,0.0029360024689621253,
0,0,0.993219113297325,4.498963037844824E-6,1.3884466314227874E-7,6.342948278684135E-5,0.0010146680817627784,8.853990784522936E-5,4.236818075276496E-6,1.0686111343295725E-4,0.005361656725304291,1.368567657669165E-4,
9,9,4.22291876543102E-4,0.06972312577362931,5.381178290352373E-4,0.004552996580882482,0.004749771634442536,0.014973053309869679,5.448991426517053E-4,2.0903018627656286E-4,0.004794281946909437,0.89949243171976,
6,6,0.004381416091992744,2.3214981791889723E-4,1.9097210606502358E-7,2.239749531031826E-5,9.846368726027556E-4,0.002238651854042309,0.9901960534217441,7.607611894039397E-5,3.43117158625003E-4,0.0015253101967172356,
6,6,5.61168599851195E-4,8.387384095352824E-4,6.449409429922144E-7,6.644007096772549E-6,9.87973296100838E-4,0.002158572677877397,0.9935513140993303,2.018548301948901E-5,3.44279804654707E-4,0.001530478681590995,
2,2,4.464168791296343E-5,0.45956122583690096,0.5016277262117235,0.015436966635922506,1.4540587124467602E-5,0.006628287306210281,5.5128378342772535E-5,0.008526625086342762,0.0077611064675860725,3.437518019337745E-4,
8,8,0.015811578080411833,0.0020383853503290216,0.053870558941040154,3.837355951402253E-4,9.244067467573603E-4,0.06497098337198089,0.002695079756418408,0.11602121132998702,0.7358794148829915,0.007404645944943607,
2,2,7.605209350647313E-6,0.002066435683285889,0.9824160722434785,0.011014691814695344,3.455262206793962E-4,0.003299238228096717,1.6940658642931902E-4,2.7564847730886287E-4,3.46813583922908E-4,5.8561952752898464E-5,
3,3,0.002016602298171542,0.0059120845710274594,0.0013966216924938737,0.9800703216478142,5.640942968972357E-6,0.006489044608492483,8.788975333488114E-5,0.0019883989507780823,7.35294041856811E-4,0.0012981014930617536,
4,4,0.04787536012556664,4.5558483699011397E-4,1.1771256391678345E-5,1.457376860370458E-5,0.9502574788746263,5.905580824579249E-4,2.4133378802025082E-6,4.384268041204716E-4,1.5818474577259513E-5,3.3801443878526125E-4,
7,7,3.343186503305249E-6,5.552115086462067E-4,1.5498412650291E-4,0.001906580909210891,4.523125984093921E-6,0.0012171432530289324,0.0010614645249270522,0.9932181678108543,0.0018528382090872433,2.574334525505544E-5,
6,6,0.0021339463007351706,7.815536763552301E-4,2.452505966755508E-6,9.841304607185898E-5,0.0037569492680071008,7.368362883150064E-4,0.9853865656504904,7.675899333892392E-5,0.006017142985156457,0.0010093812855630753,
5,1,1.6883835443145905E-4,0.40886385683498394,0.011162937320638945,0.1584787453809101,0.0019983349297720407,0.08627488833476307,8.455179562030234E-4,0.005365336239632777,0.059726375077978594,0.2671151695706859,
6,6,0.0011187287082804582,0.0037097123408166275,1.9092763379540964E-7,3.931588195225478E-5,9.844075771450428E-4,0.002238130532207006,0.9899654633802674,7.605840285744114E-5,3.4303725586275115E-4,0.0015249549929772154,
6,6,1.0110550239237811E-5,1.626153836101674E-5,1.9168526168667741E-7,2.995828957338353E-6,1.8814785563000435E-4,0.002159316727683027,0.993893786544071,6.152961542674521E-4,0.001582886885166334,0.0015310062303630285,
