0,0,0.9906221355421962,1.5099396025510957E-4,0.0035167356162973677,7.679174415987342E-4,1.9624405432594943E-4,6.617637062937236E-4,0.0022918150886054316,4.094041049241401E-5,6.947797682384085E-4,0.001056674411696418,
0,0,0.9936690126405332,1.492520400100307E-4,9.18303620715533E-4,2.3022326256359892E-4,8.725260140778262E-4,1.4831340809540102E-4,0.0027742746919100897,1.0341641357583334E-5,1.6782823358247527E-4,0.0010599244471538182,
0,0,0.9913195841851357,4.353078765367118E-4,0.0038082080508712135,2.2967892327427803E-4,2.0203972821810612E-4,6.622296217849509E-4,8.378720144215621E-4,3.0479670468441018E-6,6.952689287256569E-4,0.0018067627039852182,
0,0,0.9978277091946952,2.2321940888352695E-4,1.061528857255371E-4,6.17725373947889E-6,1.8328911543747555E-4,4.389360953505663E-5,8.977674823865063E-4,1.9185086983394085E-4,2.0625370719504928E-4,3.136864725683087E-4,
0,0,0.9799226603779132,0.0014210944324623224,0.001138863757854386,2.0588716090402016E-5,0.01696859427688621,1.9949920650113072E-5,2.3443875384771966E-4,3.765132355258507E-5,4.181358154087299E-5,1.9434485920206962E-4,
0,0,0.9866384561266222,5.668024496308391E-4,0.0035025934456532682,9.630568807481325E-5,1.9545488015792063E-4,1.472640387539793E-4,0.007540033922495015,1.0268470620561074E-5,2.503958677709111E-4,0.0010524251102202948,
0,0,0.9916439887602683,1.0070253235231928E-5,0.003910467559775085,1.67803006480026E-4,6.358642976057459E-4,4.335882038489705E-5,0.00276862092548479,7.659198477686063E-6,1.4357349862607568E-4,6.685936796624929E-4,
0,0,0.9844612694682318,1.5005490031112816E-4,8.862928828059169E-4,7.631416180593568E-4,8.644408314399672E-4,6.576480728742726E-4,0.007523395546848993,1.501763653564378E-5,0.0016356975752982506,0.0030430414675946867,
0,0,0.7990473986936594,0.08721390575676434,0.019960049686513916,4.940633215179709E-4,0.06902750295541178,0.0041943468972240605,0.019415992148887475,1.6617804835811575E-4,3.0934419763771546E-4,1.7121829402498936E-4,
0,0,0.8893498784977064,0.0038495167130710977,0.0020167718305947437,1.0652945292679613E-4,0.007151944614937395,7.569645683919157E-4,0.053249471855261674,0.003308552484467606,0.03480070903579304,0.005409660946849405,
0,0,0.823821543765363,0.005208925881174172,0.05658769477771714,8.061859378854096E-4,0.04258314715245389,0.01159344975805259,0.04450389518277381,1.2311695078852885E-4,0.004045380989508255,0.010726659604283017,
0,0,0.9539820075720689,0.025328783773713347,0.001350857133316847,8.554023568420651E-5,0.010588286404225565,2.0217961856373306E-4,0.002941194978405465,0.0017028050438260406,0.002790670373359661,0.0010276748668364344,
0,0,0.9982071296492087,5.370910629703902E-5,4.1249110058204613E-4,1.4668108252178262E-5,5.827955339335631E-5,1.965271935865763E-4,1.9788920502810553E-4,5.669930499404639E-5,4.88801027918755E-4,3.138057507391791E-4,
0,0,0.9915224528379352,5.69608200088641E-4,0.0035199317672678556,1.4345012485444898E-4,1.9642240882657735E-4,1.4799301609770964E-4,6.669555971035977E-4,5.11984310097365E-5,0.0028720270249914972,3.099605918248194E-4,
0,0,0.9877056928866282,1.3013015920685706E-5,6.879756849461025E-6,1.4791786834472827E-5,1.8712084992711793E-4,4.34483504713528E-5,0.010096172460801635,1.8990472460738342E-4,8.431805772688653E-4,8.997955906909712E-4,
0,0,0.9917382984284364,1.0416330682366915E-4,0.003520698025004789,3.611436245815467E-5,1.4346883915704586E-4,6.62509334785079E-4,0.002768884233409535,3.800414777539004E-5,2.516901406940158E-4,7.361691814558096E-4,
0,0,0.9878381368322613,0.004154384544785544,0.003506852344898851,4.925294001897478E-5,8.152917645956601E-4,2.3576583264228152E-4,6.64477312144494E-4,4.0825353453099454E-5,0.0016413082924800787,0.0010537047827193994,
0,0,0.9838871205393744,1.1929192538416974E-4,0.0034928261292316992,3.5828460134468725E-5,1.9490983555304052E-4,6.572645250920336E-4,0.0037741238620082095,3.7703284810654676E-5,0.006751441116147405,0.001049490322263592,
0,0,0.9685534886812587,0.0016348153574932145,0.0011801377795377654,4.8017252674066623E-4,6.574873632939936E-4,4.953790075241293E-4,0.010132116477157485,0.006830260842823865,0.009613574577623492,4.225673865468534E-4,
0,0,0.9921748836367014,0.00203969357964238,0.0010380708329106724,6.1422587824387404E-6,0.0010697214927585428,6.97895463488385E-5,0.0030702498433739203,1.4454159402344286E-5,2.0508525274472693E-4,3.119093973347875E-4,
0,0,0.9854048646195556,5.1376195348350266E-5,0.0037854863342546737,2.2830854136821651E-4,1.3611855060292825E-4,1.4707991490762516E-4,0.007530606637604588,2.7784567339635954E-5,0.001637265373188277,0.0010511092658299533,
0,0,0.920230987042217,0.0013636356558659175,0.020694012979131277,0.01747004541600754,0.015136513759007457,3.161661824260221E-4,0.022360622972786393,8.683181899402572E-4,0.0014793881784945884,8.030962412372752E-5,
0,0,0.9836472445036336,0.007080909315098662,1.1528328167156357E-4,2.03740940649447E-5,0.00754954280449637,6.918971251274919E-5,6.706840743558043E-4,5.5872286889259605E-5,4.81671358520344E-4,3.0922856875652884E-4,
0,0,0.8559614955653833,0.0026052113592016954,0.0019410572532444134,2.23814761178786E-5,0.002187863150227718,0.0032607190406430545,0.011292497648294883,9.407375132738021E-4,0.03382277490925439,0.0879652620843588,
0,0,0.9598397811436115,0.01928855390516042,8.64126596997653E-4,6.842725868707819E-5,0.011047391327995478,5.640281930797332E-5,8.112650085590922E-4,1.4642043737741817E-5,0.0016104330870584007,0.00639897680888473,
0,0,0.9941236902489824,6.474423181182897E-5,0.0011553681605978954,3.069552250613356E-4,0.003995590210085742,2.023903471036805E-5,2.3783623803799622E-4,1.93398657962204E-5,4.2419543566742786E-5,3.381724134915643E-5,
0,0,0.9739015096548849,2.480973890584483E-4,0.0030044777137594038,0.0029893194122314363,0.008665690912109131,1.441704498393409E-4,0.009317471507960957,4.971142739461123E-4,8.469533274287377E-4,3.8519535878145226E-4,
0,0,0.9733630079173233,5.388663470348124E-4,0.01255050514497155,1.7626897750978632E-4,2.0253129003127394E-4,0.002361698377923363,9.873153328963649E-4,1.7475397265204852E-4,0.005873999285775417,0.0037710533538823404,
0,0,0.9626199600716503,0.0030981015208879983,0.018510977374401834,0.0015923166201931448,0.008663251296601936,1.1917334364940574E-4,0.0027409269839656168,3.305708919166926E-4,0.0019497001536442579,3.7502174308881944E-4,
0,9,0.41359964235034613,0.0053987119339955515,0.05792010709896914,0.008705704790861279,3.598121786303177E-4,0.02426370668116773,0.004961943447275552,0.026949061978580505,0.01117369310012024,0.4466676164400536,
0,0,0.9930290203045498,5.352649795963456E-4,7.334713760351544E-6,1.4509174597797104E-4,6.446617249636878E-4,1.4968662536857117E-4,0.003061579720317732,6.542526254654848E-4,7.033693908250261E-4,0.0010697381691751656,
0,0,0.9728582022723423,0.00603527411093106,0.012543996200422588,0.0011539770394620012,0.0017881752742500768,2.4408805456363128E-4,0.0020837191855312518,5.390228504017408E-5,0.0021244111901880156,0.0011142543872687425,
0,0,0.9750715497041991,0.0013359712988503067,0.012572535016984526,5.99287357928434E-4,1.3222023045637298E-4,8.452520651504915E-4,7.629895382126645E-4,2.7353865200790207E-5,0.00212924443314267,0.006523596489874344,
0,0,0.919028136441053,7.670000355258399E-5,4.9481624958032776E-5,6.24791216506089E-5,0.003313349791394056,0.004027757359171617,0.059507839560852635,3.306755220573153E-4,0.011773436793809652,0.0018301437815007038,
0,0,0.9965679014295886,1.5313032366712928E-5,6.807300445690297E-5,4.249250559339564E-5,5.8183848318015066E-5,4.383819164114434E-5,0.002244549686887725,1.5165895590970874E-5,8.507460314005412E-4,9.373637415607167E-5,
0,0,0.988307565503839,2.754150458495979E-5,0.0035085188294941495,1.6723842699417784E-4,6.159793699633814E-4,6.602175078068302E-4,0.0027593057969217943,3.787267954304396E-5,0.001642088255454436,0.0022736721253980917,
0,0,0.9697743669465823,4.741260168412224E-4,0.0041717729450629765,0.013723208409031958,0.00396380928625467,7.424684763025464E-4,0.0019454875823765572,4.990244228825076E-4,1.064006958688341E-4,0.004599335218796602,
0,0,0.784111707341824,0.0077418172004152085,0.0017171155280916476,0.003205213771604529,0.009795964030213569,0.002345912462588814,0.047981561501690126,0.010253550602679226,0.1270482491128985,0.005798908447994234,
0,0,0.8475861171613948,0.006101456051335745,0.0012558444717398938,1.1454105163330998E-6,0.1430752980021282,1.0479829839318747E-6,5.779129800867555E-4,4.114521416349917E-4,4.15045087349507E-4,5.746807108299028E-4,
0,0,0.9963183641988015,3.2310563635359437E-6,2.683608904657553E-4,1.0692716957017421E-5,5.8169279279252344E-5,1.9615533311565222E-4,8.198094436500565E-4,1.1252243365108886E-5,4.878761392195733E-4,0.0018260886987827073,
0,0,0.7982237204465644,0.0020570093557740793,0.012471803773101663,9.717603033117699E-4,5.210341960999841E-4,0.03547771223732348,0.0016210410801270655,6.494188458116187E-4,0.0020825159225841693,0.14592398383930175,
1,1,1.1130270784602149E-4,0.6389655898326548,0.01470566599240379,0.006071341967764235,0.2464581176283837,0.0015489252389178604,3.677271315037036E-4,0.07914494359476085,0.011653099540497088,9.732863652678623E-4,
1,1,2.3730746496712537E-5,0.6229291514559121,0.1484311725886393,0.0015294180266035642,1.1240523468370844E-4,2.516362831050725E-4,2.3018693410476024E-4,0.1785995865950635,0.03511901403746679,0.012773698097924375,
1,1,0.007625976229999522,0.7694030229179525,0.09504436975771036,0.027494325421492764,0.0435983193932572,0.014429729792481976,0.0052696240262735585,0.008303425426219658,0.015793701587874732,0.0130375054467379,
1,7,2.1988625681208072E-4,0.03910743658999373,0.10551925853959401,0.023982072880063984,0.08143159031268227,0.1648103223383521,0.003279030586751145,0.47480668932912407,0.08638999616124006,0.020453717005386465,
1,1,4.43826850980277E-5,0.925422364270134,0.021298411694472323,0.002080329647456272,0.005224236574820876,5.700553234847269E-4,4.484306932790885E-4,0.020993587107257627,0.01687733909218236,0.007040862911814565,
1,1,1.4447704818890882E-5,0.8807032274321566,0.06420197749080218,9.78014985625327E-4,0.005108998849656675,6.212094113925743E-4,6.008352848202898E-4,0.03731392900256425,0.0026217517717616085,0.007835608066401982,
1,1,2.682037599685478E-4,0.4049505479350918,0.21538145725796046,0.0032809938425071715,0.006378431859715965,5.540101246515177E-4,0.004610258200536857,0.3391345974311793,0.02113959918534626,0.004301900403042331,
1,1,1.6272127989145547E-4,0.6131470926594859,7.348890933839544E-4,0.005826019014656353,0.3558240504631158,3.36122195179857E-4,8.994484934502231E-5,0.002982672010784624,0.001386292525920698,0.019510195908236293,
1,1,1.5996591144464258E-4,0.9371616527326784,0.0155067593725987,0.001040711685590551,0.008716707721974026,5.000649118300677E-5,6.393524753895248E-4,0.021681570653311933,0.006705354827511308,0.008337918128318045,
1,1,8.703559225335173E-5,0.6733350347579689,0.10068372904596891,0.004838444396070247,0.0014471349826798389,2.719980675730375E-4,7.234292219876687E-5,0.19305142256816846,0.009141532616970273,0.017071325050148047,
1,1,0.006425874197994489,0.8158408443858197,0.016034702587513255,0.0073504450893721075,0.0010992549434357443,0.012704311100924284,0.008294140044448506,0.12123490815885517,0.005931283191108812,0.005084236300527637,
1,1,3.7579631311416694E-4,0.6054175929976334,0.007656653400104594,0.045327176408908994,0.20477842733034488,0.002662272226123819,1.9016219541452388E-4,0.05909257839195475,0.03009894206849799,0.04440039866790315,
1,1,3.75131346820434E-4,0.8877743144474256,0.0013460369429601547,9.858673799963088E-4,0.0020701337053479945,6.261970458940039E-4,0.0011407923564277014,0.1019025798536983,0.0016501886841753825,0.0021287582372544254,
1,2,5.905302367007684E-4,0.32645572380556814,0.4917089835184591,0.08259498189058935,0.0030007986595618086,0.006355083041062845,0.006230004032162342,0.007293616015468813,0.07023849877038148,0.0055317800300450975,
1,3,0.0028219210155461024,0.3179051540028606,0.057908071876747715,0.37419418553569594,0.016519112740368914,0.0038186526885022544,0.006480722060699249,0.016023311131587472,0.08099048302411191,0.12333838592387981,
1,1,0.004625259722650891,0.7012849633051972,7.28121000008781E-4,0.005772363243939773,0.18535899010134468,3.5648629834281425E-4,3.496186821565334E-4,0.0029552025560624835,0.0457569688752605,0.05281202621503616,
1,1,0.0013338170672840262,0.2936963213987005,0.13644235556321846,0.031010173501331905,0.020626445312173777,0.21310904674846856,0.004239971578764372,0.22661731835845977,0.046476740215319966,0.026447810256278605,
1,1,1.381098379748348E-4,0.3144142766069775,0.21583407607378557,0.0022239299262117266,8.343868199456617E-4,3.659048414388249E-4,0.003026403459541726,0.2597020294836365,0.18488662203932654,0.018574260911161156,
1,1,2.4349744759229904E-4,0.4612664654870082,0.2816805217502715,0.013536403099675543,9.565689809645008E-4,0.00865079842560031,9.185450190715911E-4,0.19935600407649454,0.025575052707569604,0.007816143005751753,
1,1,3.470699096083158E-4,0.8442046665641951,0.001344368221096056,0.006637489763340312,0.13450126875930188,1.5829819259389918E-4,1.6618493118298366E-4,0.001404702204074834,0.0020475408297914535,0.009188410624814854,
1,4,2.679586672509224E-4,0.1796185575745703,0.010273636184999803,0.08553491617099242,0.3220043333150624,0.1509716711711473,0.001010820037557474,0.2135725048619353,0.028144266423140888,0.008601335593343189,
1,1,1.5313632287865687E-4,0.6064708849310271,0.0734872268958828,0.04888254847115738,0.056711749462826304,0.030825208964881348,0.0022836292451458304,0.12205504825829906,0.04488589815016374,0.014244669297737786,
1,4,0.0018805514247364173,0.06418027733125367,6.494622663475563E-4,0.03846861751690742,0.8565589154693269,0.0024793608841276855,0.005893575030459489,0.01885739166462169,0.01036190354196397,6.699448702552064E-4,
1,1,1.0771592052766615E-4,0.8454242785805858,0.001212439395498655,0.0036141786798336603,0.02753503562785251,0.002585487578532576,4.708589620278184E-4,0.06848948472847796,0.024222035854682026,0.026338484671981386,
1,1,6.339594465772829E-5,0.8047489234536501,0.01013407492737013,0.0018090583379617349,0.14392357999305497,0.0017777996881038,4.666737555120217E-4,0.00996877749644322,0.0015007954188839031,0.02560692098436239,
1,1,6.688092964268607E-5,0.7580162173590296,0.03188220702617761,0.0019915349230176685,0.06390477808094927,0.007505515855514699,0.0040779620288565665,0.06428948329473375,0.003328471386235165,0.06493694911584301,
1,1,1.5500208705973125E-5,0.944861762082327,0.04539884387167293,0.00742889789879672,8.063296798235788E-5,2.1040615568846421E-4,2.1517036850583307E-4,1.2014745621138418E-4,2.2681680898333336E-4,0.001441822181125889,
1,1,1.369751251011845E-4,0.953385378317372,3.3538739486252655E-4,0.003098641986688953,0.004667692606398645,0.0032767193438110447,4.590584067159289E-5,0.006353526330195737,3.49935230011898E-4,0.028349837824886558,
1,7,1.7321647421111465E-4,0.17892545794074682,0.08312331198224909,0.08301872095490204,0.06414813352987975,0.12983013746713712,0.0025830723816124826,0.374031291676999,0.06805414198737493,0.016112515604887544,
1,1,0.0017619930603963478,0.9135961758953411,0.027627674555474647,0.0024542759748673237,0.006820317059957579,8.576894808908327E-4,0.002807257292812246,0.01920604022528294,0.02445145865160436,4.171178033727107E-4,
1,7,1.4024580138175414E-4,0.36043093840345874,0.04218736514322826,0.01850598866647277,0.1685325436100925,0.028230442345578453,5.290490047378549E-4,0.36221129523798173,0.014730313593920142,0.004501818193147723,
1,1,2.1123619154671483E-5,0.8065348353775835,0.038446867383407836,0.002119007818699452,0.05807298991688608,0.007985924121837375,0.004338981618465889,0.009845360196455105,0.0035415180573698316,0.06909339189014005,
1,1,5.420057389544936E-4,0.946744017472946,0.0010341865876357633,0.007443696977008491,0.030450638869429808,7.850209463457467E-4,5.192957406459521E-4,0.0040115273505314354,2.3480886930519332E-4,0.008234801447196955,
1,1,2.747482137596666E-4,0.8832511033021353,0.001763331803685027,0.002372757263880909,0.0019068152432693073,1.9668641129452782E-4,0.0019275864036535561,0.10138338609304653,0.004247028406759955,0.002676556858515178,
1,1,8.853132601089053E-5,0.9752626697799924,0.007479259378544659,0.0026199362505871515,0.0021054553093401286,9.720039228831998E-4,7.638585934453895E-4,0.0019200688560858513,0.002414152272136641,0.0063740643109737646,
1,1,0.005590735416078636,0.8354394709782087,0.012573066989539246,0.0018486362142401127,0.06544682251655773,9.540837387401499E-5,0.020680666563448795,0.029814517118938767,0.011638373157810232,0.016872302671304084,
1,1,0.0011356488351573907,0.9508782513293632,0.01804498767161845,0.0020977621901240593,0.003736551666624441,7.884489692479064E-4,5.215633969425323E-4,0.019989801212204932,0.002306267805509129,5.00716923207918E-4,
1,1,0.006281650838220605,0.5600885690925423,0.21961066287987888,0.14170529676139704,0.004016492734554,0.01582146970275713,0.012192145849918085,7.072642166963513E-4,0.012073870443908563,0.027502577480126928,
1,1,6.002572639696354E-4,0.6463603793592448,0.008551176812793593,0.017099530759821277,0.2927537638471906,2.3214321114953577E-4,4.2272608059985264E-4,0.020277407865894912,0.0095963494012553,0.004106265398080593,
1,7,1.6006319132350137E-4,0.11420388422828935,0.09918149143440677,0.011313335197290851,0.0027082240998413157,6.759879210258902E-4,9.689155282434639E-4,0.5999037306593041,0.015473619626812485,0.15541074811346228,
2,2,2.094712997324243E-4,0.009380748881793,0.858784688837612,0.0032599907317069857,9.42780693328241E-6,0.0027390850437620947,0.013430137789558635,2.6499497962621923E-4,0.10895586774818836,0.002965586881087175,
2,2,0.06993588348582179,0.060914443533880334,0.7501116632798489,0.0023426161883310106,0.04121673471805921,0.005613801410267418,0.0071073986972763235,0.02768859560857453,0.01810305594361004,0.01696580713433071,
2,2,8.975266183903727E-4,0.030873081096550493,0.8140835253734502,0.07460753125064096,0.0031691403224094693,0.0013659722335127517,0.007181081384038779,0.007933997701094172,0.05958429755245202,3.0384646746057836E-4,
2,7,0.0013447740584451085,0.006204365139261729,0.09624066174210888,0.1520087540186428,7.288195586258636E-5,0.007386131852656298,0.011753091393565064,0.6981234630901564,0.026500569307434087,3.653074418671302E-4,
2,4,0.026643344468647655,0.0039946193080448245,0.300144699209636,0.0016943066637872717,0.6183214244241598,0.00335869283319038,0.035357733274515815,0.0066601757053727255,0.003594176315521421,2.308277971239316E-4,
2,2,1.0213661199812973E-4,0.0013411382638494358,0.6619340023080144,0.03234725322462039,8.155189930702966E-5,0.005345406757045672,0.007934361719094505,0.07249606789501756,0.21263064942335758,0.0057874318976954865,
2,2,1.6130577063528618E-4,0.0021787723140921085,0.6039580353269158,0.05175600690721976,0.016089262463571164,0.0038023349613476713,0.026857724766937176,0.2337392186453938,0.04357393591684228,0.017883402927045093,
2,5,7.864910042663244E-4,0.04094170078049459,0.2547655650621005,0.031231599227792447,0.0038097841608192872,0.4733865431662291,0.023907909915454374,0.15951876255995268,0.007724213534445431,0.0039274305884454165,
2,2,2.457951147462529E-4,0.03305148056373704,0.639368558486611,0.0017134331071166596,9.772581426254181E-4,0.0012481660197637995,0.16551779319350693,0.12346843875397936,0.026270240552252945,0.00813883606566036,
2,2,9.990402851938686E-4,0.01039915116171472,0.9061594616762454,0.014537249386687861,7.958458843722845E-4,0.004392324460970562,0.028871061799365973,0.015188760433140946,0.018318892256229704,3.3821265607850365E-4,
2,2,0.009297754581225311,0.003944389178412397,0.49652288309460646,0.34052613800211284,6.479664432371938E-4,0.0202620783322459,0.09292394630227893,0.011802358981287517,0.022467034663433003,0.0016054504211605082,
2,7,0.0025539476484196053,0.04828266060116415,0.32629811237658307,0.014547844775084593,0.001646337207069058,0.009913211563902593,0.01941669500861734,0.5137813644321806,0.05282686640448329,0.010732959982495755,
2,2,7.952990951730548E-4,0.006797657656160951,0.7213600999220681,0.10347641575172335,6.335435328472786E-4,0.020937527732427748,0.0790473693760541,0.013885151898183394,0.05279769642372472,2.692386116372801E-4,
2,2,4.1860044917717477E-4,0.06800953264552642,0.857755036828245,0.013467132248676211,0.0023704662126465856,9.156159842966221E-4,0.016845408487072153,0.003141142146680294,0.035871249379591054,0.0012058156180883995,
2,2,0.00480899052753416,0.026794162854459284,0.4584673413600782,0.00807323617281382,0.0013479949577045217,0.006417366339083793,0.4504888899663625,0.008329886626011897,0.02931594166329685,0.005956189532654957,
2,2,3.6867688056672687E-4,0.0323218638144017,0.8061136800462358,0.047968572330979356,0.0013017873166141264,0.002278942927931767,0.013387370722773248,0.07344658740690359,0.022687707583646598,1.2481096994703585E-4,
2,2,0.007604463981916097,0.346097656371529,0.3469736676754326,0.003199296474707065,0.003153717572919683,0.01028981345058043,0.0035865426868673988,0.2390626039595427,0.01341054310629413,0.026621694720210677,
2,2,0.0034739360861901518,0.0023742694078565506,0.395745860843339,0.06143420480012179,0.34716598163461065,0.007021851864144394,0.15874553788882018,0.017698624032994315,0.006001429800907327,3.3830364101566495E-4,
2,2,0.004179704839964614,0.019906427471611463,0.7573554168486004,0.026073198607307623,7.540300044783019E-5,0.022956905555465455,0.09998985811246663,3.8816515896087126E-4,0.06793950492533402,0.0011354154798409657,
2,2,1.876339643370239E-4,0.021506857577155723,0.792206671607506,0.11363909221123163,6.95765420806648E-4,0.0037205850745618495,0.004895655948282198,0.038306103061776335,0.018445368273702578,0.006396266860639884,
2,8,5.728159142423178E-4,0.004896027807214901,0.31762333217655236,2.540990529309333E-4,0.0020225962929086147,0.06749416602431,0.01723567490324016,0.014047605555851755,0.5601184522765748,0.015735229996174157,
2,2,8.440491303975013E-5,0.019503996903164022,0.9022764286895589,0.051119197581823456,3.1298182099786484E-4,0.010343512666663437,0.007213936957576041,3.545965093756628E-4,0.008297430108823993,4.935138489766524E-4,
2,2,9.315279802245441E-4,0.0031165248999643932,0.8449237789573502,0.08392256113481479,9.092621125915355E-4,0.0040955036491093786,0.026920037443417425,0.017784493069726615,0.017080953547418988,3.153572053824126E-4,
2,2,0.06988813285015036,0.015223530392977675,0.5891806234286149,0.004798748349509139,5.865936365398931E-5,2.5291673049430643E-4,0.08356167474535042,3.019710234614352E-4,0.2182820034337759,0.018451739682011765,
2,7,2.6817160133720494E-5,0.060558454866107066,0.3931764881935941,0.07380697377333326,0.03345694023097352,0.0011467092903597977,3.407983030749345E-4,0.43409744072977996,4.894343713087472E-4,0.0028999430813348116,
2,2,7.355731065446922E-4,0.007656684158603223,0.6671868393382312,0.16031046317486516,0.003853905670370543,0.018323283069239738,0.08403243458484652,8.972796985924178E-4,0.05669890049561711,3.0463670308916876E-4,
2,2,0.0025112352112721835,0.007703877179208107,0.6712991367249292,0.06667718940407531,0.017187703618158575,0.0013162341961647564,0.07356163839427018,0.01292154983835678,0.14672972645227855,9.17089812859012E-5,
2,2,0.0017010610609496852,0.2060616640709948,0.3735014532930944,0.3058141663608904,0.001872374356451337,0.06187876283339257,0.0157666115118178,0.011582626978535064,0.011953671478611833,0.009867608055262017,
2,2,0.0025938025299088456,0.037664808692915115,0.4699926122722818,0.24233848849640074,6.133442217683292E-4,0.07547649490957588,0.11052207718656368,6.948956951920395E-4,0.05934813817345507,7.553378219383633E-4,
2,2,2.0159670261241126E-5,0.053714177508690925,0.8212162710963926,0.09708082648514232,0.0013261763847614099,0.002345397332228734,6.373198807190091E-4,0.016472452513235435,0.0026179323988014054,0.004569286729766956,
2,2,1.0126855416520825E-4,0.006531122015052462,0.9659254502355684,0.003385888070220987,5.563363897328962E-4,0.011357153798802097,0.0030488775228344834,0.0011213229426569697,0.0052167829604458935,0.0027557975105206595,
2,2,0.0017082853982115559,0.014601222843757828,0.39294248958632483,0.006533206387139371,0.006031905936522166,0.20128508202553227,0.0493673919196857,0.007672707021400885,0.3164859944442398,0.003371714437185517,
2,2,6.182100577639592E-4,0.12223782458794506,0.4865047515365475,0.011475604913106651,0.015406499595815009,0.10071055771532245,0.010799252170243462,0.17913873134738073,0.07212124354124967,9.873245346256432E-4,
2,2,5.379775490504606E-6,0.2394091605454411,0.6776051249141161,0.05023908227331967,0.0030235979298313086,7.155881274019957E-4,9.170290012627185E-4,0.015690257415173766,3.3314919160734667E-4,0.012061630826355425,
2,2,3.7076114300770057E-4,0.018137259793021943,0.8106709293749502,0.08080351230077984,0.0019425376739268063,0.009235739199761258,0.0532212347908247,0.006473130448470856,0.01869992943729827,4.4496583795862406E-4,
2,2,1.592789072518015E-5,0.032381060500376174,0.7923662217482729,0.024024382176864246,0.0011089416156693246,0.005930032594946071,0.002362180150098462,0.11555828333571067,0.006311502150364308,0.01994146783697301,
2,2,0.001523896208379674,0.0058653555009756456,0.6762624660302199,0.1750054927806874,3.7192147662814477E-4,0.001997916079194553,6.792639707808361E-4,0.01843485411412898,0.010907208244823047,0.10895162559418176,
2,1,6.358054343404787E-5,0.6154300156482068,0.2684425011796477,0.047480356569339736,3.3215302500561034E-4,0.006881726750135517,0.0014449677159302195,0.0513422089762313,0.007577557302136482,0.0010049322899325479,
2,3,0.007627301186290094,0.010584827474073778,0.2326194554102927,0.6312984555090394,0.011293764221276481,0.015527983548879092,0.08457686452687667,9.675948073852752E-4,0.004755635372948579,7.48117942937726E-4,
2,1,6.471047822371885E-5,0.5880320426862056,0.27321318266059164,0.03994206869937757,2.399528959003141E-4,0.02952795980329431,0.006674448593464139,0.05225464767158437,0.008954553002127415,0.0010964335092308879,
3,3,7.961508247004834E-5,0.004418253104733085,0.0021101611809818503,0.8470045808329921,1.0059450886183062E-4,0.001734526450184321,0.002248584797749854,0.004231277648175295,0.024595703896591114,0.11347670249726072,
3,3,0.0016573614078306354,0.0220515659496064,0.001135421738883704,0.9221775156663107,0.0017368455125167858,0.002685862185521869,0.0012203911791566057,0.012289762992780489,0.032398269765197205,0.002647003602195552,
3,3,0.0013872419145147096,0.013213013285568148,0.006681171550884795,0.9338632834483017,0.0014537715688419622,0.013753002454345287,0.001021489813767329,0.0018839936969573643,0.024527441673549432,0.0022155905932692804,
3,3,0.0020503212826676735,0.0016300470647104659,3.364956289333712E-4,0.7913917584946317,2.718029548725117E-5,0.0078967612914665,1.9219414735260784E-4,0.0046057402633511765,0.0858434785680278,0.10602602296337128,
3,3,1.6309377702636017E-4,2.0111984828224733E-4,0.024049037859431622,0.964664657902938,1.8564571628188308E-4,0.004414471494834293,3.823970258108047E-4,0.0025349117635984505,6.630560280998773E-4,0.0027416085836964948,
3,1,0.0012744739086792086,0.4241556643458093,0.007576699942537953,0.3622538659843764,0.020115351910736858,0.010187588666217549,9.739814160971856E-4,0.047747264106177675,0.03125396856720665,0.09446114115216096,
3,3,4.810658849236243E-5,0.0056064442950641315,6.338559770564577E-4,0.9585662677291471,9.106299931276552E-4,0.021951459025926864,4.3674148893451124E-4,0.006247669829335208,0.0028745483140249256,0.002724276758890622,
3,3,0.0016377263661760345,0.07833096231232801,0.0023539801419937,0.7454739998846149,0.04759524891985269,0.01508958968167368,0.0061019746758346925,0.00485637078761069,0.06049765897566074,0.03806248825425478,
3,3,1.0465145771587628E-5,0.001808636536615863,0.003842373719383804,0.978235841167791,8.344499508983296E-4,0.004476575565075761,3.877766985029652E-4,0.0020201151880223935,0.005603587696480238,0.002780178331458085,
3,3,4.776469451566161E-4,4.7265450689880676E-4,0.0011883512901448479,0.8648829075870698,1.279774678071123E-4,0.002047053335585062,2.100419055408558E-4,0.017815236157344122,0.09381517629464656,0.01896295450980642,
3,3,0.0010976373755741703,0.25419738981829965,0.0223637876437033,0.6152138790519978,0.0013763664440879086,0.021765000016239967,0.0025207944217230144,0.034030265777049665,0.025984771640383566,0.021450107810940887,
3,3,3.9283372251471156E-4,0.01616542360114672,0.030966359761531396,0.5226242508667801,0.004376105980687085,0.03163745632047769,0.002469419380067587,0.00604306665695437,0.37764829911118714,0.007676784598653105,
3,3,3.7984375280381266E-4,0.053664388995229045,0.0036976440090788405,0.9287327571166183,4.180976912204661E-4,0.0022357650770573794,5.705557030189264E-5,0.0018736432747464482,0.00673738609313966,0.0022034184198039945,
3,3,2.4609686612980994E-5,0.01736956552449687,0.005585558791520258,0.9509357402160897,1.4071077947379307E-4,0.0022892149568423978,1.6277839247053015E-4,0.010325355624149967,0.007627046397079121,0.005539419631264438,
3,3,0.001973556113871032,0.008814224098232092,0.13409798379431737,0.7793843299936591,1.6572876932288626E-4,0.011616375955733862,0.0013453937830462726,0.004232843404431322,0.046921251822879186,0.011448312264506896,
3,3,1.1424184958889914E-4,0.0037395365096404053,0.009853997246278938,0.9409999631577161,0.001877693790299016,0.010417059795926801,2.623637128066773E-4,0.021352561572749902,0.009150059999470262,0.0022325223655228874,
3,3,1.6727579366353259E-4,2.860940715766886E-4,0.0024387269451283835,0.9823307733907467,0.006530045282032426,9.775521882544854E-4,3.73992096212407E-4,0.006399227152929727,3.9080582064942687E-4,1.0550725880621037E-4,
3,3,0.0025373432072374074,0.004369298665338691,0.04574228335188942,0.7144003771333309,6.279639450612323E-5,0.020240797001497193,3.387229025724377E-4,3.2326793775936963E-4,0.19941456155949255,0.012570551846375884,
3,9,2.4092746870524684E-5,0.006944757609918505,0.09266933753793026,0.0033519631169986915,1.417236123285393E-4,0.14610378786077632,2.2608931605428464E-4,0.0010351954003874806,0.007123306388326524,0.7423797464104088,
3,3,4.3585746653347743E-4,0.019867313433671274,0.0357668171684862,0.8074718429807979,0.03451530096999766,0.0553434874855319,0.0013938791886412701,0.018976273443436983,0.014368340432287078,0.011860887430616243,
3,3,1.6230892536381932E-4,0.005574840186613683,2.489376907229338E-4,0.9531627301770261,7.862289201737493E-4,3.3888271420103163E-4,3.62887264805915E-4,0.028204047765921503,0.010348628625529077,8.105077296417645E-4,
3,3,5.340743256922002E-5,0.16958484482649147,0.0013038378771247775,0.7112049675842218,0.004117958366354396,0.03070313562874624,5.753881978850282E-4,0.016232872956578603,0.054202053289230945,0.012021533840797372,
3,3,2.471977093440582E-5,0.0037959256755197997,0.00602509977836041,0.9551894764511982,4.300079993110267E-4,0.003777854618668003,2.663199439823992E-4,4.8718272222060684E-4,0.027737226054702867,0.0022661869851019127,
3,3,2.364740388540762E-5,0.01292846985139915,0.008779470404327677,0.9137524533163912,4.113538454966422E-4,0.010115424354460164,0.0010071265984959573,0.03566017998677535,0.011039687510329112,0.00628218672843906,
3,3,0.0012843007041968314,0.006467867540890386,0.02213025534126713,0.5071879318837769,4.780389731922991E-4,0.006430543258593573,7.626076044815535E-4,0.004023331375172317,0.030534220098622732,0.4207009032198064,
3,3,8.058860516868943E-5,0.0019039202012803061,3.930321028384319E-4,0.9243578230008401,6.982361404575411E-4,0.03849248089409418,0.0010188157051651912,0.023910058874654024,0.0027899442216977764,0.0063551002538036324,
3,3,3.446363104541606E-4,0.324838700738584,0.0016807975957487365,0.40717064658461205,0.001779567722159938,0.21898883099543304,0.00435695449655585,6.989049049668746E-4,0.017113788396057848,0.023027172255427355,
3,3,1.3189092234245744E-4,0.0013876094983334207,0.027424004712311142,0.7854769433772061,1.1738902740823704E-4,0.16845099306277628,0.0011973877093765669,0.005427065344694391,0.002917731624191261,0.007468984721359949,
3,3,3.23891094772583E-4,0.06511574300009888,0.004635946930774958,0.8075796999144468,0.008071735420725135,0.011789128273485378,0.019459595180173834,0.019662175394505245,0.06189380546429307,0.0014682793267240977,
3,3,3.5225711697610976E-5,8.322137349960564E-4,2.0814204890750446E-4,0.9774160357795251,3.1399524496074257E-4,9.726613585699364E-4,1.1265239260643951E-4,0.007417736329249232,0.011732748334966814,9.58589064520741E-4,
3,3,6.428183175158313E-4,0.005586431672140193,0.4349496714893506,0.4444437756614928,0.00226977273796773,0.016923226031046384,0.07646149947783798,0.001969795776596736,0.014645302282484932,0.0021077065535667796,
3,3,1.9582470581974265E-4,0.04636776002693528,0.009510423643979778,0.39195097054471006,0.003243712249240252,0.022883667959439222,0.3609495217006862,0.036886507205818646,0.1269721849048647,0.0010394270585058643,
3,3,4.615007482925934E-5,0.0018669129559739511,0.015291382856909041,0.9195810048248901,7.585285886088762E-4,3.269432353748165E-4,0.003944364355294168,7.559474317850745E-4,0.04145926509893863,0.01596950057739583,
3,3,1.8206596466198015E-4,0.0027017556553707053,0.01970108549427455,0.8101222088152946,0.0040214389051384716,0.08634092625574445,0.0015823502890986662,0.0035904998401124983,0.06683855199233495,0.004919116787969187,
3,3,1.5784933563400813E-4,0.0039520305893268656,0.002892637602468953,0.6757015699411573,0.0016744206546384108,0.011631547758552558,0.005731814729547335,0.2760605030400521,0.021817408439770283,3.8021790885216233E-4,
3,3,3.398704377364108E-5,0.10791920276253553,0.003271812054566173,0.5532799342493312,0.00906690719442574,0.019538644050147373,0.004033223470059611,0.28607512277755626,0.013665401430918944,0.003115764966685601,
3,3,6.317133294907086E-4,0.007023995007334327,0.024248965446234883,0.8040775403732656,7.19064060421884E-4,0.0037182725538109506,4.306455642131298E-4,0.1445155891012831,0.004015105005355144,0.010619109558590316,
3,3,8.774324935598419E-5,1.4959567235362526E-4,4.9811580655340326E-5,0.7175306630713496,5.844391527203604E-4,0.003283543802344558,3.269209659216754E-4,0.27181884361866443,0.001161452253884043,0.00500698663275015,
3,3,9.837933647468225E-4,0.05551872903620002,0.16114076340434777,0.5993656003686204,0.0010828708683570372,0.13325518474379514,0.0026512163826791983,0.003081931434077613,0.0023149741209774134,0.04060493627619872,
3,1,0.002252760090495483,0.5331197546498667,0.03180676209016471,0.2988363515778534,0.018130691331959915,0.013035851599319559,9.269356560331603E-4,0.06429590164817654,0.006050967041732306,0.03154402431439823,
4,4,0.00864307132413067,0.05763969026735042,0.006377508274380527,0.0034463015376570124,0.8662417105256983,0.001209595305547692,0.0012632905096866373,0.049264577807304505,0.004869108074192903,0.0010451463740511397,
4,4,5.6999242409247685E-5,0.010056105236285749,0.003352189303769956,3.639560440942989E-4,0.9392444649494399,0.0021787744686598515,0.014911400209134059,0.02470134879929653,0.0050297912419835665,1.0497050492668176E-4,
4,4,2.689118267806195E-4,0.003366365172656652,5.689037586539133E-4,8.904921861471321E-6,0.9811650052102714,0.007672156638408025,0.004846372951025151,4.4247234640403703E-4,1.1550989116337504E-4,0.0015453972827755146,
4,4,0.01287917235762658,0.008240126605418945,0.0024828895055086673,5.06461442132784E-4,0.6134715528735057,0.094938098822539,0.003935386086214432,0.10408809653682377,0.003527383062319622,0.15593083270791044,
4,0,0.4925819820420398,0.01091931579330377,3.7118199515094255E-4,1.4941482293408877E-4,0.43765752516432305,0.0030499710410477466,0.046637436613151305,0.007574578003873069,9.340910314348257E-4,1.2450349274148746E-4,
4,4,0.002060100896886404,0.14318914301518934,3.72408548060689E-4,0.0030797582200550633,0.7796246149017769,0.0011395131075360113,0.05891988239972754,0.00985329770325086,8.165938164107339E-4,9.446873911063816E-4,
4,4,4.183128388543322E-4,0.0390386831713445,1.4018935285233997E-4,0.0123159194398432,0.8112026384820207,0.01192642894980812,0.016098537238959168,0.10675126533383078,0.0012594223559423557,8.486028365446434E-4,
4,4,0.04122146687043844,0.13950048085032038,0.00648493762438446,0.0013614381841753574,0.6234799264171351,2.5137252131113313E-4,0.0028108764220797534,0.1835629705406737,4.6054217666036573E-4,8.659883928212354E-4,
4,4,0.013557384285919597,0.00907223260737097,3.7591925909559465E-4,0.0012488258366885451,0.9514130348945996,0.019990621611091202,0.0030653245562206935,4.5894856065370606E-4,1.2704651975315622E-4,6.906618686068176E-4,
4,4,0.0016250193321463212,7.056628505809889E-4,4.5511903787939065E-5,5.1345001718467996E-5,0.9943346879392018,0.0014984853935515808,0.001513590159140469,1.862077628699599E-4,1.522808871732036E-5,2.4261568285432008E-5,
4,4,0.0018071917773770756,0.019645046115921074,0.002384981461009883,5.87276870998003E-4,0.70940992446173,0.07588070622046059,0.004927552497528909,0.17410429589191184,0.00296230835355819,0.008290716349504478,
4,4,0.0015079683673734471,0.047011641189876406,1.5338152421150552E-4,1.4505018959130766E-4,0.9055265968523225,0.005879422668048431,0.03847209419723229,0.0011186435817351589,1.549217777456451E-4,3.027965186352258E-5,
4,4,0.006345453013152285,0.07517054802699664,0.015899829346407497,0.022654238905919662,0.43944587698219106,0.04692037516380729,0.2151815993755036,0.1364323656877967,0.0401018624752968,0.0018478510229285308,
4,4,1.7814345979632207E-4,0.069645326734632,0.056181744430034805,0.0015312584377715082,0.40905600813993476,0.16292037010795787,0.002002689982983639,0.2896054815395294,7.106741305085036E-4,0.008168303036851142,
4,1,0.01194736271080734,0.5098531963445823,0.031939775302982816,0.011562228778175872,0.13985940465477933,4.693941113634977E-5,0.010026670183844271,0.06371341577766515,0.21515028411333073,0.005900722722695983,
4,4,8.914546005226513E-4,0.019332737162902538,1.2436701081148678E-4,0.0033830777178001873,0.9427789489710684,0.015905611786493093,0.016065940701687546,6.099595818427616E-4,1.6163792348612986E-4,7.462645433851567E-4,
4,4,0.07072678550297005,0.06870545326671429,4.0843058386674303E-4,3.516032038713697E-4,0.8168718744802208,0.005091776904747842,0.022637639778095957,0.014805575749212879,3.7553203865706137E-4,2.53284916430618E-5,
4,4,1.1342193461098992E-4,6.517989677886298E-4,3.764198768440265E-5,2.60745148628926E-5,0.9885489586923123,5.322531839847832E-4,0.009748308208510017,2.834491502937314E-4,3.925508265633965E-5,1.8838277296047667E-5,
4,4,0.007791880564914122,0.006242629985501404,6.183162265221417E-5,0.0017060477207113756,0.9797935078134151,5.902485407697079E-4,5.413293150725235E-4,0.002980512817984181,1.7445994594746735E-4,1.1755167303161799E-4,
4,4,1.7467518301962485E-4,0.004658457672446784,4.0310120629212265E-4,0.003721945801481123,0.6794036245817751,0.0036042394052040374,0.3020372177966898,0.0016676979952613405,0.004098032204478762,2.3100815335122592E-4,
4,4,6.117678194127186E-4,0.0026645368459909118,1.0057622165431565E-4,2.2460894273693046E-4,0.9378207583002289,0.02389758069415986,0.0011612711119714275,0.008446353228430119,9.142809686280126E-5,0.024981118738551914,
4,4,0.020455533614129186,0.005901113223564819,4.642670218666259E-5,1.4346410063219555E-4,0.9261917555179745,0.005815132594343462,0.03961906572794725,0.0011064114830445545,6.362873214479273E-4,8.480971472952207E-5,
4,4,5.350194697106694E-4,0.013983818895217342,0.0018327918255706863,0.036869695983867794,0.846708123534169,9.514989120945662E-4,0.053177329010285546,0.004635452572649114,0.041239973846841534,6.62959495939985E-5,
4,1,9.470377242281667E-4,0.31900739794980326,0.007012653644541193,6.731753155689471E-4,0.29274241987378,0.255258288136717,0.012403936611746184,0.058057490133179304,0.018933227126078075,0.03496437348435753,
4,7,0.003429450721350915,0.059783039293330474,0.014730338740951218,8.139537317528137E-4,0.2046860854781857,0.1439964180570074,0.02605492831583618,0.2561333809928327,0.03976994489719208,0.2506024597715605,
4,4,0.008804993024436783,0.0014558138483701953,4.720519562760738E-4,3.669279026603233E-4,0.8867117147510616,0.07331884559630845,0.00356283167086005,0.022874932412370017,2.8050548726408294E-4,0.0021513833503924266,
4,4,0.0077443678131401345,0.1080972617943808,3.114332223542303E-4,0.010787111647335413,0.6928629351460325,0.13819473073368385,0.003853800975082,0.0364814094216508,9.959051507281436E-4,6.710440956123573E-4,
