6,6,8.231621037149342E-5,7.15033515083582E-8,7.007503307564301E-5,6.30891784353145E-4,4.5441164591164546E-4,1.5278340536447338E-4,0.998609450417572,
3,3,3.215034127070241E-4,8.296142804934592E-6,0.0024221337179830553,0.9926244069815185,0.0011497840484784075,0.003372018619314121,1.0185707719401397E-4,
6,6,4.686192534018176E-6,1.1020437714897348E-9,1.0800298462782187E-6,2.3328012330865033E-6,1.8665894266076134E-6,8.591821003511438E-6,0.9999814414639128,
2,2,8.08728043122769E-5,1.7572707853120432E-6,0.9812616401542581,1.6998454967297294E-4,0.01847966588513735,9.083984875201765E-7,5.1709373463474585E-6,
4,4,0.05657826165816289,1.30363014848337E-6,0.016163636294488855,0.0036920232803551393,0.923541816731763,6.73894806119883E-7,2.228451027557375E-5,
3,3,3.5607395736548164E-4,1.5191464384710447E-5,0.010586744911780323,0.9178905014752121,0.06479030804269174,0.006174664776674487,1.8651537189104246E-4,
2,2,2.0354101636369304E-4,1.474195887270611E-6,0.8872956048698258,1.8268495886992748E-4,0.11231159493010028,7.620665668025032E-7,4.337962386352319E-6,
1,1,1.1798061744380135E-7,0.99996927060622,1.6891933236186545E-5,8.344983431796067E-6,4.0997044289926196E-6,1.2374140460561953E-6,3.7378019589862086E-8,
1,1,1.1798054036043101E-7,0.9999686172700764,1.689192219973685E-5,1.0869234805759556E-5,2.2288011452884473E-6,1.2374132375840305E-6,3.737799516870046E-8,
3,3,1.0404574802781966E-4,1.5195294426054522E-5,0.010589414020543255,0.9181219181761275,0.06480664284440765,0.006176221520697412,1.8656239577021254E-4,
3,3,2.732091640707449E-4,7.049947686910451E-6,0.007494358701087037,0.9049971984173077,0.08427613213488253,0.0028654948961718127,8.655673879339169E-5,
3,3,0.025666563324474468,1.858963995035858E-4,0.05427413050574098,0.6026324463913226,0.31486249705740454,9.609674818244803E-5,0.002282369573371313,
4,4,0.0028853662014562387,1.3405631038490015E-6,0.03350099054917583,0.013459161799622907,0.9497065450754063,6.929868214622053E-7,4.459028244135085E-4,
1,1,2.0845260778612083E-8,0.9999481305499104,1.689157612879306E-5,2.9582645826427116E-5,4.0996177583468015E-6,1.2373878862497105E-6,3.737722939214105E-8,
1,1,1.1798200190340297E-7,0.9999810048816291,8.944847800391497E-7,8.345081357139142E-6,8.362763207021118E-6,1.2374285666596183E-6,3.737845820731678E-8,
2,2,1.6734238530574018E-4,3.6361529359946764E-6,0.8560359966979757,3.072850305615832E-4,0.143473160343052,1.879662403232341E-6,1.0699727765875926E-5,
4,4,3.131733366708862E-5,1.3444002079081074E-6,0.033596880691498285,0.013497686061722318,0.9524248974070519,6.949703629589874E-7,4.471791354895114E-4,
6,6,1.2687029196922058E-6,1.1020491640349812E-9,1.0800351311044352E-6,8.571028129955901E-7,1.8665985602447698E-6,8.591863045202256E-6,0.9999863345954817,
1,1,1.179666264869627E-7,0.9998506873405264,2.1213513314367373E-6,1.4357016232908665E-4,2.228538294677433E-6,1.2372673049483357E-6,3.737358704602471E-8,
6,6,4.686207924654003E-6,1.1020473908788718E-9,4.5534538257832693E-7,8.571014339490462E-7,6.827393217441898E-7,8.59184922121423E-6,0.9999847256546683,
0,0,0.9954430610083588,1.3508096018827253E-6,9.413626176755513E-4,0.0017261611611409172,0.0018707813619510572,6.982836165799608E-7,1.658475765527391E-5,
0,0,0.9853297353090744,4.938802032027004E-6,0.001451069389231778,0.006311154613031091,0.00683991198982037,2.553050066929924E-6,6.063684674315289E-5,
2,2,1.8706446754788273E-4,4.064690554349249E-6,0.9569238398960183,1.262059441619154E-4,0.04274476307162281,2.1011894027207325E-6,1.1960740692048788E-5,
6,6,2.3240080475321933E-7,1.102041299693976E-9,1.0800274238579295E-6,3.892488823868229E-6,7.003593402163968E-6,8.59180173274629E-6,0.9999791985857713,
1,1,1.1797811179070837E-7,0.9999480334220955,1.6891574488066044E-5,2.9582642952980325E-5,4.099617360139232E-6,1.2373877660586925E-6,3.7377225761583986E-8,
4,4,9.405149725942441E-4,6.811911079570433E-6,0.002001407544913595,0.001793439253902152,0.9951706707774812,3.5213296513689584E-6,8.363421037760647E-5,
2,2,0.0025778432439097884,1.8670663908888812E-5,0.8890293248082579,0.010175721530764785,0.0970201081317577,9.490998808503527E-4,2.2923174055056202E-4,
0,0,0.9929957308166343,1.347488591117318E-6,0.0033975818253236885,0.001721917335963045,0.001866181983153256,6.965668628607548E-7,1.654398347167457E-5,
1,1,2.0845260778612083E-8,0.9999481305499104,1.689157612879306E-5,2.9582645826427116E-5,4.0996177583468015E-6,1.2373878862497105E-6,3.737722939214105E-8,
1,1,1.1797760886748597E-7,0.9999437707916841,1.6891502481785047E-5,2.9582516846553503E-5,8.36245182122887E-6,1.2373824912578569E-6,3.737706642800474E-8,
4,4,0.004414469554193804,2.7454620014121014E-6,0.03404082768628211,0.007775448915734572,0.9535104335808434,1.4192312024262168E-6,2.546555697423665E-4,
1,1,2.084532390936295E-8,0.9999511589349703,1.6891627285643294E-5,1.0869045041060617E-5,1.9784778403139582E-5,1.237391633731076E-6,3.737734259065554E-8,
5,5,6.2801445005116285E-6,1.6205419150354982E-7,4.7313182838145055E-5,0.005959313786393137,2.2459512662802587E-5,0.9933966156491971,5.678556702167859E-4,
2,2,0.0011450168041994074,2.4879866548729694E-5,0.7363319297032289,7.725033446998991E-4,0.2616395975681613,1.2861326399708257E-5,7.321138676195661E-5,
0,0,0.7762603576227477,1.0751252068406676E-5,0.003158825292289914,0.16445649971399737,0.055867731502145516,1.1383458521666974E-4,1.3200003153424923E-4,
6,6,3.576840294481465E-5,8.411593291423903E-9,8.243567129108438E-6,1.780562234468254E-5,5.345659849033077E-5,6.557897769936716E-5,0.9998191384197983,
5,5,4.029569998418307E-6,5.884959616032601E-7,0.0032447174204169177,0.006828300294340791,9.692053417071181E-4,0.9887108623006508,2.422965769244565E-4,
2,2,9.277475319402606E-4,1.975113571073406E-6,0.6239061534663836,0.002055205092667812,0.3729246959526896,1.021009508403713E-6,1.832018332393156E-4,
2,2,1.6734238530574018E-4,3.6361529359946764E-6,0.8560359966979757,3.072850305615832E-4,0.143473160343052,1.879662403232341E-6,1.0699727765875926E-5,
2,2,8.088447618637438E-5,1.7575244013889897E-6,0.9814032596073977,2.568523720991759E-5,0.018482332941577532,9.085295910829498E-7,5.171683635909031E-6,
0,0,0.9717863971283085,4.870918293486814E-6,0.0014311244685033286,0.01694123189159904,0.009774054240396568,2.517958443070614E-6,5.980339445583274E-5,
0,0,0.995576553805112,1.311238444145674E-6,9.137859639562688E-4,0.0016755943044263397,0.0018159779431256955,6.778278165187445E-7,1.6098917119129576E-5,
5,5,6.237954416045762E-6,1.6096550954296377E-7,4.699533232051322E-5,0.01257589545659764,8.37039564446651E-5,0.9867229655255524,5.640408091592237E-4,
4,4,0.0028853662014562387,1.3405631038490015E-6,0.03350099054917583,0.013459161799622907,0.9497065450754063,6.929868214622053E-7,4.459028244135085E-4,
0,0,0.7900259797758148,1.0941906753001527E-5,0.007625280401479965,0.1864934265878076,0.01515381234275444,5.562181637582421E-4,1.3434082163186296E-4,
0,0,0.9728222563745781,4.876110366319941E-6,0.003398101414230505,0.01695929011072001,0.006753088206815737,2.520642418214416E-6,5.986714087097968E-5,
6,6,4.6858092959375075E-6,1.1019536460549124E-9,5.755205059600318E-6,2.7509128943449987E-7,8.102896026107687E-5,8.591118362088378E-6,0.9998996627137782,
0,0,0.9604852998939424,1.3302778463121546E-5,0.003908489243826789,0.01699924214804023,0.01842346247486353,6.8766999011878415E-6,1.6332676096258723E-4,
1,1,2.0845260778612083E-8,0.9999481305499104,1.689157612879306E-5,2.9582645826427116E-5,4.0996177583468015E-6,1.2373878862497105E-6,3.737722939214105E-8,
4,4,0.009509869426999893,4.418357735605109E-6,0.11041580983274421,0.044360009224021515,0.8342379594228965,2.2840130945635915E-6,0.0014696497225075837,
2,2,4.4700604156477594E-4,9.71291479724932E-6,0.9579846544601798,0.0020822993939770646,0.03944272504263413,5.020966139641848E-6,2.8581180707484874E-5,
6,6,4.686194633472628E-6,1.1020442652147974E-9,4.5534409111235587E-7,7.487890633586584E-7,3.6272811390135236E-6,8.591824852720945E-6,0.9999818894641761,
2,2,0.00224425630666033,4.876504624741715E-5,0.9025204484131844,0.011966681479109,0.08259592047819839,2.520846225024969E-5,5.987198143501586E-4,
2,2,3.209450050178358E-4,6.832708394849898E-7,0.51518237288036,4.285814396435132E-4,0.4840553842299052,3.532080555499538E-7,1.167996617845744E-5,
2,2,7.945456329574784E-5,1.726454078434235E-6,0.9649217928137094,5.3605253366173134E-5,0.03478239104726274,8.92468188017028E-7,1.6013740009935358E-4,
2,2,1.9227712605747194E-4,4.1779554842673375E-6,0.9835890706715297,1.2972274506707884E-4,0.016070297728032135,2.159740248661303E-6,1.229403358068058E-5,
3,3,3.156649033558499E-4,8.145484661254398E-6,0.020538170657595813,0.9745983249764525,0.0011289039437779654,0.003310782683821455,1.0000735033521247E-4,
1,1,2.0845106130044316E-8,0.9999407120509108,4.0064820326624976E-5,1.0868931487861196E-5,7.058596510379398E-6,1.2373787062127487E-6,3.737695209481894E-8,
3,3,8.027523668250652E-4,2.0714393717023416E-5,0.006086095867853845,0.9769821435715154,0.00743447626904684,0.008419493606120147,2.5432392492172036E-4,
0,0,0.9980937035454708,3.5589018907405926E-7,1.0456409387223905E-4,1.4597711601884543E-4,0.001649131724680747,1.839728470878426E-7,6.083656921116337E-6,
0,0,0.9983044709050262,3.559653423739712E-7,4.3816064355339E-5,0.0010081328147966318,6.36955297176596E-4,1.84011696617774E-7,6.084941606413057E-6,
3,4,0.026432339401122128,1.9144272113905936E-4,0.1334140806041158,0.17608715038905204,0.6614255577081491,9.896384767962064E-5,0.0023504653287422564,
0,0,0.9954430610083588,1.3508096018827253E-6,9.413626176755513E-4,0.0017261611611409172,0.0018707813619510572,6.982836165799608E-7,1.658475765527391E-5,
0,0,0.9960504198749646,3.551616155851721E-7,5.525969485086394E-4,0.0010058565725520484,0.002384516643596208,1.8359622041147365E-7,6.071202542534736E-6,
0,0,0.9841120227573954,3.509047423153382E-7,0.0013032046166590898,1.4393221238776454E-4,0.014434309678417384,1.8139568463053187E-7,5.998434713228391E-6,
6,6,9.684332390475301E-6,8.412221844456265E-9,8.244183126451267E-6,8.381456678435016E-6,1.4248222035603528E-5,6.558387806293254E-5,0.9998938495154843,
2,2,2.733664132775209E-4,5.939930188190605E-6,0.9881262958664276,0.0014576270923558458,0.010060771786837525,3.0705703662908395E-6,7.292834054709316E-5,
3,3,0.011775417605325378,8.528635905819868E-5,0.09009143192062173,0.7525026745203742,0.14445398646615984,4.408768427844389E-5,0.001047115444182117,
2,2,2.255036973906099E-5,4.899929744914399E-7,0.989960815547657,6.072079508867214E-5,0.009949154040317725,2.5329555390320636E-7,6.015958669083277E-6,
6,6,9.683952659731074E-6,8.411891994226759E-9,8.24385986515994E-6,8.38112803453331E-6,5.3458496779423806E-5,6.558130646441422E-5,0.9998546428443047,
2,2,9.24476242485773E-4,1.968149210647725E-6,0.6217062256302447,0.005574014004952029,0.3716097427103601,1.0174093720274004E-6,1.825558533746587E-4,
6,6,3.576840294481465E-5,8.411593291423903E-9,8.243567129108438E-6,1.780562234468254E-5,5.345659849033077E-5,6.557897769936716E-5,0.9998191384197983,
4,4,0.006774370832433607,4.9065047421080936E-5,0.014415801227148044,0.17065002860842712,0.8074829676190074,2.5363543991031075E-5,6.02403121571677E-4,
0,0,0.9383838701483573,1.299667234816463E-5,0.009057221303200289,0.03438009902821388,0.017999525886137423,6.718462289675873E-6,1.595684994531327E-4,
1,1,2.0845075586723566E-8,0.9999392468863918,1.6891426061930516E-5,2.958238301052349E-5,1.298370567005076E-5,1.2373768931418784E-6,3.737689732818777E-8,
5,5,2.1496192321626224E-5,1.6204170971020033E-7,4.730953866599852E-5,0.005958854786089002,8.426359317790011E-5,0.9933201019153926,5.678119326431865E-4,
0,0,0.9639902805724544,1.3351322653739492E-5,0.009304372744491531,0.008030477850208944,0.01849069294680603,6.901794194966466E-6,1.6392276919042928E-4,
3,3,0.0016495337489375549,4.256492155875049E-5,0.029662970950052908,0.9449223741280515,0.0058991833896441526,0.01730077596306315,5.225968986922453E-4,
5,5,6.278978608537657E-6,1.6202410657776425E-7,1.7115261957998851E-4,0.0059582074557803085,8.425443934218134E-5,0.9932121942332469,5.677502493354314E-4,
5,5,6.303125194324249E-6,1.626471902403931E-7,1.7181080806396722E-4,0.0021975340324627076,2.2541697902910115E-5,0.9970317140863217,5.699336028640286E-4,
4,4,2.0196464081149182E-4,1.462778599505397E-6,0.005432527960287484,0.005087597444084795,0.9892713866457445,7.561645470203548E-7,4.304365925185025E-6,
0,0,0.9977103910119393,3.5575351135577647E-7,1.0452393659282127E-4,0.0010075328861653516,0.0011709311890726343,1.8390219330266416E-7,6.081320525305717E-6,
2,4,0.02147486311819799,9.977384895523664E-6,0.2493372196584617,0.03680446738549344,0.6890496018431858,5.157680548869383E-6,0.003318712929216794,
6,6,1.773914922792977E-6,8.411879249459558E-9,8.243847374976415E-6,1.7806227659349233E-5,5.3458415785029584E-5,6.558120710288139E-5,0.9998531279752758,
6,6,1.773842994729559E-6,8.411538167609284E-9,3.475490343430455E-6,6.312116827246571E-5,5.345624817243934E-5,6.55785479397147E-5,0.999812586290739,
0,0,0.978116986616633,3.487670927759579E-7,1.0247125700052465E-4,9.877465839898422E-4,0.020786304591318177,1.8029065424782058E-7,5.961893311373489E-6,
1,1,2.0845713560615014E-8,0.9999698505236821,1.689194303241463E-5,1.0869248210703256E-5,1.0926465564190471E-6,1.2374147636762627E-6,3.73780412666946E-8,
6,6,1.5088888784331023E-5,7.155129529125134E-8,2.9563657786428728E-5,5.564798601459018E-5,6.276630767101288E-5,5.578325812601792E-4,0.9992790290271881,
3,3,2.9753110570522606E-4,7.677556269332603E-6,0.008161530153902969,0.9855629038691758,0.002755504731075809,0.0031205902911438078,9.426229272736871E-5,
3,3,3.5607395736548164E-4,1.5191464384710447E-5,0.010586744911780323,0.9178905014752121,0.06479030804269174,0.006174664776674487,1.8651537189104246E-4,
1,1,1.1798200190340297E-7,0.9999810048816291,8.944847800391497E-7,8.345081357139142E-6,8.362763207021118E-6,1.2374285666596183E-6,3.737845820731678E-8,
1,1,1.1797833251189854E-7,0.9999499041904668,1.689160608993158E-5,2.95826982981292E-5,2.228759436246238E-6,1.2373900810448901E-6,3.7377295689349654E-8,
0,0,0.9995769469010242,2.326103819212215E-7,1.621033176834652E-4,1.3990917365957169E-4,1.1783184515283182E-4,1.2024493941678234E-7,2.855907158852935E-6,
6,6,3.5769976018758946E-5,8.411963228495379E-9,3.4756659706434046E-6,1.7806405425789503E-5,1.4247784004165366E-5,6.558186182537278E-5,0.9998631098947921,
6,6,1.7739040900465496E-6,8.4118278807306E-9,8.243797032365826E-6,6.312334231368361E-5,1.4247554758546285E-5,6.558080661885714E-5,0.9998470221833587,
6,6,2.3239219803917973E-7,1.102000486778823E-9,1.0799874262030077E-6,8.269540811234926E-6,7.00333403160918E-6,4.124821268721537E-5,0.9999421654308452,
4,2,9.277475319402606E-4,1.975113571073406E-6,0.6239061534663836,0.002055205092667812,0.3729246959526896,1.021009508403713E-6,1.832018332393156E-4,
5,5,6.303908924610868E-6,1.6266741378428493E-7,4.7492218613891765E-5,0.0021978072737396967,2.254450073655433E-5,0.9971556849621903,5.700044683810782E-4,
4,4,8.382168600866234E-4,6.070991831801655E-6,0.053478506160292025,0.002201172733002625,0.9434550304597149,3.138320994038871E-6,1.7864474078113728E-5,
1,1,1.179776567596922E-7,0.9999441767120426,5.063381115795441E-6,2.958252885537454E-5,1.9784640254658876E-5,1.2373829935648457E-6,3.737708160097011E-8,
4,4,0.006530872734002951,4.730145253648391E-5,0.050283217427136165,0.16451618112781008,0.7784587863343023,2.445187634188059E-5,1.3918904787002068E-4,
4,2,0.004925511542911898,1.0702556453532539E-4,0.5589654997970664,0.11136548728137594,0.32426621736842415,5.532548640909583E-5,3.149329592771679E-4,
4,4,0.0028853662014562387,1.3405631038490015E-6,0.03350099054917583,0.013459161799622907,0.9497065450754063,6.929868214622053E-7,4.459028244135085E-4,
4,4,0.002808137412354321,6.1017518532158836E-5,0.31867795223306183,0.17280829167100636,0.5054335090613088,3.154221990722094E-5,1.7954988382929324E-4,
3,3,0.003303070647216444,8.523314123905289E-5,0.05939792909206063,0.8903347653745536,0.011189001602782817,0.034643538087334405,0.0010464620548130703,
6,6,4.686193825175052E-6,1.1020440751288583E-9,3.907670136131336E-6,1.294918311665093E-7,9.66736342158332E-7,8.59182337076133E-6,0.9999817169824505,
6,6,1.26869609669438E-6,1.102043237289696E-9,1.0800293227491169E-6,1.098012846296124E-6,7.00360571579741E-6,8.591816838748447E-6,0.9999809567371365,
5,5,6.237954416045762E-6,1.6096550954296377E-7,4.699533232051322E-5,0.01257589545659764,8.37039564446651E-5,0.9867229655255524,5.640408091592237E-4,
6,6,4.686206593771663E-6,1.10204707789758E-9,4.553452532603073E-7,8.57101190532369E-7,9.66738976250483E-7,8.591846781130354E-6,0.9999844416591579,
5,5,2.1496192321626224E-5,1.6204170971020033E-7,4.730953866599852E-5,0.005958854786089002,8.426359317790011E-5,0.9933201019153926,5.678119326431865E-4,
2,2,2.2689135021269372E-5,4.930081806353823E-7,0.996052608876734,5.6944149684038245E-5,0.0038655592524327294,2.5485422586407505E-7,1.4507237214722307E-6,
5,5,6.303908924610868E-6,1.6266741378428493E-7,4.7492218613891765E-5,0.0021978072737396967,2.254450073655433E-5,0.9971556849621903,5.700044683810782E-4,
0,0,0.9823763827678366,7.063242860773013E-6,0.004922287182018926,0.009025917109990123,0.003577978472729208,3.651252376892239E-6,8.671997218778569E-5,
4,4,0.003395707199232983,2.4594244820610096E-5,0.007226034892476198,0.03142828577599496,0.9576107048590247,1.2713677928001249E-5,3.0195935052266935E-4,
3,3,1.1853872172727661E-4,3.0587985212463107E-6,8.987055713561911E-4,0.996108263297048,0.0015906111745452448,0.0012432676014494412,3.755483535242475E-5,
6,6,1.2687029196922058E-6,1.1020491640349812E-9,1.0800351311044352E-6,8.571028129955901E-7,1.8665985602447698E-6,8.591863045202256E-6,0.9999863345954817,
2,4,1.7777797785765993E-5,3.8629060710547554E-7,0.29126094674257735,3.2644754799783305E-5,0.7086869080292234,1.996879514363254E-7,1.1366970551839214E-6,
0,0,0.9728222563745781,4.876110366319941E-6,0.003398101414230505,0.01695929011072001,0.006753088206815737,2.520642418214416E-6,5.986714087097968E-5,
3,3,0.002059348602494464,1.55236966363478E-5,0.010818273486674714,0.9379644601364041,0.042642097044222206,0.006309702632796178,1.905944007719386E-4,
4,4,0.009838528551552546,2.094558119807093E-5,0.10939309046162897,0.05932017872846345,0.8194736199001007,1.0827548286577821E-5,0.0019428092287696222,
0,0,0.9972522206432354,1.3134454052973143E-6,3.859033850101151E-4,0.0016784145172963067,6.653430269767841E-4,6.789686766462323E-7,1.6126013399614607E-5,
3,3,0.0020458741194728037,1.5422123844589036E-5,0.038885618793120365,0.9318272834691222,0.020768036425546834,0.006268417742567126,1.8934732632610904E-4,
3,3,1.8082034716582717E-4,7.714481239584592E-6,0.0022665916770852226,0.9903029382798867,0.0040116208963325755,0.00313559867397121,9.471564431903913E-5,
6,6,3.57685734913049E-5,8.411633398546257E-9,3.475529691073568E-6,1.7805707243256353E-5,5.345685337549485E-5,6.557929038496563E-5,0.9998239056341806,
5,5,2.1496192321626224E-5,1.6204170971020033E-7,4.730953866599852E-5,0.005958854786089002,8.426359317790011E-5,0.9933201019153926,5.678119326431865E-4,
0,0,0.9874246198628209,1.3399286306692115E-6,9.337798025029834E-4,0.004660320761428783,0.006962795820799606,6.926588387280082E-7,1.6451164978423892E-5,
5,5,6.23833742081197E-6,1.609753926798446E-7,4.699821779146537E-5,0.012576667605218481,2.2309999122814328E-5,0.9867835494242984,5.640754407553907E-4,
0,0,0.9954994789540371,1.3111369316025998E-6,9.137152211120181E-4,0.0016754645844354672,0.0018158373550122198,6.777753409177343E-7,9.351497313067211E-5,
5,5,2.1496192321626224E-5,1.6204170971020033E-7,4.730953866599852E-5,0.005958854786089002,8.426359317790011E-5,0.9933201019153926,5.678119326431865E-4,
0,0,0.996831209574984,1.066348730925811E-6,1.312577351151025E-4,0.0011095895316883216,0.0019080971992131842,5.512352350238719E-7,1.822837503359907E-5,
1,1,1.1797811179070837E-7,0.9999480334220955,1.6891574488066044E-5,2.9582642952980325E-5,4.099617360139232E-6,1.2373877660586925E-6,3.7377225761583986E-8,
2,2,7.928831776592588E-5,1.722841758876021E-6,0.9629028535856883,5.349309324122303E-5,0.036956681934056206,8.906008459713123E-7,5.069626643361646E-6,
3,3,7.96105277333623E-4,2.0542870798514193E-5,0.014316074302778665,0.9688923664394399,0.0073729160281498785,0.008349777053687108,2.522180278124343E-4,
3,3,0.0011004812241625864,8.295602141960612E-6,0.002437330805200168,0.9925597172484049,4.2052581746312756E-4,0.003371798863500139,1.0185043912719544E-4,
3,3,0.0010052682778986892,7.577871840318978E-6,0.01910698154256828,0.9727664785636843,0.0039405824034372495,0.003080072937646743,9.303840292462295E-5,
2,2,8.183935879264895E-5,1.7782728757578225E-6,0.9929892269836459,8.096532431412552E-5,0.00684003806711779,9.192552475341562E-7,5.232738006066604E-6,
5,5,1.113827749189902E-6,1.626682580466892E-7,4.7492465103915334E-5,0.002197818680609763,2.254461774508082E-5,0.9971608603137647,5.700074267691888E-4,
1,1,1.1797811179070837E-7,0.9999480334220955,1.6891574488066044E-5,2.9582642952980325E-5,4.099617360139232E-6,1.2373877660586925E-6,3.7377225761583986E-8,
4,4,0.0015160024894478158,1.0980021004919326E-5,0.09672144803025642,0.01797493004847861,0.8837386536685407,5.6759803652214875E-6,3.230976190612248E-5,
4,4,2.2243010851395918E-4,2.789407801036693E-6,0.002736149829354133,0.028005463384371952,0.9687729935552847,1.4419484172376811E-6,2.5873176625698945E-4,
5,5,2.1496192321626224E-5,1.6204170971020033E-7,4.730953866599852E-5,0.005958854786089002,8.426359317790011E-5,0.9933201019153926,5.678119326431865E-4,
5,5,2.1353102577930874E-5,1.6096307651026064E-7,4.699462197467117E-5,0.012575705368888787,8.37026912390694E-5,0.9867080509686974,5.640322835456415E-4,
0,0,0.9933357329462877,3.541936398922169E-7,1.0406563076941912E-4,3.954180251640205E-4,0.006158191452525492,1.830958378507514E-7,6.054655775569205E-6,
0,0,0.7725780327840142,1.070025165063417E-5,0.007456873929226485,0.1636763719542305,0.055602713285803636,5.439339284475446E-4,1.313738666269999E-4,
0,0,0.9825116446610955,1.3332617560520135E-6,9.291337394807685E-4,0.009599250290117428,0.006928152119889024,1.411661618756208E-5,1.6369311473910586E-5,
3,3,9.534143743146397E-5,1.3924078977134077E-5,0.014801817980955647,0.7550560519247141,0.22915409654708427,7.078131641509135E-4,1.709548666864682E-4,
1,1,1.1798054036043101E-7,0.9999686172700764,1.689192219973685E-5,1.0869234805759556E-5,2.2288011452884473E-6,1.2374132375840305E-6,3.737799516870046E-8,
0,0,0.9554362261762903,4.788965770764573E-6,0.0033373714161064583,0.03447971177130271,0.006632398744042799,5.0705715823906535E-5,5.8797210663022725E-5,
6,6,4.782554257451541E-5,1.1019571358413764E-9,5.7552232858086395E-6,7.487298629036728E-7,3.424895214437711E-5,8.591145569374905E-6,0.999902829304606,
6,6,3.577079205266212E-5,8.412155133773233E-9,3.4757452623171445E-6,6.542432101770968E-6,2.699112850864542E-6,6.558335796902841E-5,0.9998859201476081,
2,2,1.868880554332104E-4,4.060857326876491E-6,0.9560214079142031,0.0010691421026264682,0.04270445240149143,2.099207865175311E-6,1.1949461053610836E-5,
5,5,2.1353102577930874E-5,1.6096307651026064E-7,4.699462197467117E-5,0.012575705368888787,8.37026912390694E-5,0.9867080509686974,5.640322835456415E-4,
0,0,0.9977103910119393,3.5575351135577647E-7,1.0452393659282127E-4,0.0010075328861653516,0.0011709311890726343,1.8390219330266416E-7,6.081320525305717E-6,
1,1,1.1797760886748597E-7,0.9999437707916841,1.6891502481785047E-5,2.9582516846553503E-5,8.36245182122887E-6,1.2373824912578569E-6,3.737706642800474E-8,
2,4,1.7776583033757572E-5,3.862642119750729E-7,0.29124104496259834,9.550599070503399E-5,0.7086384836486986,1.9967430681380275E-7,6.6028764453315566E-6,
1,1,2.0845075586723566E-8,0.9999392468863918,1.6891426061930516E-5,2.958238301052349E-5,1.298370567005076E-5,1.2373768931418784E-6,3.737689732818777E-8,
2,2,9.277475319402606E-4,1.975113571073406E-6,0.6239061534663836,0.002055205092667812,0.3729246959526896,1.021009508403713E-6,1.832018332393156E-4,
6,6,3.5770483645799345E-5,8.41208260626615E-9,8.244046669619918E-6,5.715628359459773E-6,7.379256558105071E-6,6.558279252564523E-5,0.9998772993801588,
2,2,0.0019155693334617116,1.387398217627591E-5,0.9730518926176637,0.0013420598760972044,0.023499092418236393,7.171976299926353E-6,1.7033979606483564E-4,
1,1,1.1797794037906545E-7,0.9999465805870513,4.0065055462411665E-5,1.086899527636033E-5,1.0926211298363212E-6,1.2373859682449566E-6,3.737717145581846E-8,
3,3,0.01582475520039308,7.480117497409286E-5,0.05212801995238723,0.5385553116721773,0.3886963055938239,0.0038024243059497673,9.183821002945242E-4,
2,2,3.255500789810886E-5,6.930747395412869E-8,0.9868693850000918,5.459171315793986E-6,0.013086067064764123,3.582760553467839E-8,6.42862085074023E-6,
0,0,0.9954430610083588,1.3508096018827253E-6,9.413626176755513E-4,0.0017261611611409172,0.0018707813619510572,6.982836165799608E-7,1.658475765527391E-5,
5,5,2.1496192321626224E-5,1.6204170971020033E-7,4.730953866599852E-5,0.005958854786089002,8.426359317790011E-5,0.9933201019153926,5.678119326431865E-4,
3,0,0.9361996684590703,2.157114900732014E-5,0.008912795564589161,0.022445866376406415,0.03204020605770175,1.1150927504233466E-5,3.687414657207821E-4,
1,1,1.179826435893449E-7,0.999986443624343,8.944896450041388E-7,1.0869428570670663E-5,3.9966083962939487E-7,1.2374352968430575E-6,3.737866150299551E-8,
0,0,0.9933357329462877,3.541936398922169E-7,1.0406563076941912E-4,3.954180251640205E-4,0.006158191452525492,1.830958378507514E-7,6.054655775569205E-6,
0,0,0.9977709895820297,3.5577511898288655E-7,4.379264960296431E-5,0.0010075940813305706,0.0011710023086644197,1.8391336308705287E-7,6.081689890335293E-6,
4,4,0.015207307207280881,1.1014266383231621E-4,0.1170857810172441,0.3830802113098017,0.48310732869793716,5.6936830722393495E-5,0.0013522922731814082,
2,2,4.973668530528536E-4,1.058861368471975E-6,0.7983755208577449,0.001101798554161187,0.19992549272944324,5.473647394887332E-7,9.821477948983596E-5,
5,5,6.303908924610868E-6,1.6266741378428493E-7,4.7492218613891765E-5,0.0021978072737396967,2.254450073655433E-5,0.9971556849621903,5.700044683810782E-4,
0,0,0.9997648914370072,6.298663844262914E-8,4.389461457802449E-5,1.0311277359923335E-4,8.723230060416087E-5,3.256013107001289E-8,7.733274420283956E-7,
4,4,6.372826652204082E-4,1.3567329444188772E-6,0.033905078707769654,0.0038424162112596174,0.9611618830434194,7.013456121732858E-7,4.512812937744229E-4,
4,2,9.278861941890285E-4,1.9754087738951937E-6,0.6239994032216044,0.002055512266063609,0.3729804337209739,1.0211621096983259E-6,3.376802628532308E-5,
5,5,2.1353102577930874E-5,1.6096307651026064E-7,4.699462197467117E-5,0.012575705368888787,8.37026912390694E-5,0.9867080509686974,5.640322835456415E-4,
0,0,0.8746103677480667,6.717172284349181E-6,0.010451267096593104,0.05926727515402082,0.05564113455152429,3.472355652024187E-6,1.976592185866416E-5,
6,6,1.773842994729559E-6,8.411538167609284E-9,3.475490343430455E-6,6.312116827246571E-5,5.345624817243934E-5,6.55785479397147E-5,0.999812586290739,
2,2,7.929429572440168E-5,1.7229716528728335E-6,0.9629754518377025,1.3571404191580993E-4,0.036647111797601516,8.906679929990931E-7,1.5981438740969773E-4,
1,1,1.1796698698402762E-7,0.9998537428084099,8.943709438892446E-7,1.4357060106861552E-4,3.9960780359090235E-7,1.2372710859433953E-6,3.7373701256872616E-8,
0,0,0.9780915905539501,7.511927557570992E-6,0.005234970035398117,0.0045182315960697736,0.01205158393029268,3.883194148958037E-6,9.222876258256284E-5,
2,4,2.782966892879718E-5,6.04705927899395E-7,0.4559448710921813,1.495169289278231E-4,0.5438665280469768,3.1259493692701036E-7,1.0336962120469385E-5,
3,3,1.0887364802232149E-4,1.590038197904503E-5,0.011080780874649476,0.960724339589152,0.02141207757430735,0.006462808723067698,1.952192088220292E-4,
0,0,0.8853950913208258,1.2262774613496736E-5,0.008545776987398685,0.08828982173374589,0.016983126386399445,6.23362831732166E-4,1.5055796528439604E-4,
3,3,8.027523668250652E-4,2.0714393717023416E-5,0.006086095867853845,0.9769821435715154,0.00743447626904684,0.008419493606120147,2.5432392492172036E-4,
4,4,1.039014972118036E-4,4.4603156813540385E-6,0.11146434886828982,0.04478126412727317,0.8421601135665265,2.305702713930372E-6,0.0014836059223032672,
3,3,7.96105277333623E-4,2.0542870798514193E-5,0.014316074302778665,0.9688923664394399,0.0073729160281498785,0.008349777053687108,2.522180278124343E-4,
5,5,6.279756345184972E-6,1.620441754605059E-7,4.731025856403986E-5,0.005958945460570503,8.426487539703369E-5,0.993335217032045,5.678205729028389E-4,
3,3,2.9611795444232973E-4,7.641091011986644E-6,0.005324982460085715,0.9808818825051545,0.01028979264250527,0.0031057687614739595,9.38145853265057E-5,
5,5,2.1353102577930874E-5,1.6096307651026064E-7,4.699462197467117E-5,0.012575705368888787,8.37026912390694E-5,0.9867080509686974,5.640322835456415E-4,
5,5,6.279756345184972E-6,1.620441754605059E-7,4.731025856403986E-5,0.005958945460570503,8.426487539703369E-5,0.993335217032045,5.678205729028389E-4,
1,1,2.0845075586723566E-8,0.9999392468863918,1.6891426061930516E-5,2.958238301052349E-5,1.298370567005076E-5,1.2373768931418784E-6,3.737689732818777E-8,
1,1,2.0845075586723566E-8,0.9999392468863918,1.6891426061930516E-5,2.958238301052349E-5,1.298370567005076E-5,1.2373768931418784E-6,3.737689732818777E-8,
2,2,2.2592960748266787E-5,4.909184269575772E-7,0.9918305600660936,6.083547879330893E-5,0.00807923948093936,2.537739546297981E-7,6.027321043803571E-6,
2,2,3.5458191748324164E-4,1.5221602472687162E-5,0.6687995676665808,0.0020005879135672516,0.32375910922568546,7.868611246141584E-6,0.005063063062964441,
3,3,0.04618742684741696,7.152817759236305E-6,0.00210156933399522,0.9182025626824533,0.0305061615034678,0.002907307074121142,8.781974078651264E-5,
2,2,8.179590179204383E-5,1.777328606318543E-6,0.9924619460509178,2.5974664600494574E-5,0.006836405981739698,9.187671196157826E-7,5.911813052238311E-4,
2,2,8.179590179204383E-5,1.777328606318543E-6,0.9924619460509178,2.5974664600494574E-5,0.006836405981739698,9.187671196157826E-7,5.911813052238311E-4,
5,5,6.2793666677226045E-6,1.6203412013994693E-7,1.7116319731088977E-4,0.005958575690372778,2.245673092022115E-5,0.993273577642652,5.677853379561685E-4,
6,6,1.26869609669438E-6,1.102043237289696E-9,1.0800293227491169E-6,1.098012846296124E-6,7.00360571579741E-6,8.591816838748447E-6,0.9999809567371365,
5,5,6.303215309411103E-6,1.6264951558936256E-7,1.718132644241717E-4,0.0021975654503647952,8.245130291052368E-6,0.997045968538953,5.699417511419918E-4,
1,1,2.0845199097019266E-8,0.9999451716810297,1.689152614624151E-5,2.9582558290716543E-5,7.0586279909754115E-6,1.2373842247912806E-6,3.737711879208339E-8,
0,0,0.9850500772523834,3.5123922432879697E-7,1.0319759395414548E-4,3.9211974694548237E-4,0.014448068446487227,1.8156859079711068E-7,6.004152414583018E-6,
1,1,2.0844777731291593E-8,0.9999249587474456,4.0064189135930084E-5,2.958196030764421E-5,4.099522757886302E-6,1.2373592122547336E-6,3.737636324943855E-8,
3,3,0.0010160551771353703,7.659185198919001E-6,0.0022503451477780736,0.9832046215109792,0.010314158983813923,0.003113123255806063,9.403673928871021E-5,
0,0,0.9971049628961437,3.5553763390275195E-7,1.0446050963991289E-4,3.9691844583120064E-4,0.002387041189879423,1.837905982352128E-7,6.077630273645162E-6,
2,0,0.39721062658085726,1.1500824046435595E-4,0.0335776931068409,0.3728296916523088,0.19479549830703966,5.945202786241399E-5,0.0014120300846265392,
2,2,4.973668530528536E-4,1.058861368471975E-6,0.7983755208577449,0.001101798554161187,0.19992549272944324,5.473647394887332E-7,9.821477948983596E-5,
5,5,5.252988813859463E-5,7.6716937651333E-6,0.1530406039924836,0.08901442356858114,0.012634660324349112,0.7447486100110978,5.015005215845716E-4,
3,3,8.576982736091003E-4,6.465465724889436E-6,0.0045057036393511465,0.9910267576182978,8.960657417854531E-4,0.0026279285831358537,7.93806780958019E-5,
2,2,7.546772668755124E-5,1.6398248146542366E-6,0.9869850834362638,7.466174047121461E-5,0.012857474244111013,8.476863064478975E-7,4.825341345475778E-6,
6,6,4.5655230888173317E-4,2.1649645335461813E-6,0.0021217181865679276,0.06771735339381056,0.028065061436725575,1.119150516952887E-6,0.9016360305589637,
4,4,0.002165563528529308,1.3468146752927212E-6,0.03985964502134968,0.003814326587406406,0.9541353991144742,6.962184907595987E-7,2.3022715074341575E-5,
5,5,1.1093576663494372E-6,1.6201542767007876E-7,4.730186538733735E-5,0.005957888301220095,2.668263304798415E-4,0.9931589922923282,5.67719837490513E-4,
4,2,7.490458391747818E-4,1.627588385532921E-5,0.7294916475116335,0.021696241822803063,0.2479904819892871,8.413608420975202E-6,4.789334482527735E-5,
4,4,0.028683481241042422,1.783892874302098E-5,0.22118386600750903,0.05052179891087425,0.6979291419008087,9.221604333599003E-6,0.0016546514066889096,
6,6,4.6861996783138E-6,1.1020454516013471E-9,4.553445813051024E-7,2.3328047895391075E-6,9.66737549629074E-7,8.59183410210027E-6,0.9999829659772538,
2,4,9.693801644325512E-5,4.1613852202708005E-6,0.248227114738029,0.006051003449263384,0.7442344566178218,2.151174464219843E-6,0.0013841746187581096,
6,6,1.7738345370461085E-6,8.411498061395057E-9,8.24347380135134E-6,6.312086731073368E-5,5.345599329304651E-5,6.557823526119621E-5,0.9998078191842986,
1,1,1.1797572594696747E-7,0.9999278117070642,2.1215149637467503E-6,6.758146241208484E-5,1.0926006214659187E-6,1.2373627426555234E-6,3.737646989069595E-8,
1,1,2.0845260778612083E-8,0.9999481305499104,1.689157612879306E-5,2.9582645826427116E-5,4.0996177583468015E-6,1.2373878862497105E-6,3.737722939214105E-8,
4,4,8.790855597058072E-5,1.1024263461473773E-6,0.00393380820293446,0.004363007952245633,0.9915113473245788,5.69885093300999E-7,1.0225565283102111E-4,
1,1,2.0845589192585423E-8,0.9999638845835095,1.6891842253054625E-5,1.0869183363463599E-5,7.0587600856351765E-6,1.237407381111231E-6,3.737781826481324E-8,
3,3,8.065554282156884E-4,2.081252872631271E-5,0.0061149289142218176,0.9816106233158234,0.0027321698331350154,0.008459381188375028,2.555287915026897E-4,
5,5,6.238123980460131E-6,1.609698850193682E-7,1.9813914450891466E-5,0.01257623730333233,8.370623174381099E-5,0.9867497873152987,5.64056141308692E-4,
0,0,0.9949603138663629,1.3501545172272264E-6,9.409060972264509E-4,0.0022102811088361017,0.0018698741133186076,6.979449790090019E-7,1.657671475993171E-5,
1,1,1.1797760886748597E-7,0.9999437707916841,1.6891502481785047E-5,2.9582516846553503E-5,8.36245182122887E-6,1.2373824912578569E-6,3.737706642800474E-8,
3,3,2.983698638227204E-4,7.699199763138584E-6,0.005365477734932745,0.9883412650894644,0.002763272664971342,0.0031293874232348044,9.452802381122061E-5,
5,5,2.1353102577930874E-5,1.6096307651026064E-7,4.699462197467117E-5,0.012575705368888787,8.37026912390694E-5,0.9867080509686974,5.640322835456415E-4,
2,2,8.176235670021158E-5,1.7765997109826087E-6,0.9920549302177191,5.516224197741987E-5,0.007214511336077525,9.183903265647301E-7,5.909388574882024E-4,
5,5,6.2793666677226045E-6,1.6203412013994693E-7,1.7116319731088977E-4,0.005958575690372778,2.245673092022115E-5,0.993273577642652,5.677853379561685E-4,
4,4,0.013958026476362063,1.0109444078386609E-4,0.0450230531937749,0.2969594580081774,0.642466265707055,2.50900750375144E-4,0.0012412014234715332,
5,5,6.23833742081197E-6,1.609753926798446E-7,4.699821779146537E-5,0.012576667605218481,2.2309999122814328E-5,0.9867835494242984,5.640754407553907E-4,
6,6,2.3240191370959637E-7,1.1020465583492925E-9,3.9076789412295565E-6,1.4301530142730086E-6,1.866594146858038E-6,8.591842730596227E-6,0.9999839702272069,
0,0,0.9983044709050262,3.559653423739712E-7,4.3816064355339E-5,0.0010081328147966318,6.36955297176596E-4,1.84011696617774E-7,6.084941606413057E-6,
6,6,1.774010608811814E-6,8.412332991195421E-9,8.244292052973708E-6,3.0794864808469673E-6,1.4248410290674224E-5,6.558474459193317E-5,0.9999070606436418,
2,2,9.285054855151928E-4,1.9767272044602405E-6,0.6244158739271354,0.001239901576523635,0.3732293689340197,1.0218436553890636E-6,1.8335150594622917E-4,
0,0,0.9986995264081109,3.5610620728193405E-7,2.4816604130604726E-4,4.550579914404826E-4,5.713106006767931E-4,1.8408451491669996E-7,2.539876774345118E-5,
5,5,6.278978608537657E-6,1.6202410657776425E-7,1.7115261957998851E-4,0.0059582074557803085,8.425443934218134E-5,0.9932121942332469,5.677502493354314E-4,
6,6,2.3239978745609186E-7,1.1020364756855145E-9,1.0800226962116676E-6,8.269810876208769E-6,7.00356274506079E-6,8.591764123516687E-6,0.999974821337735,
1,1,1.179776567596922E-7,0.9999441767120426,5.063381115795441E-6,2.958252885537454E-5,1.9784640254658876E-5,1.2373829935648457E-6,3.737708160097011E-8,
6,6,1.5394528241698179E-4,7.152415021554762E-8,7.009541631731608E-5,1.971993023936043E-4,1.2114421041458532E-4,5.576209511619864E-4,0.9988999233131454,
2,2,7.686942986603232E-6,1.6702821737896077E-7,0.9963881165181514,3.5808278265117396E-5,0.0035526421722810874,8.63430845766304E-8,1.5492717013680688E-5,
0,0,0.9933357329462877,3.541936398922169E-7,1.0406563076941912E-4,3.954180251640205E-4,0.006158191452525492,1.830958378507514E-7,6.054655775569205E-6,
4,4,0.0015474803603274417,3.3624925599800915E-5,0.1892891890042711,0.29668104869070877,0.5123323304877361,1.7381971983568615E-5,9.894455937323871E-5,
6,6,3.6495198740620565E-4,8.408925965349289E-9,8.240953084326474E-6,2.6892481466971475E-6,5.6456618731466374E-5,6.555818252880863E-5,0.9995020946011766,
1,1,1.1796983804757689E-7,0.9998779075907206,1.6890389890802372E-5,2.9580568337738326E-5,7.42288056198638E-5,1.2373009887033423E-6,3.737460451633582E-8,
5,5,1.1151137956134211E-6,1.6285607787038562E-7,8.979194206315631E-4,4.5333945167163296E-4,2.6821081349723535E-4,0.9983122009577848,6.705138654110108E-5,
6,6,1.7738345370461085E-6,8.411498061395057E-9,8.24347380135134E-6,6.312086731073368E-5,5.345599329304651E-5,6.557823526119621E-5,0.9998078191842986,
0,0,0.9975380853788213,1.353652535995835E-6,9.433438235352556E-4,8.141872523879918E-4,6.857104773002708E-4,6.997532347344616E-7,1.6619662184550307E-5,
4,4,0.020071202561760332,1.4537062257885248E-4,0.15453442189777505,0.1857649829529976,0.6376240659309337,7.514747003379263E-5,0.0017848085639206662,
3,3,0.006112648012442065,1.577320763115215E-4,0.10992154633862641,0.7755231261855697,0.04223719009284824,0.06411117921802935,0.0019365780761727656,
2,4,1.0863082660976692E-4,4.663337799822886E-6,0.1165379198569065,0.001302159684348646,0.880493079787054,2.4106523818425335E-6,0.001551135854899313,
2,2,8.249714150545272E-4,1.7563099674478577E-6,0.9816083634633013,5.4532258906047615E-5,0.01734656196525106,9.079018051067962E-7,1.6290668571431328E-4,
5,5,6.288366735627323E-6,1.6226635981654313E-7,4.737512729075046E-5,0.004657872993757159,2.2488917622144274E-5,0.9946972131969664,5.685991312680284E-4,
0,0,0.9949467850453367,1.3501361587072264E-6,9.408933033993844E-4,0.0022102510548760324,0.0018698486879907112,1.429528287817755E-5,1.6576489360582518E-5,
6,6,3.576840294481465E-5,8.411593291423903E-9,8.243567129108438E-6,1.780562234468254E-5,5.345659849033077E-5,6.557897769936716E-5,0.9998191384197983,
3,3,1.8082034716582717E-4,7.714481239584592E-6,0.0022665916770852226,0.9903029382798867,0.0040116208963325755,0.00313559867397121,9.471564431903913E-5,
6,6,1.7739633620006066E-6,8.412108947490907E-9,8.244072484664332E-6,2.9712171469765127E-5,1.4248030816082774E-5,6.558299788871144E-5,0.9998804303518699,
6,6,1.2687026140415226E-6,1.1020488985338364E-9,1.0800348709068188E-6,1.0980184868359701E-6,1.866598110551534E-6,8.591860975286006E-6,0.9999860936828934,
6,6,2.371992073067857E-6,1.1020455754185482E-9,1.0800316141725704E-6,1.2494262356181526E-6,3.627285451433182E-6,8.5918350674115E-6,0.9999830783275128,
0,0,0.8720823478036682,2.4739543151720816E-5,0.007268724994086667,0.08604503548867781,0.03426262011086987,1.2788788027892167E-5,3.037432715177736E-4,
0,0,0.9996489750833077,6.297933554419513E-8,4.3889525277817505E-5,2.190444313672255E-4,8.722218657605525E-5,3.255635593077572E-8,7.732377796507072E-7,
3,3,0.001012928018221913,7.635612178670094E-6,0.005321164328451546,0.9801785682364131,0.010282414630823189,0.003103541855743193,9.374731816860115E-5,
0,0,0.9933357329462877,3.541936398922169E-7,1.0406563076941912E-4,3.954180251640205E-4,0.006158191452525492,1.830958378507514E-7,6.054655775569205E-6,
