0,0,0.978279144135168,0.001788256636643377,0.013631469454485623,0.004073912324022152,8.582498169701692E-4,0.0013689676327105968,
0,0,0.9821935595465757,0.001457807492463677,0.011112531555503952,0.0013991457593218453,6.996551769734639E-4,0.0031373004691611873,
0,0,0.9821935595465757,0.001457807492463677,0.011112531555503952,0.0013991457593218453,6.996551769734639E-4,0.0031373004691611873,
0,0,0.9786046068803875,0.0014524806380610878,0.011071926168341134,0.005048050970978236,6.970986245623792E-4,0.003125836717669447,
0,0,0.9926019929107643,5.610927175398124E-4,0.004277080863871323,0.0012782519522450268,7.407202151510463E-5,0.0012075095340645175,
0,0,0.9933368013294347,5.615080860918077E-4,0.004280247122904198,5.389131703202935E-4,7.412685592545839E-5,0.0012084034353236248,
0,0,0.9933368013294347,5.615080860918077E-4,0.004280247122904198,5.389131703202935E-4,7.412685592545839E-5,0.0012084034353236248,
0,0,0.9943013968869119,5.620533474821103E-4,0.0042844035251980985,5.394364905569556E-4,7.419883799218516E-5,2.3851091185867816E-4,
0,0,0.9943013968869119,5.620533474821103E-4,0.0042844035251980985,5.394364905569556E-4,7.419883799218516E-5,2.3851091185867816E-4,
0,0,0.9822796312230322,3.8941282137052233E-4,0.011113505369892543,0.00238015869911929,6.997164892203616E-4,0.003137575397364802,
5,5,8.845172406293723E-4,7.898115241075004E-4,3.0092415053153737E-4,0.0064514009037997914,0.005181700839911274,0.9863916453410206,
5,5,8.642815189341144E-4,7.717424515564954E-4,2.9403969754201146E-4,0.006303807677532165,0.027940857263848578,0.9638252713905866,
5,5,8.670517005475758E-4,7.742160283978306E-4,2.9498214898394806E-4,0.003118828176023133,0.0280304128627605,0.966914509083287,
5,5,0.002114265743240369,0.001887890221166031,7.193004201137215E-4,0.00760511924197158,0.012385844022383258,0.975287580351125,
5,5,8.874188770024598E-4,7.924024807796433E-4,3.019113245747493E-4,0.003192089924720945,0.005198699278088513,0.9896274781148336,
5,5,8.670517005475758E-4,7.742160283978306E-4,2.9498214898394806E-4,0.003118828176023133,0.0280304128627605,0.966914509083287,
5,5,8.874188770024598E-4,7.924024807796433E-4,3.019113245747493E-4,0.003192089924720945,0.005198699278088513,0.9896274781148336,
5,5,8.874188770024598E-4,7.924024807796433E-4,3.019113245747493E-4,0.003192089924720945,0.005198699278088513,0.9896274781148336,
5,5,0.0020741790337488416,5.069513179227826E-4,7.056624055592973E-4,0.007460925350226402,0.03245626062249648,0.9567960212700461,
5,5,0.007920733929418446,0.0019359112396276398,0.0026947356363575003,0.028491274670531808,0.0544364268394431,0.9045209176846214,
5,5,0.001808899334461181,4.4211415055012056E-4,6.154108372522747E-4,0.0065067010517874686,0.15620146682382507,0.8344254078021238,
5,5,0.00172369630377115,0.001775486063306181,0.0024714281671134428,0.08826180327615028,0.04992538666607875,0.8558421995235803,
5,2,0.014513207176863482,9.233760002938386E-4,0.767709098914442,0.14866834867624265,0.01707019009659871,0.051115779135559106,
5,3,0.0076597818600417505,0.0019168107596992743,0.3527795041227323,0.574371639828435,0.0034442217145193308,0.0598280417145724,
5,3,4.3830175737372465E-4,0.0045292869833392976,0.02501684160245217,0.7131338772380876,0.012379015181519008,0.24450267723722816,
5,3,0.004310758236588082,0.14572721676013065,0.09458217664031252,0.553790308307772,0.020231258084423453,0.1813582819707733,
5,2,0.021721422346244558,0.01778203551681502,0.7446497898411207,0.13080925874761826,0.008534249735155356,0.07650324381304588,
2,2,0.00125300365959588,0.0010766102249230715,0.9766150764793013,0.015906729488015407,5.167046550000907E-4,0.004631875493164029,
2,2,0.00125300365959588,0.0010766102249230715,0.9766150764793013,0.015906729488015407,5.167046550000907E-4,0.004631875493164029,
2,2,0.07922386502238497,0.004733729730251328,0.8655866460433946,0.029465024304730834,6.2491798496919E-4,0.02036581691426886,
2,2,0.08054070350784198,0.004812412555013606,0.879974202213313,0.029954784277542456,6.353052092308334E-4,0.0040825922370580255,
2,2,0.2115146358685626,0.004053620058417099,0.741225120706922,0.02523169262919935,5.351340746279171E-4,0.017439796662271086,
0,0,0.7599883327108177,0.001254054717854515,0.22931030689091617,0.0038864621951150654,1.6555261748776287E-4,0.005395290867808838,
0,0,0.9565856130869265,0.0015784593650859048,0.029944749345183725,0.004891830126381599,2.0837853067138694E-4,0.006790969545750955,
0,0,0.9511918417310866,0.0023909955777416825,0.018226009911515715,0.017588782729483762,3.1564458126198246E-4,0.010286725468910183,
0,0,0.9012626656143975,0.008083593474491625,0.06161937569366152,0.007758312114861418,0.003879612398903822,0.017396440703684166,
0,3,0.17242185752140293,0.20651269528401364,0.05385684918348581,0.49280775167513724,0.028670084620348254,0.045730761715612245,
0,0,0.5807989491064358,0.04423133765996116,0.09064251198524774,0.19748555573961843,0.021228237979456138,0.06561340752928074,
0,1,0.10404394390607997,0.327201170360101,0.19396128529579243,0.2569120146913087,0.0454252230314446,0.07245636271527342,
0,5,0.05046803293096489,0.15871370135382626,0.04139125619086106,0.22636700235027357,0.1158624448259697,0.4071975623481045,
0,5,0.05172078173106342,0.16265339124033676,0.01759607568098143,0.23198602441448035,0.11873845425813365,0.4173052726750043,
0,1,0.1300310755878839,0.4089264450984745,0.04423824564023617,0.2694792783594481,0.05677111408743025,0.09055384122652706,
0,0,0.6584348847171763,0.05014378169559313,0.04520775340297494,0.1142349291688898,0.0240658362902625,0.1079128147251034,
0,0,0.6664152871523945,0.05075153740058807,0.10400424406035463,0.11561948628772775,0.02435752049927714,0.03885192459965797,
0,0,0.5114233511079924,0.0389479680788834,0.07981539447284115,0.32130481593542926,0.018692555525925823,0.029815914878927954,
0,1,0.10852483029834359,0.34129282448965603,0.20231466417858862,0.22490925973394177,0.04738156240215205,0.07557685889731802,
0,0,0.7888066310540771,0.01683574647055181,0.03450120281166567,0.1388880264536585,0.008080090984048625,0.012888302225998325,
0,0,0.5114233511079924,0.0389479680788834,0.07981539447284115,0.32130481593542926,0.018692555525925823,0.029815914878927954,
0,1,0.10404394390607997,0.327201170360101,0.19396128529579243,0.2569120146913087,0.0454252230314446,0.07245636271527342,
0,3,0.06536060520338298,0.20554840306031186,0.12184685159957867,0.4905066307582527,0.02853621227117257,0.08820129710730126,
0,3,0.0735153343236475,0.23119369111791155,0.060293454296292084,0.551704789696355,0.03209653856352669,0.051196192002267236,
0,1,0.2680344398555177,0.32102956898392554,0.08372192836100739,0.21155593534920453,0.04456842178997775,0.07108970566036706,
0,0,0.9124874070486891,0.00741728722991468,0.05654027628803469,0.016897674102012934,9.79184797990124E-4,0.0056781705333583034,
0,0,0.9933368013294347,5.615080860918077E-4,0.004280247122904198,5.389131703202935E-4,7.412685592545839E-5,0.0012084034353236248,
0,0,0.9931427795378784,5.613984104966912E-4,0.004279411091042724,5.388079080379953E-4,2.69435646530312E-4,0.0012081674060139985,
0,0,0.9826919852129163,0.0014585472740105692,0.011118170740256752,0.0013998557722827525,1.9254847137388154E-4,0.0031388925291595997,
0,0,0.9293437626042572,0.001552701588663557,0.044312761410170064,0.009490381391108613,0.0027899720933759267,0.012510420912424531,
0,0,0.99240825803541,5.609832041311434E-4,0.00427624606831987,0.0012780024645506543,2.6923637379734145E-4,0.001207273853791112,
0,0,0.9933368013294347,5.615080860918077E-4,0.004280247122904198,5.389131703202935E-4,7.412685592545839E-5,0.0012084034353236248,
0,0,0.9909499734853082,5.601588728815521E-4,0.004269962380610328,0.0017359978410168362,7.39487410670502E-5,0.002409958679116057,
0,0,0.9933368013294347,5.615080860918077E-4,0.004280247122904198,5.389131703202935E-4,7.412685592545839E-5,0.0012084034353236248,
0,0,0.9933368013294347,5.615080860918077E-4,0.004280247122904198,5.389131703202935E-4,7.412685592545839E-5,0.0012084034353236248,
0,0,0.9826919852129163,0.0014585472740105692,0.011118170740256752,0.0013998557722827525,1.9254847137388154E-4,0.0031388925291595997,
5,5,8.670517005475758E-4,7.742160283978306E-4,2.9498214898394806E-4,0.003118828176023133,0.0280304128627605,0.966914509083287,
5,5,0.0020022118942149996,0.0017878340354687725,6.811782583481062E-4,0.007202055962871323,0.06472835010661127,0.9235983697424854,
5,5,8.670517005475758E-4,7.742160283978306E-4,2.9498214898394806E-4,0.003118828176023133,0.0280304128627605,0.966914509083287,
5,5,8.670517005475758E-4,7.742160283978306E-4,2.9498214898394806E-4,0.003118828176023133,0.0280304128627605,0.966914509083287,
5,5,8.670517005475758E-4,7.742160283978306E-4,2.9498214898394806E-4,0.003118828176023133,0.0280304128627605,0.966914509083287,
5,5,8.874188770024598E-4,7.924024807796433E-4,3.019113245747493E-4,0.003192089924720945,0.005198699278088513,0.9896274781148336,
5,5,0.002112631365639291,5.163494749824628E-4,7.187443838165639E-4,0.007599240304291995,0.01451937456795495,0.9745336599033149,
5,2,0.06536972265492079,0.003859880618729653,0.7057988751539299,0.20651274766536823,0.0018524979953490153,0.016606275911702575,
5,3,0.0029407236433811853,0.0303886103477508,0.0738426820459797,0.7354419643251613,0.015795051575092412,0.14159096806263458,
5,3,0.0026042550910438745,0.08803807249733474,0.05713985835413063,0.6783853800044017,0.06426859326131686,0.10956384079177212,
5,2,0.00799252689352701,0.018031583766284373,0.7551000024361216,0.13264500030285156,0.00865401707449783,0.0775768695267174,
2,2,0.002765783621246065,0.002376426360573146,0.9483819237379566,0.03511128762364029,0.0011405339967496683,0.010224044659834309,
2,2,0.017889645069041275,0.0010689297309975573,0.9696479439100368,0.006653535858334731,1.4111355139263197E-4,0.00459883188019674,
2,2,0.08054070350784198,0.004812412555013606,0.879974202213313,0.029954784277542456,6.353052092308334E-4,0.0040825922370580255,
0,0,0.9565856130869265,0.0015784593650859048,0.029944749345183725,0.004891830126381599,2.0837853067138694E-4,0.006790969545750955,
0,0,0.9511918417310866,0.0023909955777416825,0.018226009911515715,0.017588782729483762,3.1564458126198246E-4,0.010286725468910183,
0,0,0.9767558644750451,0.001970098517085155,0.015017608327394292,0.004488174943030598,2.600803310801354E-4,0.0015081734063646993,
0,1,0.042892969257133505,0.4928120299412203,0.07996213075867802,0.3077237507524686,0.018726920778253272,0.05788219851224633,
0,3,0.03158478165388696,0.09692706908104506,0.025904195452926458,0.42565013372631844,0.1650943633082473,0.25483945677757586,
0,4,0.08459749820122993,0.07106038793592104,0.028781157804436113,0.17523818760256,0.5814089404678808,0.05891382798797203,
0,1,0.12240775609321068,0.3849523533153169,0.10039247614689327,0.253559665266302,0.05344279938419209,0.08524494979408509,
0,3,0.2206542512208552,0.19447685103969659,0.050717997853447105,0.4640862373227306,0.026999152610636533,0.0430655099526341,
0,3,0.08102528242830422,0.06805979047131151,0.15104932907421337,0.6080641108887149,0.03537535571329325,0.056426131424162695,
0,0,0.5114233511079924,0.0389479680788834,0.07981539447284115,0.32130481593542926,0.018692555525925823,0.029815914878927954,
0,1,0.09591029503494013,0.3016221762349124,0.07866063649761465,0.23682788446877,0.22018693064437161,0.06679207711939124,
0,1,0.3123752136945149,0.37413729469865115,0.09757199588524508,0.08112411481813557,0.051941348612425255,0.08285003229102832,
0,0,0.9935651612093136,5.616371721368624E-4,0.004281231116165632,0.001279492300105251,7.414389707393118E-5,2.3833430520464325E-4,
0,0,0.9933368013294347,5.615080860918077E-4,0.004280247122904198,5.389131703202935E-4,7.412685592545839E-5,0.0012084034353236248,
0,0,0.9933368013294347,5.615080860918077E-4,0.004280247122904198,5.389131703202935E-4,7.412685592545839E-5,0.0012084034353236248,
0,0,0.7604090867664941,0.014829677646984509,0.11304322529689088,0.04595890491872025,0.001957723148762062,0.06380138222214836,
0,2,0.25689391443388687,0.012927068181777704,0.6282965193206885,0.04006249573232923,0.006204173200663579,0.05561582913065412,
0,0,0.7966240991958251,9.218889735168851E-4,0.16775335815176015,0.018194891394490043,0.001656496346807308,0.014849265937600597,
0,0,0.9500809652731953,0.007722871961486548,0.006962651786359316,0.017593841183668732,0.0010195262212595727,0.016620143574030365,
0,0,0.9764655481873454,0.0017849414530280204,0.013606198571513486,0.004066359846871918,2.3563703034964513E-4,0.003841314910891486,
0,0,0.9943013968869119,5.620533474821103E-4,0.0042844035251980985,5.394364905569556E-4,7.419883799218516E-5,2.3851091185867816E-4,
0,0,0.9565856130869265,0.0015784593650859048,0.029944749345183725,0.004891830126381599,2.0837853067138694E-4,0.006790969545750955,
0,0,0.9928709305073138,5.612447411383689E-4,0.004278239704832746,0.0017393630737047795,7.409209073880165E-5,4.761298822716303E-4,
0,0,0.9909499734853082,5.601588728815521E-4,0.004269962380610328,0.0017359978410168362,7.39487410670502E-5,0.002409958679116057,
0,0,0.9909499734853082,5.601588728815521E-4,0.004269962380610328,0.0017359978410168362,7.39487410670502E-5,0.002409958679116057,
0,0,0.9933368013294347,5.615080860918077E-4,0.004280247122904198,5.389131703202935E-4,7.412685592545839E-5,0.0012084034353236248,
5,5,8.874188770024598E-4,7.924024807796433E-4,3.019113245747493E-4,0.003192089924720945,0.005198699278088513,0.9896274781148336,
5,5,8.874188770024598E-4,7.924024807796433E-4,3.019113245747493E-4,0.003192089924720945,0.005198699278088513,0.9896274781148336,
5,5,8.874188770024598E-4,7.924024807796433E-4,3.019113245747493E-4,0.003192089924720945,0.005198699278088513,0.9896274781148336,
5,5,8.874188770024598E-4,7.924024807796433E-4,3.019113245747493E-4,0.003192089924720945,0.005198699278088513,0.9896274781148336,
5,5,8.874188770024598E-4,7.924024807796433E-4,3.019113245747493E-4,0.003192089924720945,0.005198699278088513,0.9896274781148336,
5,5,0.013506968210234845,0.003301246046703994,0.004595244443205287,0.08977005666621941,0.09282865620170096,0.7959978284319356,
5,5,0.005365673366230646,0.004829288352036092,0.0067222376491707985,0.3991149095455283,0.1357961029828788,0.4481717881041554,
5,5,0.003831057894364628,0.012597221574190319,0.0047996364772651895,0.30276551306960003,0.03629907696858699,0.6397074940159928,
5,5,3.76730190105441E-4,9.344280886621787E-4,0.003332375612789781,0.02540969721219697,0.05982436677128911,0.9101224021249567,
5,5,6.645397604092916E-4,0.006171126066559867,0.005878201825814067,0.14640242496937028,0.046349024708038394,0.7945346826698081,
5,3,0.003078611143964585,0.02880684876728151,0.06828892470018748,0.7628721222043249,0.013744470399679817,0.12320902278456192,
5,3,0.0018924072540194117,0.006750230871643328,0.006804148135080924,0.6017091288085679,0.018449087184408,0.3643949977462804,
5,3,0.0019168118586801108,0.0019894520329217643,0.006891894863453896,0.6094688081155022,0.010638774248199333,0.3690942588812428,
5,3,0.007779203667143651,0.027748477839123407,0.027970117960490128,0.6715474914945746,0.014422793065682348,0.2505319159729858,
5,2,0.021748386316899532,0.01780410931457183,0.7455741637040035,0.12973028549867005,0.008544843758684424,0.07659821140717044,
2,2,0.005547941477353992,0.001071980449827925,0.972415313135098,0.01583832536336193,5.144826564644216E-4,0.0046119569178935775,
2,2,0.19445866325863528,0.004216170587764189,0.7709483147902176,0.026243485775595262,5.56592999206162E-4,0.003576772588581565,
0,0,0.7174075239508271,0.005264130600441813,0.25585344542155014,0.01631415621462455,6.949382569139823E-4,0.004465805555642474,
0,0,0.9347302523855814,0.004950303456102113,0.03773502581763255,0.01127752127083853,6.535087208303942E-4,0.010653388349015058,
0,3,0.190805707011554,0.20712703959396248,0.054017065236073525,0.4942737808590765,0.007909603423161023,0.04586680387617276,
0,1,0.12482207366161105,0.38305275905395914,0.10237257386808747,0.16681374593518897,0.05449688201405012,0.16844196546710327,
0,5,0.040272906199617944,0.1235891007283386,0.03302974340884486,0.26766192200804645,0.2105073855016014,0.32493894215355074,
0,4,0.046944398691936805,0.04191803774543355,0.015971088690745157,0.09724225325551519,0.7345747950976439,0.0633494265187253,
0,1,0.08932998626122791,0.27413498830647426,0.07326380942808607,0.17689460526784812,0.2658296752497581,0.12054693548660556,
0,4,0.026172672303272592,0.08031844082932467,0.021465464801968412,0.05329927076362987,0.40954375665773485,0.40920039464406954,
0,5,0.05372894916522041,0.16896874905999373,0.018279280090675927,0.20216627685598612,0.12334872287826386,0.43350802194986005,
0,5,0.09917994506943498,0.023348097065404597,0.022796788248153056,0.2120718748926424,0.01213561242545021,0.6304676822989147,
0,3,0.056809841361009715,0.0477192523600277,0.10590630683683268,0.7251991598572896,0.024802978600410888,0.03956246098442951,
0,3,0.12510395010773173,0.10508508426366533,0.10260375427116578,0.5254646796134448,0.05461994828731538,0.08712258345667706,
0,5,0.052587766510061876,0.16138082362558787,0.043129751442871185,0.19787234123672462,0.12072884243631113,0.4243004747484433,
0,4,0.03371647664234492,0.028321238346060405,0.011470779343198177,0.12686521246719287,0.5275874142833372,0.27203887891786643,
0,0,0.5672306843299046,0.23451009728718486,0.061158346339098967,0.07621499962346513,0.008955285953512995,0.051930586466833455,
0,0,0.993374813799266,5.615295735763682E-4,0.0042804109170618415,0.0012792471747173945,7.412969257146874E-5,4.298688428070031E-4,
0,0,0.9885925007667723,5.58826253378854E-4,0.0042598041283364385,0.004110870653928922,7.37728168082073E-5,0.002404225380775241,
0,0,0.9933368013294347,5.615080860918077E-4,0.004280247122904198,5.389131703202935E-4,7.412685592545839E-5,0.0012084034353236248,
0,0,0.976189347944764,3.869984025849233E-4,0.01104459994442533,0.008565553615614197,6.953781404463761E-4,0.0031181219521650024,
0,0,0.9926019929107643,5.610927175398124E-4,0.004277080863871323,0.0012782519522450268,7.407202151510463E-5,0.0012075095340645175,
0,0,0.9935651612093136,5.616371721368624E-4,0.004281231116165632,0.001279492300105251,7.414389707393118E-5,2.3833430520464325E-4,
0,0,0.9926019929107643,5.610927175398124E-4,0.004277080863871323,0.0012782519522450268,7.407202151510463E-5,0.0012075095340645175,
0,0,0.9943013968869119,5.620533474821103E-4,0.0042844035251980985,5.394364905569556E-4,7.419883799218516E-5,2.3851091185867816E-4,
0,0,0.9909499734853082,5.601588728815521E-4,0.004269962380610328,0.0017359978410168362,7.39487410670502E-5,0.002409958679116057,
0,0,0.9909499734853082,5.601588728815521E-4,0.004269962380610328,0.0017359978410168362,7.39487410670502E-5,0.002409958679116057,
0,0,0.9928709305073138,5.612447411383689E-4,0.004278239704832746,0.0017393630737047795,7.409209073880165E-5,4.761298822716303E-4,
5,5,8.670517005475758E-4,7.742160283978306E-4,2.9498214898394806E-4,0.003118828176023133,0.0280304128627605,0.966914509083287,
5,5,8.670517005475758E-4,7.742160283978306E-4,2.9498214898394806E-4,0.003118828176023133,0.0280304128627605,0.966914509083287,
5,5,8.670517005475758E-4,7.742160283978306E-4,2.9498214898394806E-4,0.003118828176023133,0.0280304128627605,0.966914509083287,
5,5,8.670517005475758E-4,7.742160283978306E-4,2.9498214898394806E-4,0.003118828176023133,0.0280304128627605,0.966914509083287,
5,5,8.670517005475758E-4,7.742160283978306E-4,2.9498214898394806E-4,0.003118828176023133,0.0280304128627605,0.966914509083287,
5,5,0.0019898965817207745,0.0017768373298262638,0.006827842158741192,0.0071577571701012185,0.06433021549303629,0.9179174512665742,
5,5,0.0013732064825092817,0.0014482618214793214,5.517986824368029E-4,0.010779622194841326,0.052434172505375985,0.9334129383133571,
5,5,0.001077341156884006,0.0035424954773525166,0.001349717508222915,0.026367306177959206,0.023241179990532754,0.9444219596890486,
5,5,3.913784120682193E-4,9.707610144814411E-4,0.003461946799069887,0.026397690461867435,0.023267961892575694,0.9455102614199374,
5,5,1.9495182351307895E-4,4.835515300102351E-4,0.0017244508653847302,0.042459174435123224,0.013597120026828276,0.9415407513191405,
5,3,0.01194449657142467,0.0020943033714339696,0.06425748973037446,0.6021834983181077,0.20358483081723858,0.11593538119142074,
2,2,0.0010860594774698684,6.544483684638369E-4,0.9778275828487825,0.006370081119105856,0.0035203441843950816,0.010541484001782944,
2,2,4.7186836237959125E-4,2.8434306434897233E-4,0.9656851470299409,0.020129277822702053,0.0015295101969671917,0.011899853523661385,
5,3,0.031576414447788005,0.07067581724142183,0.2527710519180182,0.4744156762418494,0.009284479585547895,0.16127656056537473,
5,4,0.024516419564187996,0.07523574861963617,0.05151415884266973,0.04854833794226505,0.707179851666504,0.09300548336473717,
5,4,0.02832502486585091,0.0237925151223055,0.009636538051509184,0.38416516791918665,0.4432232580825856,0.11085749595856223,
5,3,0.011465068113372738,0.009703851929197977,0.023579836143513184,0.8411167011954852,0.026521642543875793,0.08761290007455505,
5,3,0.004181940945310711,0.14137248742989378,0.038062038555406345,0.5372415334666363,0.10320320101564617,0.1759387985871068,
2,2,0.01244349234983749,0.002404347735292094,0.9595247588405665,0.014965823672752168,3.1740725126362413E-4,0.010344170150287817,
2,0,0.7045965890263725,0.005170127635175013,0.25128460312471684,0.016022830034405584,6.825285616032746E-4,0.022243321617726984,
0,3,0.18690943582653868,0.20289748520249656,0.05291403148475253,0.48418066194752757,0.02816818628032182,0.044930199258362995,
0,3,0.251473609113392,0.2729844143944402,0.07119213864921975,0.30600105865753024,0.03789832993056999,0.06045044925484773,
0,0,0.5114233511079924,0.0389479680788834,0.07981539447284115,0.32130481593542926,0.018692555525925823,0.029815914878927954,
0,3,0.1290003236531675,0.14003488450859408,0.08301115230010443,0.5684233517798832,0.019440993606424917,0.06008929415182576,
0,4,0.02739581429460605,0.08407200701157856,0.022468622257903657,0.05674863851722358,0.7902364306671658,0.01907848725152231,
0,4,0.010460704885549718,0.032101708860581134,0.008579326173600925,0.03827413975026405,0.9032992693431077,0.0072848509868966215,
0,4,0.06611891004700739,0.20290506459464488,0.054227291730584506,0.24191910879448447,0.34560502828432904,0.08922459654894967,
0,0,0.37932623148322125,0.08929774730086809,0.036167724822506374,0.37476029113984854,0.0464141830776798,0.07403382217587592,
0,0,0.6109072527562568,0.04652426630102147,0.09534137082208469,0.18928259834534292,0.02232869836427512,0.03561581341101893,
0,1,0.10853646190789738,0.3413294039974706,0.20233634811188078,0.22482618609231755,0.047386640722315215,0.07558495916811853,
0,3,0.1705156939233076,0.14323013820728853,0.13984810506477444,0.35321211378894923,0.07444655725296044,0.11874739176271974,
0,3,0.1705156939233076,0.14323013820728853,0.13984810506477444,0.35321211378894923,0.07444655725296044,0.11874739176271974,
0,3,0.26377522734145437,0.06209571508741838,0.060629475027453986,0.46539747281687294,0.09662059683738075,0.05148151288941977,
0,3,0.26377522734145437,0.06209571508741838,0.060629475027453986,0.46539747281687294,0.09662059683738075,0.05148151288941977,
0,0,0.43264227374957104,0.14522485792011267,0.03787347436408247,0.34655465428179,0.005545731912090142,0.03215900777235375,
0,0,0.7983891942749838,0.0925068842861808,0.024125051046296083,0.06096130176838484,0.003532579667291613,0.020484988956863084,
0,0,0.9887490087001073,0.0018073951462449092,0.003703863479441662,0.004117512671159937,2.3860122930476177E-4,0.0013836187737414488,
0,0,0.993374813799266,5.615295735763682E-4,0.0042804109170618415,0.0012792471747173945,7.412969257146874E-5,4.298688428070031E-4,
0,0,0.9964552662335142,5.632708751654527E-4,0.0011543012206782625,5.406050252940954E-4,7.435956853445847E-5,0.0012121970768135821,
0,0,0.9933368013294347,5.615080860918077E-4,0.004280247122904198,5.389131703202935E-4,7.412685592545839E-5,0.0012084034353236248,
0,0,0.9120132268159512,0.001523746586721663,0.0434864106792569,0.017679854837964876,7.531132681305095E-4,0.024543647811974576,
0,0,0.9822796312230322,3.8941282137052233E-4,0.011113505369892543,0.00238015869911929,6.997164892203616E-4,0.003137575397364802,
0,0,0.9021487164414485,0.0015903928351141791,0.045388437009018325,0.0352006494292178,0.0028576976154785385,0.012814106669722611,
0,0,0.9862773798274815,0.0018028771037605226,0.003694604733455067,0.004107219904126147,2.380047850279994E-4,0.0038799136461488415,
0,0,0.9794861499262928,0.0017904629967905672,0.013648288030933617,0.004078938737798948,2.3636595071448114E-4,7.59794357469479E-4,
0,0,0.9935651612093136,5.616371721368624E-4,0.004281231116165632,0.001279492300105251,7.414389707393118E-5,2.3833430520464325E-4,
0,0,0.9943013968869119,5.620533474821103E-4,0.0042844035251980985,5.394364905569556E-4,7.419883799218516E-5,2.3851091185867816E-4,
0,0,0.9943013968869119,5.620533474821103E-4,0.0042844035251980985,5.394364905569556E-4,7.419883799218516E-5,2.3851091185867816E-4,
0,0,0.9909499734853082,5.601588728815521E-4,0.004269962380610328,0.0017359978410168362,7.39487410670502E-5,0.002409958679116057,
0,0,0.9909499734853082,5.601588728815521E-4,0.004269962380610328,0.0017359978410168362,7.39487410670502E-5,0.002409958679116057,
0,0,0.9765819662153996,0.001449478561039382,0.011049042024990083,0.004492103534164025,1.9135127547146221E-4,0.00623605838893524,
5,5,8.670517005475758E-4,7.742160283978306E-4,2.9498214898394806E-4,0.003118828176023133,0.0280304128627605,0.966914509083287,
5,5,8.670517005475758E-4,7.742160283978306E-4,2.9498214898394806E-4,0.003118828176023133,0.0280304128627605,0.966914509083287,
5,5,8.874188770024598E-4,7.924024807796433E-4,3.019113245747493E-4,0.003192089924720945,0.005198699278088513,0.9896274781148336,
5,5,4.6065095153863093E-4,0.001514704884368795,5.771139907710566E-4,0.011274167521379738,0.009937494366672737,0.9762358682852691,
5,5,4.4085554878050165E-4,0.00144961396651519,5.523138598986333E-4,0.010789686405899796,0.05248312677939713,0.9342844034395087,
5,5,3.913784120682193E-4,9.707610144814411E-4,0.003461946799069887,0.026397690461867435,0.023267961892575694,0.9455102614199374,
5,5,3.898078228680775E-4,9.668653812062025E-4,0.0034480541159621235,0.02629175736420628,0.02718755669694097,0.9417159586188163,
5,5,6.686809237579912E-4,0.001658572245927935,0.005914832582026954,0.14563413397041203,0.0466378545024373,0.7994859257754378,
5,5,0.0024522582604700497,0.0014864133662900042,0.013192348379533706,0.2245723790294171,0.04179687106046227,0.7164997299038268,
2,2,4.5917187298296025E-4,2.766922892825821E-4,0.9397016054169388,0.04649450852275222,0.0014883559015194052,0.011579665996524139,
2,2,4.751634618634658E-4,2.863286577035571E-4,0.9724286138169859,0.01328675188044943,0.001540190905110438,0.0119829512778873,
2,2,4.751634618634658E-4,2.863286577035571E-4,0.9724286138169859,0.01328675188044943,0.001540190905110438,0.0119829512778873,
5,4,0.007380861845336391,0.0018039607859387627,0.0025110642042636645,0.026549327879792466,0.6373496991798961,0.3244050861047726,
5,5,0.009209180596189798,0.008223148886597689,0.00313308177693411,0.10696522846436228,0.06329146897786429,0.8091778912980518,
5,5,0.02118235207816727,0.018914346731257387,0.007206508830564847,0.14078221824346945,0.33145641165020334,0.48045816246633777,
5,5,0.009425700120727692,0.002303740911849578,0.0032067445061633327,0.4101698107957599,0.1474911156125774,0.4274028880529219,
5,5,0.004163502449911502,0.0037472936782874354,0.005216130578755559,0.18628301527474775,0.10537119367272108,0.6952188643455767,
5,3,0.06852314114908636,0.004359658291289389,0.25901034542919515,0.34617134238374425,0.08059576571715142,0.24133974702953337,
5,2,0.005592836862867509,0.0010806551944614854,0.9802843507845838,0.007874233101251923,5.186459839429599E-4,0.004649278072892373,
2,2,0.4250462858520777,0.0029558492958189127,0.540492132837035,0.018398636235153566,3.902131070160786E-4,0.012716882672898699,
0,0,0.9909499734853082,5.601588728815521E-4,0.004269962380610328,0.0017359978410168362,7.39487410670502E-5,0.002409958679116057,
0,0,0.8231040218696746,0.005177539563960283,0.03972402743508166,0.11459606147168452,0.002559004086288665,0.014839345573310592,
0,4,0.11812122256480359,0.09921971780955312,0.22020449522810548,0.2090168939666338,0.27117786918526116,0.0822598012456428,
0,5,0.06035800087439774,0.18981603143116588,0.0495024936037793,0.07476201395685392,0.13856742852810927,0.48699403160569393,
0,3,0.1780327393798659,0.21323294729943773,0.023067844142367618,0.5088445008050482,0.02960305483647611,0.047218913536804484,
0,4,0.07278731562063652,0.22336900241059737,0.059696371214229306,0.16546305656097643,0.38046093403424225,0.09822332015931806,
0,4,0.021946562423296054,0.06734939615555326,0.017999429242942035,0.0825784774100383,0.6330519315213151,0.1770742032468551,
0,4,0.0097473678311604,0.02991262708358699,0.003316180001673297,0.03667648621810567,0.8417014279858448,0.07864591087962894,
0,4,0.03371647664234492,0.028321238346060405,0.011470779343198177,0.12686521246719287,0.5275874142833372,0.27203887891786643,
0,1,0.11538681161827789,0.35409791916006467,0.09463426258899074,0.12936006917279716,0.15081144820194012,0.1557094892579295,
0,4,0.04189991858125688,0.12858206041503084,0.034364134356996937,0.0829717978071984,0.6556399690709275,0.056542119768589465,
0,4,0.010023312296690678,0.002449803655364812,0.003410059860730077,0.03771478430660396,0.8655296916468433,0.08087234823376716,
0,3,0.22674045773035095,0.2074803745765548,0.07714002226241283,0.23174264855895405,0.0989940930339065,0.15790240383782095,
0,0,0.8897875119283822,0.025807560326659144,0.02326712871922346,0.02899529357354525,0.01238599285635922,0.01975651259583058,
0,0,0.6109072527562568,0.04652426630102147,0.09534137082208469,0.18928259834534292,0.02232869836427512,0.03561581341101893,
0,0,0.719667704047637,0.014182980444282792,0.03147717125700876,0.2155416313915668,0.007371870745071915,0.01175864211443272,
0,3,0.056809841361009715,0.0477192523600277,0.10590630683683268,0.7251991598572896,0.024802978600410888,0.03956246098442951,
0,1,0.10047692910408561,0.30834261749992053,0.0824059522887903,0.20813139072019127,0.23067082227138466,0.06997228811562772,
0,5,0.14509793550872402,0.12788418729287815,0.033351166999747904,0.1530097734497351,0.21255590398150637,0.32810103276740843,
0,0,0.3167987346276388,0.27921519745421786,0.030205898003227004,0.10812032580727432,0.20382963243665572,0.06183021167098628,
0,0,0.7890618588822456,0.01555057820562632,0.03451236608884432,0.11654910145653527,0.008082705394212124,0.03624338997253657,
0,3,0.22931454808649174,0.05398327578710064,0.1198084439050235,0.40459603517446885,0.1475419404808745,0.04475575656604077,
0,0,0.36829842834357385,0.32460520561390316,0.08465442562201506,0.10549560939946094,0.045064826161690066,0.07188150485935695,
0,0,0.9381244250884789,0.02636211893516177,0.006875028490115448,0.008567600747086856,0.00365984367015949,0.016410983068997492,
0,0,0.9417337242233169,0.007655020192830875,0.015687299916413953,0.017439264848891686,0.001010568846639318,0.01647412197190709,
0,0,0.9845934542638186,0.002474956671972536,0.005071885718828528,0.005638316268908398,3.267286103072503E-4,0.0018946584661646765,
0,0,0.9933368013294347,5.615080860918077E-4,0.004280247122904198,5.389131703202935E-4,7.412685592545839E-5,0.0012084034353236248,
0,0,0.9565856130869265,0.0015784593650859048,0.029944749345183725,0.004891830126381599,2.0837853067138694E-4,0.006790969545750955,
0,0,0.9154284580030976,0.0016138036158944511,0.046056560459600306,0.020998682723589474,0.002899763280599236,0.013002731917219002,
0,0,0.9875180028813049,0.0018051449149705159,0.006053671964944402,0.004112386312485905,2.38304167564054E-4,2.7248975873018756E-4,
0,0,0.9794861499262928,0.0017904629967905672,0.013648288030933617,0.004078938737798948,2.3636595071448114E-4,7.59794357469479E-4,
0,0,0.9933368013294347,5.615080860918077E-4,0.004280247122904198,5.389131703202935E-4,7.412685592545839E-5,0.0012084034353236248,
0,0,0.972507409914543,0.002316801945105686,0.017660448897357656,0.0022235745346630463,3.0584999262965476E-4,0.004985914715700857,
0,0,0.9943013968869119,5.620533474821103E-4,0.0042844035251980985,5.394364905569556E-4,7.419883799218516E-5,2.3851091185867816E-4,
0,0,0.9943013968869119,5.620533474821103E-4,0.0042844035251980985,5.394364905569556E-4,7.419883799218516E-5,2.3851091185867816E-4,
0,0,0.9935651612093136,5.616371721368624E-4,0.004281231116165632,0.001279492300105251,7.414389707393118E-5,2.3833430520464325E-4,
4,0,0.8013614147921267,0.05912782527004276,0.035050329965204206,0.05944339855049375,0.008208695119580469,0.03680833630255223,
5,5,4.3865433350336925E-4,0.0014423759666354916,0.005542609482834223,0.01073581292598595,0.05222107572712376,0.9296194715639172,
5,5,0.001037527926001102,9.338103879903418E-4,0.003330172756647282,0.02539290021387299,0.05978482006673775,0.9095207686487505,
2,2,0.002125838482046201,2.880718866942122E-4,0.978348963405967,0.0056316523131300705,0.001549567910746079,0.012055906001416409,
2,2,4.8134711260344325E-4,2.9005486259553595E-4,0.9850835408053176,0.007912783080031271,0.0015602345393426287,0.004672039600109642,
2,2,4.775796211805965E-4,0.0010774461017281761,0.9773733173644862,0.015919079422946663,5.171058228751544E-4,0.004635471666783081,
2,2,0.00125300365959588,0.0010766102249230715,0.9766150764793013,0.015906729488015407,5.167046550000907E-4,0.004631875493164029,
2,2,0.005547941477353992,0.001071980449827925,0.972415313135098,0.01583832536336193,5.144826564644216E-4,0.0046119569178935775,
2,2,0.0067677240631013914,0.0010617779015317436,0.9631603736464146,0.02393247558065093,5.09586080084723E-4,0.0045680627282166375,
2,2,0.005112864783947208,9.527490525879627E-4,0.6522492714809275,0.3246268247686016,0.0017119472847314397,0.01534634262920442,
5,5,0.0025643695627506724,0.022971951315267528,0.08897760623989079,0.17630051970781607,0.051446385949971085,0.6577391672243038,
5,4,0.00734570070586576,0.006559192747909812,0.00249910193203097,0.026422851508876143,0.6343134762923768,0.32285967681294064,
5,5,0.00852061598094937,0.007608309239353995,0.0028988232318096965,0.09896750590779296,0.13332857407302678,0.7486761715670672,
5,4,0.00746953274951283,0.008073010427873402,0.0030014993244629304,0.019515648057564956,0.7618302583768752,0.20011005106371058,
5,2,0.18603563811108575,0.05834415726154572,0.2678134532831597,0.21042701403205707,0.027837461464593753,0.24954227584755795,
2,2,0.08537082130405022,0.005290779196587154,0.8241404024124375,0.0781703456949287,0.0025392385992335947,0.004488412792762687,
2,0,0.7570212777799659,0.001249158788438209,0.22841506120427638,0.007775368717521987,1.6490628689439651E-4,0.0053742272229031105,
2,0,0.9618294006318524,0.001587112124907475,0.030108899737478982,0.004918646040752127,2.095208149884576E-4,0.0013464206500204347,
0,3,0.1561692589729264,0.04056561293312831,0.09002978961000598,0.6164838500873692,0.0631198743287712,0.033631614067799,
0,5,0.030776406087546233,0.3536006814398044,0.057374134980064766,0.03684564854545316,0.04022499891814869,0.4811781300289829,
0,5,0.04222464430408516,0.1295785755378477,0.03265297519346053,0.09340313822360474,0.041973416231521496,0.6601672505094804,
0,4,0.017799138120008266,0.05462182101008099,0.006055495894173669,0.12982152351555354,0.5134188466037524,0.27828317485643106,
0,4,0.01800666189190189,0.055258667931953456,0.006126098152562384,0.11967593565376285,0.5194049013716914,0.281527734998128,
0,4,0.009411242403319399,0.008403575831966657,0.003201825804605152,0.019165500231092335,0.8126764381119945,0.14714141761702193,
0,4,0.00926078935438469,0.008269231868471734,0.0031506397407661457,0.03484563412484197,0.7996845670421108,0.1447891378694247,
0,4,0.008532031850056528,0.026183015909192895,0.0029027070574219635,0.03210353338269209,0.7367551441790986,0.1935235676215379,
0,4,0.14608416921092526,0.03438988960991873,0.01392872834627285,0.08480705076545057,0.6406384041222645,0.08015175794516814,
0,3,0.25636663646067276,0.06035164778750952,0.058926589656745874,0.45232596679335013,0.03136890362991143,0.14066025567181042,
0,5,0.02024907527285056,0.0621401641874998,0.006888996048506596,0.13457947086193156,0.3168527179798728,0.45928957564933875,
0,4,0.009680595083751424,0.008644088782175615,0.0032934630535238116,0.06433920297321706,0.8359354901636356,0.07810715994369662,
0,4,0.009958578475024835,0.008892308348570955,0.003388036581362913,0.037471209922288376,0.8599398184545197,0.0803500482182333,
0,4,0.03130182937965299,0.00765049853422182,0.01064928526373643,0.20803832165967046,0.48980358772151833,0.2525564774412,
0,3,0.1707203619600431,0.15621881071369725,0.05808126460565966,0.4215537252180336,0.07453591460397083,0.11888992289859555,
0,3,0.053012820905731735,0.1667166429225702,0.043478358954685443,0.67672875441063,0.02314521271264662,0.03691821009373586,
0,3,0.434311630232458,0.030540727445272028,0.029819582065471344,0.4641336313830058,0.01587411729653561,0.025320311577257247,
0,3,0.05413307347516726,0.04547081513166042,0.10091621015186683,0.6910292031131715,0.0707523424203776,0.03769835570775648,
0,3,0.030877725850389413,0.09710539275045074,0.05756301777986201,0.3531074516036897,0.212211782292063,0.24913462972354514,
0,0,0.6472349871639154,0.17039933340533012,0.01843404274404951,0.05537921514493198,0.07081870593779303,0.03773371560397984,
0,0,0.87444033772942,0.06451989644616753,0.016826269820634895,0.020968751197645692,0.008957274458423687,0.014287470347708303,
0,0,0.8151199401558695,0.06014298730388221,0.035652106947390086,0.06741710081375685,0.008349629706548668,0.013318235072552658,
0,0,0.7014894669134322,0.003999033025242079,0.030682082801315035,0.21009722022000488,0.021511204446363792,0.03222099259364212,
0,0,0.6226034183015254,0.04741499974390305,0.09716673539488485,0.10801836148237133,0.02275619394777105,0.10204029112954428,
0,0,0.7941271952025815,0.01694930493413221,0.1292006570813368,0.03861301607378908,0.008134591847395747,0.01297523486076473,
0,0,0.9933368013294347,5.615080860918077E-4,0.004280247122904198,5.389131703202935E-4,7.412685592545839E-5,0.0012084034353236248,
0,0,0.9943013968869119,5.620533474821103E-4,0.0042844035251980985,5.394364905569556E-4,7.419883799218516E-5,2.3851091185867816E-4,
0,0,0.9796474658397709,3.883693313951338E-4,0.01108372506783649,0.005053430472715191,6.978414940942482E-4,0.0031291677941876544,
0,0,0.8886698330118452,0.0015666309882688629,0.012019781131530294,0.0823061009169542,0.0028150011372437386,0.012622652814157642,
0,0,0.9214986095037693,0.007490536105877167,0.057098635639146786,0.007189119195617207,9.88854665637026E-4,0.0057342448899525,
0,0,0.9933368013294347,5.615080860918077E-4,0.004280247122904198,5.389131703202935E-4,7.412685592545839E-5,0.0012084034353236248,
0,0,0.9933368013294347,5.615080860918077E-4,0.004280247122904198,5.389131703202935E-4,7.412685592545839E-5,0.0012084034353236248,
0,0,0.9781599385383364,0.0017880387333987502,0.013629808428119318,0.0017160885948735074,8.581452372269791E-4,0.0038479804680452583,
0,0,0.4924620045277058,0.03750394734783606,0.28588397337323407,0.0854395225881088,0.01799951712040435,0.08071103504271099,
0,0,0.8547880161250739,0.01824400779480911,0.03738712828250898,0.04156254011411853,0.008755967141320245,0.03926234054216939,
4,0,0.8547880161250739,0.01824400779480911,0.03738712828250898,0.04156254011411853,0.008755967141320245,0.03926234054216939,
4,0,0.9293591651467329,0.005663847029115738,0.012570128232873807,0.03626236513997621,0.0029438909813438844,0.013200603469957377,
5,5,0.004636060683867159,0.00413967527865775,0.0015772475187851693,0.016676141315986718,0.1498765240222002,0.823094351180503,
5,5,0.0024484988653419343,4.293106367417402E-4,0.04955623312340723,0.2242281019517364,0.00793654391855677,0.7154013115042159,
5,5,0.0024484988653419343,4.293106367417402E-4,0.04955623312340723,0.2242281019517364,0.00793654391855677,0.7154013115042159,
2,2,0.002395412065866831,0.0014434508890408628,0.8946381592545448,0.03334960051413231,0.007764468806947136,0.06040890846946789,
2,2,0.0015325982247754969,2.855896974309513E-4,0.969918958935359,0.01579766570950461,5.131618926685323E-4,0.011952025540261363,
2,2,0.03167406541564505,0.004969295792268315,0.9086611030069756,0.030931301455778003,0.002384946945976547,0.021379287383356784,
