5,2,0.09194213414918169,0.006904429376945711,0.3903462651298151,0.3753288493869972,0.004236133096375374,0.13122420063160006,1.7988229084921458E-5,
5,0,0.5925622703465246,0.0761926238886075,0.02123014328704977,4.3643419884106197E-4,0.2919585801350952,0.017600652658180855,1.929548570092373E-5,
5,2,0.04322083752254042,0.02014560036378116,0.7340981131373191,0.007122933463072677,0.037311530705682314,0.1580793152761989,2.1669531405710965E-5,
5,5,0.09845338171444641,0.19491452085235905,0.310312849262646,0.004090901713754266,0.03208778697376106,0.3600911981386134,4.936134441973808E-5,
5,0,0.7523319482431965,0.02277518527492006,0.026954323384929695,0.03619648857127937,0.10727226402917572,0.05444529246299884,2.44980334998136E-5,
5,2,0.12094266282885449,0.23943800370684046,0.38119627428020014,0.08418367855036396,0.039417461678944575,0.1347612339371996,6.0685017596819996E-5,
5,4,0.24042548761148025,0.012324647764863453,0.014586161976267248,0.019587501334497482,0.6355763267845117,0.07748661757217182,1.3256956207926512E-5,
5,4,0.28032922594608917,0.008486347115533178,0.010043551424397777,2.0646819289721262E-4,0.5709295653508447,0.12999571366619053,9.128304047489564E-6,
5,3,0.038474123294570665,0.017933116447247086,0.12126566517591449,0.40248399191494766,0.0497363521998729,0.3700874612851823,1.928968226504407E-5,
5,5,0.10808241275765049,0.002720188538563939,0.3406623609464758,0.08061124147736878,0.07256042812552023,0.3953091791249638,5.418902945680986E-5,
5,5,0.12056916913734475,0.012888630224906336,0.38001906848416017,0.006187718367886854,0.03929573314305771,0.4409792311570038,6.044948564033775E-5,
5,5,0.11244050960608572,0.0028298719254776523,0.35439854173428137,0.0838616463163013,0.03516422857580096,0.4112488278036529,5.6374038400170616E-5,
5,5,0.025390880335022924,0.050267966303836835,0.08002890591305833,0.018809156405979376,0.23041843954048535,0.5950719111998586,1.2740301758611522E-5,
5,5,0.03163079456782043,0.0626215276713188,0.09969634171886985,0.023832344598720197,0.0408898294300821,0.7413133033548293,1.585865835935083E-5,
5,1,0.05067555729461821,0.4301107579156382,0.1597230719578017,0.13990209178191917,0.18083201836898324,0.038731095594012874,2.540708702659811E-5,
5,1,0.01759828541779662,0.4731339807624385,0.16880375107177342,0.006083886080072003,0.17148097552665487,0.1626351181950039,2.640029462605809E-4,
5,0,0.7069199800999172,0.005820441199428624,0.13979771371342595,0.07453834575094422,0.03125485299635465,0.04161855957317263,5.0106666756816626E-5,
5,0,0.9730634159850784,0.0035512771873800505,2.221838605310199E-4,6.130691903301412E-5,0.018058739586972978,0.005040942295013013,2.134165991293255E-6,
5,0,0.860435797994082,0.019263888218398254,0.01728383157609257,0.0029718881337983476,0.004153593254778571,0.09586194453406766,2.905628878250731E-5,
5,0,0.7880175059827896,0.008725373412435752,0.03325114606672551,0.001605787350956647,0.03630896824210555,0.1320353640651105,5.585487987655491E-5,
5,0,0.9607523681300656,0.0029346176034884762,4.608207491022479E-4,1.271537018324523E-4,0.025265439973355064,0.010455173472173894,4.426369982346199E-6,
5,0,0.5927614593322587,0.027877552067223862,0.025012131986078944,9.846350289881077E-4,0.027312282834626715,0.3260098902196949,4.204853112888264E-5,
5,5,0.2430710748349659,0.02988505494601009,0.14542997652695938,0.028732593511263248,0.0036678995684459492,0.549142628917206,7.077169514945767E-5,
5,4,0.08638416459413116,0.11483092213021678,0.0381138980500468,0.001840622734073582,0.7425656477871101,0.016200670461190534,6.40742432309426E-5,
5,4,0.10777616326134568,0.30460912585707095,0.1359658784495596,3.683054921627833E-4,0.3932583771563183,0.05779357408773094,2.2857569581170566E-4,
5,1,0.18435802325967302,0.41274094647942966,0.11030182432613349,0.022426504005105936,0.22553489374349445,0.044584088437300703,5.371974886265105E-5,
5,2,0.09232785517846798,0.09126304491224445,0.38398415192189506,4.3766069042832793E-4,0.3750856157093936,0.05683658982450394,6.508176306657333E-5,
5,5,0.291379647766174,0.006015126333994887,0.0019891898197758476,3.68425553880594E-4,8.355677338286575E-4,0.699408701374934,3.3414174119679347E-6,
5,0,0.6659336243893109,0.14963235657659246,0.011650121913954698,0.0020031935002929138,0.018912624195202045,0.15184850968835134,1.9569736295565796E-5,
5,0,0.416561560894809,0.1802667638312458,0.02993503555753644,0.005147213831991443,0.35531493321977875,0.012724168115128647,5.032454951004813E-5,
5,1,0.2654465358049647,0.5301351853294916,0.007297715663629667,4.136169097250561E-5,0.18123985475627719,0.015813416035984573,2.5930718679755665E-5,
5,0,0.9238574635747032,0.009097251362198843,0.010363862125887514,0.007502595423826252,0.010039909268553785,0.03913387479980993,5.043445020486217E-6,
5,5,0.05768213562130915,0.1743960895563932,0.013716794119718014,8.636993022424408E-4,0.0017946018443982823,0.7515382418450633,8.437710875697843E-6,
5,5,0.08876210244767004,0.020346313894313496,0.008592004463052208,0.006219914215664073,8.892904487989043E-4,0.8751861933380464,4.181192454976345E-6,
5,1,0.02987444987908564,0.913678294791547,0.00613844666356153,0.015339006342757375,0.0263949333586463,0.00856454946561829,1.03194987840066E-5,
5,0,0.46647946200977475,0.3681928159546308,2.582878046451049E-4,0.0025395059289526345,0.1476363908783968,0.014887170596637632,6.3668269623195685E-6,
5,1,8.980661821398767E-4,0.8820511474164455,0.0013078753908554916,0.002250588676160164,0.10029326576468305,0.013193470896394228,5.585673321842541E-6,
5,0,0.5367936888867225,0.4236919221402609,2.97220509671643E-4,0.002745875981872136,0.01933286916834117,0.0171311705497714,7.252763360242426E-6,
5,1,0.028624095349144747,0.8854959764682376,0.003549202277727858,0.00610745833395588,0.040404777546091016,0.035803332094190704,1.5157930652368794E-5,
5,1,0.3000752304671097,0.4087255951508904,0.006958289837747492,0.04749081009583883,0.006315526106561137,0.23040485452231166,2.969381954076385E-5,
5,1,0.0896703502333314,0.7530421439417143,0.005292960457133901,0.03242943850030565,0.044963974909909624,0.07457854476789125,2.258718971404773E-5,
5,5,0.05134225285246031,0.3558091551479652,0.0025009009172136925,0.017068821980308933,0.04263377251960487,0.5306344242330254,1.0672349421580546E-5,
5,1,0.048626232590747526,0.72165167402144,0.0010700405163428669,5.098564353616074E-4,0.21734336544207952,0.010794261065725739,4.569928302968861E-6,
5,1,0.3015401321208291,0.4107209041249834,0.006992258687074067,0.04284086852851393,0.006346357123913716,0.23152964063641152,2.9838778274221468E-5,
5,1,0.09138888203720445,0.6333380227980506,0.0044515876536770724,0.1046038844306549,0.018797330235608662,0.14740222520980945,1.8067634994819057E-5,
5,1,0.16726722482985412,0.5718275933801455,0.0038786734543535383,0.09562869460925075,0.032949533120019095,0.1284317287477597,1.6551858617089226E-5,
5,0,0.9062162826314856,0.02282184305265488,0.026051397678850337,3.424683305134101E-4,0.002696374196881371,0.04185895651989918,1.2677589715508919E-5,
5,0,0.890450479513117,0.05628351286301254,0.007415835713412204,3.58130668984264E-4,0.004348864512584872,0.04113071969621646,1.245703267266946E-5,
5,0,0.7024630403112323,0.09327045613698719,0.012289182825357394,0.030708722195867715,0.0010698806828168582,0.16017807462452108,2.0643223217447254E-5,
5,0,0.7415919300283348,0.03923133135455499,0.04478301827903283,1.3938629855008957E-4,0.00513216028910063,0.16910038064976604,2.179310066056959E-5,
5,0,0.7589560086227558,0.0401499172957184,0.01327749448887189,3.596618650337888E-5,0.01449851156299276,0.17305979846575667,2.2303377400867762E-5,
5,0,0.9809523570721905,0.01710453360396197,9.286414228401553E-5,9.38888545908209E-5,8.589166016250173E-4,8.965477276396428E-4,8.919977076620027E-7,
5,0,0.7528473467851955,0.2021179422428584,0.0062698514622508425,3.027880046677417E-4,0.0036768255901417457,0.0347747055081529,1.0540406732647192E-5,
5,0,0.7024630403112323,0.09327045613698719,0.012289182825357394,0.030708722195867715,0.0010698806828168582,0.16017807462452108,2.0643223217447254E-5,
5,0,0.9648794863695428,0.023843753289908922,0.0018564342570619634,1.8425820767307415E-5,0.0020271545632729996,0.007371624800608191,3.120898837821612E-6,
5,0,0.8280221505756008,0.05233754872956378,0.006895921083778214,0.017231814991751797,0.005619059762253947,0.08988192117079284,1.1583686258503889E-5,
5,0,0.6744052518977047,0.15153589401890522,0.011798328115996093,0.007433304238346065,0.001027147493875137,0.15378023976575075,1.983446942189301E-5,
5,0,0.6717269522883142,0.15093409187602824,0.01175147282016971,0.007749556269266089,0.004648662222525751,0.15316952453935295,1.973998434297627E-5,
5,1,0.18504140619654116,0.5594539331649057,0.0440027895132823,4.3649169753819605E-5,0.001402846219904443,0.21002828643186766,2.7089303744818727E-5,
5,0,0.7413166487452311,0.039216768559578584,0.04476639468021259,5.105377384720595E-4,0.005130255214878175,0.169037610050635,2.178501099229002E-5,
5,0,0.35111620416202677,0.2062488543485028,0.08709641885339318,0.01663933611939927,0.00998130093369655,0.32887550119049996,4.2384392481553916E-5,
5,0,0.7346093004102692,0.038861939718561854,0.012851562971839599,0.03211402114309783,0.0140334107843849,0.16750817706914442,2.1587902701988563E-5,
5,0,0.7514063744813541,0.16883770760700953,0.013145418025194684,3.560841669000766E-5,0.014354289161889293,0.052198503211338135,2.2099096524127554E-5,
5,0,0.8768826456501864,0.018102018909386113,0.020663663855300538,0.00394768984618513,0.0023680680566175484,0.07802585796648086,1.0055715843198956E-5,
5,0,0.6268839516151491,0.06567537837417954,0.0020372999178788985,3.969017667371077E-4,1.8833760836245856E-4,0.3048147057609933,3.4249566995520368E-6,
5,5,0.015648307030367473,0.3395262242058617,0.03672700131009371,0.0391089381464009,0.02132120024217466,0.5476617788695619,6.550195539624466E-6,
5,5,0.4370333199406756,0.011006098684857456,0.0036396940386165806,1.6515932711361336E-4,0.0035895040655726774,0.5445601100283863,6.1139147777459325E-6,
5,0,0.5017146372910886,0.055908598389070946,0.025096564898837315,0.004315257475959295,0.2978845394700471,0.11503821200155119,4.219047344561135E-5,
5,5,0.028970632381063635,0.0035618756411744047,0.005021457467769374,9.618082638977599E-4,0.013380394421074181,0.9480953968404608,8.434984559770034E-6,
5,5,0.2841704854697687,0.002341967263846078,0.006696452961491693,0.02399044024549965,6.930969001580597E-4,0.6821042984134197,3.2587458163105604E-6,
5,3,0.1647740978536301,0.005767894577058321,0.0011248793816794529,0.42777744829518777,0.005040793171340834,0.39551299716209065,1.8895590128904794E-6,
5,3,0.16557990843263637,0.0013646129521819026,0.003901876249935921,0.42986944939115396,0.001835041857128003,0.39744721231725927,1.8987997046137418E-6,
5,5,0.28317249047536097,0.005845701021260541,0.006672935295591918,0.023906186811371657,6.906627725045355E-4,0.6797087763226748,3.2473012357541085E-6,
5,0,0.8593054763061965,0.05846482420357611,0.001995573470969842,0.001960540070226841,0.032978533582940374,0.0452758840744571,1.9168291633299246E-5,
5,0,0.5890841147259049,0.030007713302111178,0.024856962942605674,0.017445193334235148,0.01457685528769566,0.32398740597659353,4.1754430853875805E-5,
5,0,0.46174236556474013,0.2502450654089083,0.019483657058405324,0.012848576430866055,0.0016962224920606085,0.2539513585736783,3.275447134137995E-5,
5,0,0.6914245589761782,0.04199860655808733,0.07484420245602616,0.009471877886906708,0.0012091458712259631,0.1810282779227614,2.3330328814288018E-5,
5,1,0.05331671605562697,0.8052938486573563,0.009241345458840065,0.0015890136853362563,0.01009119258945271,0.1204523476925337,1.5535860854047622E-5,
5,0,0.7268290965920781,0.036190040646538545,0.04131134977668059,0.02990606590688,0.009751960061380663,0.1559913833602191,2.010365622293744E-5,
5,0,0.443195032565738,0.24019318603713044,0.018701034751139614,0.04673092500203024,0.00739777856785347,0.24375060429102927,3.143878507890791E-5,
5,0,0.45691954589889405,0.24763129870101924,0.019280153608361363,0.013531259148120115,0.011306450016542778,0.251298880270546,3.241235651651128E-5,
5,0,0.6669897054138706,0.10168614454606922,0.04624763461373556,0.0025662525950120255,0.007856994756426903,0.17463076223684304,2.250583804268205E-5,
5,0,0.7702518701885726,0.03835213342572251,0.012682971086737781,0.00836383656774097,0.005017145464448506,0.16531073856272033,2.1304704057598187E-5,
5,0,0.4403434215084664,0.23864773201608797,0.06413736375600322,0.013040372214497921,0.00161761291901395,0.2421822610846783,3.12365012522161E-5,
5,0,0.44319504364970025,0.2401931920441748,0.018701035218837918,0.046730926170734245,0.007397778752866139,0.24375061038704188,3.141377664454966E-5,
5,0,0.6906596084634101,0.08812585356011636,0.029143037240984677,0.005582047489871643,0.030535937787460304,0.15590456133064895,4.895412750786614E-5,
5,0,0.5801688073468559,0.07402759728507423,0.024480773091948998,6.6313719919815E-5,0.002131265081145641,0.3190841209634405,4.112251161485032E-5,
5,0,0.5428936572430669,0.06927141293720687,0.02290791277939234,0.057243247140728315,0.009061940606431854,0.2985833488536139,3.8480439559825324E-5,
5,0,0.5140229390094017,0.06558760595608651,0.07486901043108234,0.05419908989753529,0.008580032721880224,0.28270488790825526,3.6434075758706346E-5,
5,1,0.1982447324669396,0.5679248575661194,0.016357776560008568,0.002812656547825749,0.001424087297267351,0.21320841196323342,2.747759860587499E-5,
5,0,0.7304944658220134,0.03637254553253976,0.04151968121391733,0.030056880966812853,0.004758179938084915,0.15677804148849767,2.0205038134138063E-5,
5,0,0.6284639229196055,0.09717350083121949,0.0877529666925514,0.00552550220121106,0.0027976389445238943,0.1782319393221496,5.452908873918911E-5,
5,0,0.6710242325113762,0.1419127743888741,0.011049088316213566,0.027609922355463248,0.0043708120875516725,0.14401459543717957,1.8574903341652944E-5,
5,0,0.617899860625,0.03076627115832081,0.18925483614269062,0.025424070173231148,0.0040247789109023775,0.13261309225086787,1.7090738987266525E-5,
5,5,0.13821698186808384,0.007311886759994992,0.0024180258067291673,0.001649038008386642,2.1051026239386677E-4,0.8501894955234067,4.061771004892387E-6,
5,5,0.04147435682147598,0.002062803422012542,0.009851531002741328,0.006718517651511324,0.036475264197021726,0.9034009784205728,1.6548484664380157E-5,
5,0,0.5507129149555111,0.03673445813703068,0.033256276852971944,0.006570441028279618,0.010094881806213742,0.3626148305808932,1.6196639099695937E-5,
5,5,0.19343443084692052,0.14326984045048094,0.06514685060831199,0.034735464166329284,0.040205217517477194,0.5231848277142154,2.336869626470886E-5,
5,5,0.19791834877522133,0.2547983115800441,0.006181939528276648,0.15946412747722094,0.0016372847209665089,0.3799923453476008,7.64257066988665E-6,
5,5,0.0864870686114698,0.2853278582478934,0.006922650132503149,0.17857087701364524,0.017160536724497806,0.42552245097811164,8.558291878876456E-6,
5,1,0.030858136288192426,0.9083190246911613,0.0015031117073965234,0.00920941485750303,3.3243951888229755E-4,0.04977145855505066,6.414381813605265E-6,
5,1,0.07154039491589087,0.49578516835096603,0.0034847601989168972,0.31028443162347047,0.0035020120415388996,0.11538836199678962,1.4870872427322103E-5,
5,1,0.029096081750895147,0.8564523907563394,0.0014172813520131951,0.033303429312293,0.0012956997315547922,0.07842906417267859,6.052924225683924E-6,
5,1,0.13948828346535533,0.460183167389335,0.0032345219024274233,0.2880031143549836,0.001974708897038131,0.10710240098582473,1.3803005035849375E-5,
5,3,0.05438621692973753,0.04445402554328649,0.17141861094251098,0.5689429627139042,0.07913003572183658,0.08164219359084152,2.595455788275891E-5,
5,5,0.09187880714844217,0.01768117293171752,0.2895906055901655,0.2536535954753026,0.011107178451340743,0.3360448282577836,4.381214524790824E-5,
5,2,0.056477314526498734,0.046163239958770134,0.6144577104403486,0.0452870355096897,0.031023142579431787,0.2065646044996556,2.6952485605581678E-5,
5,5,0.2710391005575174,0.06232051636807356,0.01515917410079916,0.09287874115037172,0.08662186992725057,0.47191590760704716,6.469028894057491E-5,
5,0,0.8261434580601676,0.006823004442044665,7.290497293286458E-4,0.0255219293216845,0.011088127713638131,0.12967665464184053,1.777609129593695E-5,
5,3,0.0016023684405054573,3.0201475730999875E-4,2.5358379756976527E-4,0.9954809154442544,7.382737029356813E-5,0.002286976691028916,3.134990377696927E-7,
5,3,0.05731594100209576,0.046848713684873027,0.02324433135844571,0.5995912774480431,0.06333911385729175,0.20963186341072443,2.875923852621382E-5,
5,0,0.7717383972583868,5.036116564858295E-4,0.02764961181941675,6.788527039892496E-4,0.14355442889065193,0.05584971214073233,2.5385530337218414E-5,
5,2,0.05942096711255396,0.0028448111773574803,0.9143207188273348,5.663409637324794E-4,0.0029993261080803113,0.019826657629530422,2.1178181410422765E-5,
5,2,0.460656550993917,0.010302069519923532,0.5090480268745173,5.138846816769806E-4,0.0025572206221979293,0.016904176449137047,1.8070858630217468E-5,
5,2,0.37542733219176,0.0013357918136846338,0.42498438167060376,0.0027238869109502332,0.0013791419901856231,0.19412285503867732,2.661038413834953E-5,
5,2,0.2757703027243325,3.8289339424920905E-4,0.6564533587444079,0.011346828143098897,3.9531935468085856E-4,0.055643669998305965,7.627640924750762E-6,
5,2,0.44365508670249804,0.006704785307687692,0.5022183163823934,0.003218908640962154,0.01961519677801675,0.024556259803829472,3.144638461233846E-5,
5,5,0.1257905422363917,0.0012638870860215126,0.39647618895289055,0.0014779998764831352,0.014852019748059971,0.46007629478675094,6.306731340204475E-5,
5,0,0.6097122541285308,0.05539838095131211,0.021844587761973313,0.007892994394214273,0.3004084682985894,0.004723258616171098,2.0055849208927564E-5,
5,0,0.8983833574705832,0.0029620896296847364,0.021268639606702472,0.007431088862262791,0.012057699309065232,0.05787779464776824,1.9330473933238333E-5,
5,3,0.05381689021440257,0.010356531305317914,0.16962416374201414,0.5629871443749799,0.0063541304619024455,0.19683415785153163,2.6982049851544757E-5,
5,2,0.08843856115146433,0.008101924534799928,0.7150779715450472,0.033282908025280014,0.0010939731153676413,0.15398355354414228,2.1108083898628688E-5,
5,0,0.45058486305399276,0.07873345867724768,0.05630419750473651,0.2539025402038977,0.002453805268149556,0.15797654785438373,4.458743759189254E-5,
5,5,0.12230400444594185,0.023536202960890453,0.38548705422764223,0.006846697674993752,0.014440366159519054,0.44732435525500364,6.131927600901768E-5,
5,2,0.06017225846960431,0.14062953476081597,0.5422797870738892,0.009050062618048626,0.05607424355501235,0.1917077846137672,8.632890886228719E-5,
5,0,0.5594106084880419,0.016741161470533446,0.23591259359221053,0.0021210707508788765,0.011233132136988823,0.17450205349493358,7.938006641273138E-5,
5,0,0.39700730645061055,0.014785985936311566,0.32739405475728744,0.0029435730538305994,0.01558908162533377,0.24216992398436224,1.1007419226397986E-4,
5,2,0.05321672192900592,0.18405014362642677,0.7169584055825697,2.6156502913561103E-4,0.005974865512411113,0.03949607632792024,4.2221992530524146E-5,
5,2,4.598014781377835E-5,3.9723625617404E-4,0.9967986279468057,1.9814817465536503E-5,0.001426317905333985,0.0013113261343485141,6.967920585505054E-7,
5,2,0.0032024892310492286,0.0276672627876691,0.8240920858695829,0.018546346083190883,0.08265593192551687,0.043787841548145884,4.804255484513188E-5,
5,0,0.3949815146151238,0.20213245162656968,0.019239701752512446,0.008648838793190915,0.08401648366225417,0.2908988406453059,8.216890504295016E-5,
5,0,0.6913519413825356,0.08142037811244209,0.01314129725459715,0.0013142314508694474,0.014023380526615378,0.19869269207556456,5.6079197375868534E-5,
5,0,0.3966147330096474,0.1455796842525678,0.019319256449744204,0.13377790750470864,0.012524290618186693,0.2921016851327254,8.244303241989511E-5,
5,1,0.4396430678243464,0.49430690672913746,9.999370567340404E-4,0.035004913741069635,0.003703829285253096,0.026316944938146892,2.440042531264532E-5,
5,1,0.0067096812543764196,0.8454119090225009,0.009771470263108656,0.016814721400334052,0.07624067868852144,0.04500980738266379,4.1731988494807944E-5,
5,0,0.6738660722014145,0.28941611163374303,6.318100957195358E-4,0.0061243616958609115,0.028166246070874163,0.0017799808969136597,1.541740547423299E-5,
5,4,0.05416937389557394,0.4362063030221341,3.522769544009184E-4,0.012332200630755024,0.48765972503931887,0.00927143678645852,8.683671358643415E-6,
5,1,0.005585198671853691,0.6924865923196427,0.003195355880113138,0.2845157561785109,0.009031803378327222,0.005171646847852074,1.3646723700234156E-5,
5,3,0.3169717782815121,0.11372441265536735,0.006025036035026939,0.5364716006054924,0.017030009444135172,0.009751451728011902,2.571125045412081E-5,
5,0,0.7299004537755003,0.1851275911520403,4.041429498372844E-4,0.01414787961186475,0.0597734930834445,0.010636477252624663,9.962174688003214E-6,
5,4,0.0020543284065396004,0.14512853467525327,0.055180026529183926,2.0588049591810883E-5,0.7927616030770979,0.004842142022077759,1.277724025569009E-5,
5,4,0.0021548834346807343,0.15223226932736456,0.008569673812480555,3.8501022942123974E-4,0.8315656059097829,0.005079154627142961,1.3402659127077454E-5,
5,1,0.001690708319027506,0.9132788005276172,0.006723713483954494,6.580687174420329E-5,0.07424538160222667,0.003985073551326433,1.051564410331877E-5,
5,1,0.005693053130457947,0.7173179667883188,0.022640486042055562,2.21588793863908E-4,0.2500034437612092,0.004088052584813996,3.540889928051883E-5,
5,1,0.005676294364943842,0.7152063821378701,0.02257383874613023,0.0031646584571054007,0.2492675031339737,0.004076018494650373,3.530466532616159E-5,
5,1,0.0016892296394751115,0.91248005442057,0.00671783297959251,9.403410705048968E-4,0.07418044720378586,0.003981588238863711,1.050644720770949E-5,
5,1,0.0016850916317780534,0.9102448050498702,0.006701376694474442,0.0033876794677610337,0.07399873167244113,0.003971834773500616,1.0480710174449912E-5,
5,1,0.0017674757405029664,0.9547466621425837,0.007029006916945868,0.0041619615320099765,0.028117882830274787,0.004166017725719183,1.0993111963315893E-5,
5,1,0.09605857783413016,0.39150805646822767,0.019220238713943346,0.12326013923567816,0.07926640224882212,0.2906045650152562,8.202048394221377E-5,
5,0,0.5318981763212749,0.23280640338688477,0.012333912630014343,0.005522113952138586,0.03090149469476286,0.18648526525226064,5.263376266398132E-5,
5,1,0.0044630711268018675,0.7897696408018869,0.006499677875046294,4.472796530383017E-5,0.1959902930612442,0.003204830349908124,2.775881980887251E-5,
5,0,0.9612875960303932,0.0035738258683183617,2.5338185635952843E-4,1.6689309040331023E-4,0.03187437538225457,0.0028376868460955056,6.240926175308355E-6,
5,0,0.9536528350293365,0.015059025692506453,2.513694410081839E-4,1.7620511402145075E-4,0.024238743543810438,0.006615692151415728,6.129027901134896E-6,
5,5,0.3390163132068097,0.03105754492051903,0.018961128871597975,0.009034661238759413,0.01157596424143283,0.5902734727627824,8.091475809876008E-5,
5,2,0.0109895747674451,0.023482765020085936,0.7667307439676493,0.03249492354291061,0.0011729949096517492,0.1651063649920378,2.263280021947591E-5,
5,4,0.17976166702978041,0.36686512612387656,0.03288327695430931,0.005654152561639906,0.3903091857903726,0.024471310626926857,5.528091309459429E-5,
5,1,0.008127193292491675,0.8970832865240523,0.004139430837128336,0.02536187807297766,0.0026835108759460332,0.06258702171902505,1.7678678378860037E-5,
5,5,0.028764057253774167,0.10422246031213099,0.37240913510984397,0.02388766816822718,0.03850883075864216,0.43214856225939396,5.9286137987658885E-5,
5,2,0.02493755063273815,0.00487689322592662,0.6906359356800806,0.04569458981019204,0.0016494736839494347,0.23217373056441587,3.182640269700237E-5,
5,5,0.05157532327283188,0.024429958194844212,0.41379810434529957,0.026542506274252437,0.003411407147903204,0.4801768780611122,6.582270375641113E-5,
5,2,0.1294977355271884,0.10235098876994354,0.4081608024501808,0.10383936623779409,0.11179234398035832,0.14429378536515494,6.49776693798813E-5,
5,5,0.12110007533706582,0.02253449143714019,0.38169241898424217,0.023005081690095793,0.008686207334303262,0.44292100955229835,6.071566485452693E-5,
5,5,0.09718411190079604,0.009047644429292574,0.37118687388041594,0.08873197688421706,0.0030601144409952165,0.4307302339124083,5.9044551874773486E-5,
5,5,0.024220304140139055,0.005461490205647418,0.2526151634277137,0.02112717270345209,0.008702028425005021,0.6878591259663587,1.4715131684127877E-5,
5,2,1.4720042335539444E-4,0.009402578083599776,0.9545526878324399,0.003167955635520693,0.0013048428380079212,0.031422504483372776,2.2307037033616484E-6,
5,5,0.1320272276518202,0.011695469310139883,0.19809952155324906,0.012706819433290249,0.018634896804423835,0.6268045536331169,3.1511613959945414E-5,
5,5,0.034623432855487066,0.016138276847714694,0.10912876646332192,0.02492319391383249,0.003718871846654758,0.8114500990024888,1.735907050029341E-5,
5,5,0.04851746409489095,0.010765542779265244,0.3922923367111997,2.619197792562698E-4,0.006847965777217976,0.5413031909467676,1.1579911402105648E-5,
5,4,0.21938671314711852,0.07180698181893792,0.020008137733324237,4.113130770658335E-4,0.4293991039210783,0.2589693659014521,1.8384401023135013E-5,
5,5,0.25222249344374437,0.006351885603961466,0.0021005554128385906,5.69000181488712E-6,7.504678918590467E-4,0.7385653791577704,3.5284880112915945E-6,
5,5,0.4375217015462909,0.004398805550139418,0.012577628606508642,9.870250832351538E-6,3.17221247225701E-4,0.5451686520519693,6.1207470337308035E-6,
5,5,0.03634013766124797,0.036196791187922815,0.009014382741143584,7.074005882783465E-6,2.273523750443423E-4,0.9182098717987693,4.390229989072973E-6,
5,5,0.014585464045542375,0.03698121472500368,0.007285858595140339,1.2106998312291751E-4,0.0029134364127897864,0.938108470867389,4.485371011898668E-6,
5,5,0.13900440213901455,0.0029357084127655223,0.0024318012669520637,6.587283314608423E-6,5.844024396387683E-4,0.8550330135474552,4.084910859213495E-6,
5,5,0.25172844892879354,0.0063521396162427475,0.002096440919060124,0.0014713308794502195,0.0012294147103531741,0.7371187033695666,3.521576533555218E-6,
5,5,0.43050115600157945,0.027211077885662183,0.003585292973380582,1.731434487874556E-4,0.0021025214125166324,0.5364207857455587,6.022532515076983E-6,
5,5,0.07482806502074707,0.020924543344611697,0.0025598581660957144,1.236224416178259E-4,0.00150117623501963,0.900058434772592,4.300019316067274E-6,
5,5,0.42201853521585936,0.04514159493039614,0.003514648144034802,6.043301838338551E-4,0.002863869485264779,0.5258511181764406,5.9038641705606636E-6,
5,1,0.04262043114306111,0.5755166927326613,0.06087462646753467,8.636270626155088E-4,0.06447656248910257,0.25561020291667336,3.78571883514331E-5,
5,5,0.003433168611016228,0.021804179202388675,0.0017149664182802128,3.0328752737482827E-5,0.0010166243624217801,0.9719996768735849,1.0557795705868457E-6,
5,5,0.05703398374684723,0.4068730116756345,0.011719046498176792,5.659443014169246E-4,0.08271269371784237,0.44107561887300395,1.9701187078081728E-5,
5,2,0.029581141271711294,0.25572213425746976,0.5068587852247762,2.853475391665057E-4,0.0017700504879564218,0.20577003297780114,1.2508241118717289E-5,
5,2,0.0017372790237541584,0.005471941513759216,0.9797067693282763,3.520286257058692E-5,0.0026281709624218284,0.010419093187821438,1.5431213964141845E-6,
5,5,0.07628149295749893,0.24026530127767007,0.10895261417198573,0.0015457084766148817,0.11539931238440698,0.4574878144288212,6.775630300236202E-5,
5,5,0.012955416312985754,0.2352631818451597,0.018504179982065057,1.8355474780720147E-5,0.007399368385288533,0.7258481063275644,1.139167215595837E-5,
5,5,0.035036299191886576,0.05253405192468286,0.1116468714812496,2.3631064045135993E-5,7.594817737658766E-4,0.7999849987854939,1.4665778876033146E-5,
5,1,0.2883205797980365,0.4281763770942385,0.04528987142679072,4.492590828679024E-5,0.04796966149320429,0.19017041906032825,2.8165219115235086E-5,
5,5,0.01303061356360412,0.23662872225073897,0.01861158397634689,1.8462015643935895E-5,0.00163789022995842,0.7300611536464429,1.1574317264794036E-5,
5,5,0.2220280635137728,0.06045478232581211,0.012853402273523808,1.275010843532596E-5,4.097773571123543E-4,0.7042333115203165,7.91290102725711E-6,
5,5,0.012955416312985754,0.2352631818451597,0.018504179982065057,1.8355474780720147E-5,0.007399368385288533,0.7258481063275644,1.139167215595837E-5,
5,5,0.013842406937649702,0.08791363188292749,0.006914680208267244,6.859111741380159E-6,0.0010016714749094375,0.8903164935209165,4.256863588239012E-6,
5,1,0.011509109578194147,0.8960093328318792,0.006019739695027636,1.630632050004734E-5,0.017411082032969472,0.06902430960394884,1.0119937480540304E-5,
5,5,0.4382230186724008,0.011036059653619285,0.0036496020689292326,1.656089263387397E-4,8.770603016693726E-4,0.5460425198188733,6.1305581692794425E-6,
5,5,0.07684438403350768,0.020691460501770863,0.006340664128976206,0.004324187160450218,5.52010183608293E-4,0.89123664301946,1.0650972226667143E-5,
5,5,0.0595815580496719,0.03281492253909226,0.006399706042210487,0.0011004047547507213,5.57150297751242E-4,0.8995355081663927,1.0750150130633691E-5,
5,5,0.4393888361054303,0.010655047992466433,0.008826135148451632,0.00601922125332561,0.00719187187126384,0.527904061592164,1.4826036898148672E-5,
5,5,0.434730669774152,0.010542088850726305,0.03014329157992637,0.0015015308776226604,7.60246056679083E-4,0.5223075040017392,1.4668859154359394E-5,
5,5,0.24304462918675163,0.005893759639524989,0.01685219294124653,0.003329486953911839,4.2503033207261454E-4,0.730446700035718,8.200910774517312E-6,
5,5,3.307851250681747E-4,0.037386210574182364,0.007365648902480887,4.637895533104585E-4,0.006066965104546083,0.9483820662483353,4.534492076616348E-6,
5,5,0.33885597506668236,0.008217156150055598,0.023495546024718462,0.004642013905078687,5.925828029580353E-4,0.6241852922343135,1.143381619348042E-5,
5,5,0.4328030180208254,0.01049534387166287,0.030009632344668684,0.005929001627955157,7.568750277961231E-4,0.5199915252915472,1.4603815544524166E-5,
5,5,0.2459891395258855,0.005965163135471474,0.004941257519765091,0.0033698240261302572,4.3017961766440464E-4,0.7392961359094428,8.300265640521473E-6,
5,5,0.3446070688753822,0.008356618456572129,0.006922225402823143,0.004720798578785989,6.026401711026085E-4,0.6347790206433931,1.162787194093241E-5,
5,5,0.12256250623991606,0.007444708770491772,0.002461949770491851,0.0016789931418356263,2.143342270146447E-4,0.8656333722962931,4.135553957057206E-6,
5,5,0.24090794651199923,0.014633263934471834,0.016704039950540126,0.0033002163746192973,4.2129375517386744E-4,0.7240251106592374,8.128813958275237E-6,
5,5,0.25511770354300634,0.015496394968918999,0.005124625719195333,0.0034948769224014175,4.4614342072611185E-4,0.7203116471403898,8.608285362061408E-6,
5,5,0.12256250623991606,0.007444708770491772,0.002461949770491851,0.0016789931418356263,2.143342270146447E-4,0.8656333722962931,4.135553957057206E-6,
5,0,0.5347877661777611,0.03248415274261614,0.010742442028934221,0.0018471214471891863,9.352233892494318E-4,0.41918524918783456,1.804502641511698E-5,
5,0,0.6261536293724472,0.09783727751748611,0.07614257056547966,0.0027935786798381655,0.003904383018091204,0.1931412478977161,2.7312948941415588E-5,
5,5,0.12260304779671034,0.007447171351363321,0.0024627641408854328,1.189335097770026E-4,0.0014442374385118624,0.8659197088408253,4.136921926763197E-6,
5,5,0.10648787825083737,0.06993493756825404,0.005445015819809819,2.629544711530751E-4,0.00319311767201199,0.8146669424633749,9.153754558946159E-6,
5,0,0.8508056668758561,0.014256481411559186,1.9426820957684158E-4,5.360418784132724E-5,0.01578980128615541,0.11889831348855935,1.864540451744067E-6,
5,5,0.22518546830315583,0.02634343114336967,0.018580738712329712,0.003194886310554066,0.001617615565110677,0.725046648261477,3.121170400299019E-5,
5,5,0.11093868167874738,0.017153411171548175,0.019580817156082005,2.7394500529476814E-4,0.0033265782997731483,0.8487170379266333,9.528761921312805E-6,
5,5,0.232760012493098,0.060051653827732206,0.0046755200829145145,2.257934506444298E-4,0.0027418627046565222,0.6995372973052466,7.860135707726541E-6,
5,5,0.06935957524952556,0.010574237858889965,0.0013932465613318919,2.6686197482250534E-4,8.170408247985927E-4,0.9175866971716204,2.3403590109482015E-6,
5,5,0.11139432368433143,0.017223862835030565,0.015554086749480589,2.750701390149772E-4,0.0033402410618080377,0.8522028476323416,9.567897992941386E-6,
5,2,0.007051275690578687,0.06503636932144967,0.6345966525258437,0.0149062611318554,0.008705299173023207,0.2696671467231147,3.69954341344504E-5,
5,0,0.6089980363175147,0.05293619666602821,0.03694676504227581,0.04821214321492955,0.007907885920154515,0.24496539295379324,3.357988530409464E-5,
5,0,0.49679891809946863,0.10816859094466823,0.17220935366940054,0.14410869764679987,0.01780724539303817,0.06087977916320741,2.741508341732342E-5,
5,0,0.29681456503708875,0.18478372729381293,0.051487726860517675,0.2461799867602452,0.08057495182625148,0.14011220920656925,4.683301551478263E-5,
5,5,0.05309199248102849,0.004703088747069406,0.2749778970346979,0.07215903208103353,0.0027146941899723965,0.5923406237287001,1.2671737498257105E-5,
5,0,0.4836470467773603,0.024792627242914582,0.029341956352971238,0.010753703736369288,0.07165913320806738,0.3797788645957392,2.6668086578164833E-5,
5,5,0.18530592666068388,0.1153633407906261,0.03214458473878534,0.04316639959793966,0.2079366600509445,0.41605384958461444,2.923857640610241E-5,
5,5,0.06089793848988403,0.047047184175054046,0.07490127316991427,0.2485993325580395,0.011598037696219268,0.5569443099090373,1.19240018516009E-5,
5,0,0.4820058515978259,0.1049476798256286,0.02924238812931419,0.03926909062430532,0.1891629513628848,0.15534543970922307,2.659875081802547E-5,
5,5,0.01703384766555365,6.743217252303807E-4,0.002952463737759114,1.339747020167063E-4,0.003223976457086393,0.9759764561988656,4.959513488091307E-6,
5,1,0.00948372776519687,0.4863277697548101,0.037715475540858474,0.0060330730403796145,0.003054629150129349,0.45732633911235154,5.898563627399444E-5,
5,1,0.12709568470699903,0.6143802568769638,0.0075020609563366016,9.203882150329162E-4,0.0016592123677021495,0.24841035708018083,3.203979678464333E-5,
5,4,0.010896272355230458,0.24276211137614218,0.29267793587278124,0.026162389357168137,0.3711875956167917,0.056245924227499154,6.777119438694286E-5,
5,1,0.021965369648397088,0.48937465393315477,0.08735324149225386,0.052739738360122274,0.23504641852956476,0.1133839607340305,1.3661730247665864E-4,
5,1,0.005359849344680233,0.6884719660541475,0.021315380604219315,0.003409667947297449,0.2026683685408492,0.07874143102638537,3.3336482420860835E-5,
5,1,0.0068626482250506975,0.8815062909423146,0.027291804202484147,6.877602506918027E-5,0.07343563585528606,0.010792161357557289,4.268339223788446E-5,
5,4,0.03660599864489611,0.28523133312044235,0.17574526145659178,1.2830382682668692E-4,0.43612379269310503,0.06608568305431872,7.962720381930272E-5,
5,0,0.38564894018624524,0.29178878857376883,0.008942614481238113,0.015493277137263431,0.001977816047246322,0.2961103714624476,3.819211179033002E-5,
5,1,0.0020236171794971694,0.9461600046818707,0.0038310663057783156,6.684745350628651E-4,8.565055301684702E-4,0.046454340118825335,5.9916487970404994E-6,
5,1,0.005534132348001731,0.8493498046858173,0.010477094276999305,0.00673198258560235,8.485545290952208E-4,0.12704204577890896,1.6385795575132814E-5,
5,1,0.0055668318035519545,0.7150588365488518,0.008107111107946494,9.94618620822309E-4,0.001793029821395759,0.2684449482528745,3.462384455697242E-5,
5,1,0.006147303403392851,0.9434561041716787,0.004261804028734166,5.228582153166308E-4,0.002601875203460043,0.042991853667695916,1.820130972160157E-5,
5,1,0.032429913919498475,0.6935412427517337,0.007863151429704018,9.646884970730563E-4,0.004800534841128053,0.2603668866191322,3.358194173053194E-5,
5,1,0.0323373810619435,0.6915623490308516,0.007840715358088654,0.003815253947267036,0.004786837388592581,0.2596239770914854,3.348612177127197E-5,
5,1,0.1176089803167836,0.6476678568495694,0.01984943967177528,0.0024352228614561936,0.012118287123565344,0.20023544020352013,8.477297333015455E-5,
5,1,0.0055668318035519545,0.7150588365488518,0.008107111107946494,9.94618620822309E-4,0.001793029821395759,0.2684449482528745,3.462384455697242E-5,
5,1,0.013759366335802157,0.8413620394918585,0.026048921353321545,0.016737549580828057,0.0058237167966506305,0.09622766687301335,4.073956852571977E-5,
5,1,0.004495757440810641,0.9125493591768048,0.002289828273671491,0.004327408545887653,5.064356866336474E-4,0.07582143925857852,9.771617613409273E-6,
5,1,8.336588298439438E-4,0.9783114870964572,5.779592003963562E-4,0.0010090527512256547,1.27825814653625E-4,0.019137547959666684,2.4683477564752725E-6,
5,1,9.875034790217136E-4,0.9698935268594359,0.003927164953662392,0.009800280314687439,8.77990155279311E-4,0.01450739229431511,6.141943598026688E-6,
5,1,0.005402497624919939,0.6939501322221209,0.021484986924651995,0.01380502589789389,0.004803365081101925,0.2605203905087548,3.3601740556502676E-5,
5,1,0.005606465094804759,0.8604510578735418,0.0038868515119668393,4.7685727242398595E-4,8.596453877957302E-4,0.12870252289669645,1.6599962770272317E-5,
5,1,0.005606465094804759,0.8604510578735418,0.0038868515119668393,4.7685727242398595E-4,8.596453877957302E-4,0.12870252289669645,1.6599962770272317E-5,
5,1,0.005525877829669521,0.848082944211154,0.010461467009464048,0.006721941395733617,0.0023388538939580145,0.12685255430492534,1.6361355095314604E-5,
5,1,0.26747313809617485,0.6290912489178199,0.0012483099210937564,8.750410992610376E-4,0.02933150951933734,0.07194998144930882,3.077099700417994E-5,
5,1,0.005455936716172521,0.7008143766911057,0.02169750681018254,9.159560251678234E-4,0.007984947900602446,0.26309734174281707,3.39341139520155E-5,
5,1,0.014215353254693662,0.8692448703357389,0.009855223631437402,0.0012090853086480714,0.0060167154140136694,0.09941666237314546,4.208968232279739E-5,
5,1,0.018850634756822086,0.8468406043653158,0.009601211144309995,0.0011779218588995344,0.02663436559080218,0.09685425743788319,4.1004845967069056E-5,
5,1,0.006289174732515331,0.8078436938251708,0.025011179324108658,0.0011236786954069021,0.06729902660628508,0.0923941302388951,3.9116577618046434E-5,
5,1,0.006299550231488815,0.809176425347589,0.009174186585659655,0.05731432773706115,0.025449772518074655,0.09254655647035169,3.9181109774996056E-5,
5,1,0.0065703611991530944,0.8439620596717888,0.009568575114284494,0.01678927281604678,0.026543831184041758,0.09652503455065256,4.0865464032429936E-5,
5,1,3.970464286787423E-4,0.978766937895444,5.782282680533076E-4,9.809751834791466E-4,1.2788532368544463E-4,0.01914645740376893,2.469496890439953E-6,
5,1,9.604149003242963E-4,0.943288013371549,0.003819437417339774,0.033936712653691914,0.0038800136260594685,0.014109434569398357,5.973461637157985E-6,
5,1,3.972372336742046E-4,0.9792372950316733,5.785061419594632E-4,2.7564851505093607E-4,3.531839511308395E-4,0.01915565844287713,2.4706836341276958E-6,
5,1,0.0053799952315895455,0.6910597026632237,0.02139549801414388,9.61236772747459E-4,0.021734830227700425,0.2594352753074498,3.3461783145119375E-5,
5,1,0.0064633231136471654,0.8302130312137266,0.025703743384536584,0.016515757926256865,0.02611140429215361,0.09495254034698129,4.0199722697858215E-5,
5,1,0.008983577435503525,0.9703797310305767,0.0014388460053787124,6.85586091491151E-4,0.003991449616107374,0.014514664798410175,6.145022532480393E-6,
5,1,0.003530242644485624,0.4534592183098411,0.3273146391950905,3.5379353371363964E-5,0.045402451268883384,0.1702361122918001,2.19569365277168E-5,
5,1,0.018850634756822086,0.8468406043653158,0.009601211144309995,0.0011779218588995344,0.02663436559080218,0.09685425743788319,4.1004845967069056E-5,
5,1,9.79502574464511E-4,0.962035300834006,0.00389534646122956,0.0024546714331307516,0.01623923533836898,0.014389851178170677,6.09218062952331E-6,
5,1,3.5479653247337377E-4,0.8440265451931165,0.001410976809307764,0.0031657613436808754,0.1458274052048294,0.005212308200020797,2.2067165711514343E-6,
5,2,0.13375287926592808,0.105714122242859,0.4215724878041709,0.0962801395341668,0.04182938013760162,0.20078393164335984,6.705937191397008E-5,
