1,1,0.010321044945942187,0.9052940247688724,0.08438493028518526,
2,2,0.04039134474816544,0.002409283813734255,0.9571993714381003,
2,2,0.2670297497228061,0.001298523038575841,0.7316717272386182,
0,0,0.6572881046050096,0.340410403669628,0.0023014917253625176,
0,1,0.1860158452707037,0.813332820975228,6.513337540683308E-4,
2,2,0.04729456668251682,0.009407829775778212,0.9432976035417049,
1,1,0.06663149127080574,0.5515436216321771,0.3818248870970171,
2,2,0.013313329735062262,0.1110927317839497,0.8755939384809881,
2,2,0.4865767697534774,0.0037709292447351173,0.5096523010017875,
0,0,0.8700609175812887,0.031168291380223402,0.09877079103848792,
2,2,0.16829219658429792,0.006225064161935974,0.825482739253766,
1,1,0.1100842773018475,0.8892036300301297,7.120926680227398E-4,
2,0,0.6697531807577273,0.005190531100268645,0.3250562881420041,
1,1,0.4281235121300953,0.5632388828573823,0.008637605012522451,
1,1,0.14228046682756487,0.843945068835145,0.013774464337290243,
1,1,0.018332524134168283,0.977062391498046,0.004605084367785758,
0,1,0.20530505260193344,0.792452788819788,0.0022421585782786487,
2,2,0.017437266386077326,0.14032788552436565,0.8422348480895571,
0,2,0.36108112643014484,0.0028314871608559095,0.6360873864089992,
1,1,0.01067031145065522,0.9885471832151033,7.825053342414944E-4,
1,1,0.49883252670720685,0.4997958953877704,0.0013715779050227966,
0,0,0.6617792421740937,0.3372357917257495,9.849661001569434E-4,
1,1,0.005920551480465765,0.9901555925332415,0.0039238559862927,
0,0,0.9276992477553921,0.004511253324134655,0.06778949892047308,
1,1,0.008542613469285863,0.6693334647406732,0.3221239217900409,
2,2,0.3834396599458867,0.004791967247211945,0.6117683728069013,
1,2,0.021395698643728103,0.17181766851430705,0.8067866328419648,
0,1,0.2497604086028666,0.7493330063761241,9.065850210094814E-4,
0,0,0.9803304367918664,0.013698366568905053,0.0059711966392285145,
1,2,0.009528069947741623,0.06950323940049383,0.9209686906517646,
1,1,0.02292866382705976,0.9685502669263089,0.008521069246631385,
2,2,0.08603611086562098,0.1357983690247426,0.7781655201096365,
1,1,0.04770722290304043,0.9500217380258458,0.002271039071113794,
2,2,0.005192360499761435,0.014602963171118004,0.9802046763291206,
1,1,0.0036873110228374008,0.9767816728693612,0.01953101610780118,
2,2,0.03704909486891887,0.009241847832017801,0.9537090572990634,
1,1,0.06461256472409058,0.933607488944656,0.0017799463312533456,
2,2,0.008730508909339702,0.49163412852572747,0.49963536256493285,
1,1,0.15951221338537272,0.8377242722608707,0.002763514353756495,
2,2,0.00307727486431299,0.011082618105176556,0.9858401070305105,
0,0,0.7858942810090256,0.021440285898864243,0.19266543309211012,
2,2,0.206991002714569,0.2721048351252944,0.5209041621601367,
0,0,0.712981326683118,0.003467114356109984,0.28355155896077194,
1,1,0.038752568494182356,0.96017987610986,0.0010675553959576195,
1,1,0.013559716611714429,0.8448262751009675,0.1416140082873181,
2,1,0.039904514679225594,0.7237737426164477,0.23632174270432663,
1,1,0.479723679846141,0.5191786420437936,0.0010976781100653706,
0,0,0.7218067793552173,0.0015572015055510362,0.27663601913923164,
0,0,0.9772275289512821,0.020546735134385093,0.002225735914332942,
1,1,0.0442011720785922,0.9530153516790746,0.0027834762423331527,
2,1,0.005091415753073061,0.7657893232410842,0.22911926100584287,
1,0,0.5486552578351576,0.45009512354914333,0.0012496186156992599,
1,1,0.3057876970225681,0.6933734209956002,8.388819818317053E-4,
0,0,0.9614004502592958,0.004675136891132171,0.033924412849572004,
1,1,0.036382124154523764,0.9624534457857514,0.0011644300597248123,
1,2,0.016368163383795518,0.3136533014347121,0.6699785351814924,
2,2,0.004659819831068034,0.4499625292557896,0.5453776509131423,
0,0,0.9930399945305463,0.0021124816488571224,0.004847523820596462,
1,2,0.009724087464932498,0.05036046801371209,0.9399154445213553,
0,0,0.9852360128053572,0.008536751856353946,0.006227235338288816,
2,2,0.004979602928954797,0.09542114541982666,0.8995992516512185,
1,1,0.06520166795903762,0.9336687273450615,0.0011296046959009128,
2,2,0.054715279924935245,0.013648654385258011,0.9316360656898068,
2,2,0.4959419770529221,0.006612423696443659,0.4974455992506344,
2,1,0.014475756758469443,0.60166141895137,0.3838628242901605,
1,1,0.40501127686925165,0.5886440109774465,0.006344712153301901,
1,1,0.06925397371058455,0.923612845629863,0.007133180659552474,
1,1,0.006575742290171144,0.9910273975630102,0.002396860146818636,
2,2,0.12079208685089829,9.361285641922725E-4,0.8782717845849094,
2,2,0.09312450173528476,0.007519577657443022,0.8993559206072721,
1,1,0.00539004286506296,0.9809104427781835,0.013699514356753486,
0,0,0.797519777699802,0.2006553801272911,0.0018248421729067923,
2,2,0.008302100998182542,0.27019196582647365,0.7215059331753438,
2,2,0.002444197866102244,0.001767260254895739,0.995788541879002,
0,0,0.9682081677830204,0.02744757983132326,0.004344252385656381,
1,1,0.06219425256029306,0.9362898189357519,0.0015159285039549704,
0,0,0.9916803316193893,0.0034018699123631985,0.0049177984682475875,
1,1,0.03741657535394532,0.9587838905758868,0.0037995340701677607,
2,2,0.08155815597650479,0.025899625366788175,0.8925422186567071,
0,0,0.8314162169349784,0.16669014736712345,0.0018936356978982128,
1,1,0.009923307505766475,0.9879878303443755,0.0020888621498580872,
1,2,0.03759501086035199,0.23129545935789156,0.7311095297817564,
2,2,0.027084801334392918,0.001723607199023574,0.9711915914665835,
1,1,0.20004954708829417,0.7982942960694117,0.0016561568422940845,
1,0,0.7428277478856011,0.25589066883604006,0.0012815832783589166,
2,2,0.25549260497862347,0.0013442467423076723,0.7431631482790688,
0,0,0.6563620419406572,0.053535869087198984,0.29010208897214396,
2,2,0.03419764224230649,0.4610272940108028,0.5047750637468907,
2,2,0.03142205952752955,0.42360894279143935,0.5449689976810312,
1,1,0.13220921584243409,0.8451936593833416,0.022597124774224337,
1,1,0.06780259823225228,0.906999656317064,0.025197745450683613,
2,2,0.08084863024141412,0.005144999196960875,0.914006370561625,
0,0,0.965055727382116,0.005077536462502741,0.02986673615538123,
2,2,0.008795686948896814,0.005345829377680319,0.985858483673423,
1,1,0.3027902860622051,0.6951793006144283,0.0020304133233665345,
1,2,0.003846268485433214,0.37140420845534955,0.6247495230592173,
1,1,0.008089780380506473,0.9894099313754067,0.0025002882440868226,
0,0,0.5640650031097431,0.43540821565550686,5.267812347500061E-4,
1,1,0.005842026699473189,0.944437675130677,0.04972029816984984,
1,1,0.2233876795510663,0.7727421775564876,0.0038701428924459865,
0,0,0.9574939731946855,0.011966106374075367,0.03053992043123906,
1,1,0.2049704178267285,0.7927142979426516,0.002315284230619832,
1,1,0.2081492068592576,0.7901275813755796,0.0017232117651628405,
0,0,0.9703777127588364,0.001298209772533485,0.028324077468629902,
2,2,0.49129483030544197,0.003807493819165682,0.5048976758753924,
0,0,0.9849479865241861,0.004584310163129468,0.010467703312684288,
2,0,0.8070996745412296,0.0010797699402216386,0.19182055551854885,
1,1,0.019176538959751892,0.9715291034912296,0.009294357549018481,
2,2,0.02263720834055266,0.003293057534430889,0.9740697341250165,
1,1,0.035902436995495106,0.9537733928436379,0.010324170160867008,
0,0,0.8517067330937956,0.14520172581354265,0.0030915410926617673,
1,1,0.037530690740488044,0.9617080490069831,7.612602525287811E-4,
2,2,0.4696905236515439,0.001592373733130895,0.5287171026153251,
0,0,0.980913971214269,0.0037706580345473017,0.015315370751183797,
0,0,0.991043187128313,0.004667303817980622,0.004289509053706471,
1,1,0.02333838937066204,0.766876718801008,0.20978489182832974,
0,2,0.012259601201375194,0.0017834165546369194,0.9859569822439879,
0,0,0.9239067891274589,0.049547944348439135,0.026545266524101826,
0,0,0.8604660737328376,0.0018304587934387022,0.13770346747372367,
2,2,0.0028641607338173235,0.09685887348572647,0.9002769657804562,
1,1,8.685495033472012E-4,0.9641264535450949,0.03500499695155788,
2,0,0.6129824122755833,0.0013039898736571063,0.3857135978507596,
1,1,0.3418338131505115,0.6569282026419612,0.0012379842075275007,
0,0,0.5611387838870432,0.43758316498645733,0.0012780511264994924,
2,0,0.49805815481772175,0.00622439099134962,0.49571745419092866,
1,0,0.7450702949372378,0.2536592972155731,0.0012704078471890217,
1,1,0.103289208034956,0.8312286937707518,0.06548209819429214,
0,0,0.8236617430057694,0.17515569003784887,0.0011825669563815333,
2,2,0.003926374577737621,7.218704785967247E-4,0.9953517549436656,
1,1,0.17344769977374977,0.8242638607148965,0.0022884395113536822,
0,0,0.9675594507565694,0.009846265962916444,0.022594283280514237,
0,2,0.19505865014087753,0.007215145069779647,0.7977262047893428,
2,2,0.21775245150478967,0.0010588954050208162,0.7811886530901896,
0,0,0.8955085470733257,0.03738573963408748,0.06710571329258669,
2,2,0.028828726263679674,0.231508426779726,0.7396628469565943,
1,1,0.0037539260240815188,0.9452767956822776,0.05096927829364095,
2,2,0.028269138142720734,0.008977153524037117,0.9627537083332421,
0,0,0.5868291221035814,0.02449897417547284,0.38867190372094573,
1,1,0.4327707664313726,0.5571608541663212,0.01006837940230625,
1,1,0.04577847280742238,0.9169987563936215,0.037222770798956174,
1,0,0.7363492240249498,0.2584198952572204,0.005230880717829638,
0,0,0.5696382128047647,0.0027700596796723905,0.4275917275155629,
1,1,0.04000865856770812,0.9416973968283253,0.018293944603966522,
2,2,0.005465745290571698,0.17788273897049095,0.8166515157389372,
1,1,0.07540042097107562,0.6291768408076188,0.2954227382213055,
1,1,0.0905032407208639,0.9045676082018294,0.004929151077306591,
2,2,0.014578816666620116,0.05250472078892602,0.9329164625444539,
1,0,0.5588200728356068,0.44035008541101767,8.298417533755082E-4,
2,2,0.00986804934096563,0.03630137104723789,0.9538305796117965,
0,0,0.7741099180855039,0.0016467544158953965,0.2242433274986006,
0,2,0.2088390047044654,0.01864856478723935,0.7725124305082952,
0,1,0.16156063665283277,0.8374261982509081,0.0010131650962591043,
0,0,0.4969767488274461,0.35797794752643897,0.14504530364611498,
1,1,0.010798951575030306,0.9869300801379919,0.0022709682869779986,
2,2,0.08579143059928016,0.005117331606280312,0.9090912377944395,
1,1,0.014396557787625674,0.5714026577432394,0.41420078446913494,
2,2,0.01513331896973128,0.16170858241411448,0.8231580986161542,
0,0,0.9904689971319169,0.008284990745058955,0.0012460121230241281,
2,0,0.5955794356255298,0.016248232979759934,0.3881723313947102,
1,1,0.17728922337968933,0.8212362516393633,0.001474524980947325,
2,2,0.2441588112907298,0.014563711005191765,0.7412774777040784,
2,2,0.020047348261295936,0.07219930444887952,0.9077533472898246,
2,2,0.0028204468280768353,0.002039304448070588,0.9951402487238526,
2,2,0.017567493788044362,0.005208313990084045,0.9772241922218715,
0,0,0.8899167176510303,0.10882340416100704,0.001259878187962587,
0,1,0.47947744607145887,0.5179285998933026,0.0025939540352384115,
0,0,0.997776771731486,0.0013348653198001163,8.883629487137156E-4,
2,2,0.18029208460377613,0.037490810635224026,0.7822171047609998,
2,2,0.012739250687993425,0.043587909612622884,0.9436728396993836,
0,0,0.9893016711903503,0.010125387566510888,5.729412431387709E-4,
2,2,0.03376588960588489,0.09989774133376877,0.8663363690603464,
2,2,0.01147878380713248,0.07088865161424779,0.9176325645786196,
0,0,0.9677138715972492,0.028021853801514278,0.004264274601236503,
0,0,0.9116567959615863,0.04576156046962321,0.042581643568790385,
0,1,0.4352975550758149,0.5604139105847208,0.004288534339464302,
0,0,0.705024302242148,0.16650927620134434,0.12846642155650756,
0,0,0.9727194682776494,0.020466864200676123,0.006813667521674458,
0,0,0.817666152046562,0.18047152943842698,0.0018623185150110338,
1,1,0.004798542195740292,0.994736901074724,4.6455672953556567E-4,
1,1,0.03424272446716882,0.9637595086009952,0.0019977669318359285,
0,1,0.13227886217949714,0.8660661495732336,0.0016549882472692082,
1,2,0.01627585908156904,0.29024433514129216,0.6934798057771389,
1,1,0.12414214542385667,0.8751650992174641,6.927553586793624E-4,
1,0,0.5009006597853536,0.4904213453843781,0.008677994830268331,
0,0,0.7001225350071855,0.28774444672876537,0.012133018264049012,
2,2,0.1693180719378978,0.004698120183360398,0.8259838078787418,
2,2,0.0225576187819734,0.016310129253996997,0.9611322519640295,
0,0,0.9425904175402957,0.020698013523566646,0.0367115689361377,
2,1,0.018454265992325046,0.6388202434105371,0.3427254905971379,
2,2,0.3701582878600479,0.0046259857208295245,0.6252157264191226,
0,0,0.9851780782029699,0.006493901953953479,0.008328019843076483,
0,0,0.5267753791819018,0.47100815528336853,0.002216465534729681,
0,0,0.7165791364974491,0.25158866299634863,0.03183220050620228,
0,0,0.8389796280731776,0.16023684747136066,7.835244554615671E-4,
0,0,0.9891432391443025,0.00994587769301173,9.108831626857515E-4,
2,2,0.2990287003802301,0.0023174474026991616,0.6986538522170708,
1,1,0.014438701394124355,0.8471677328487583,0.13839356575711717,
2,2,0.028969541549554573,0.2277546931049989,0.7432757653454465,
2,2,0.09785690350250872,0.0029825317769431336,0.8991605647205481,
0,0,0.9410022674025736,0.05459814953361194,0.004399583063814205,
2,2,0.4329085537541754,0.0023667324834115494,0.5647247137624131,
0,2,0.34196607087631087,0.007596727624169741,0.6504372014995193,
1,1,0.11519264051613388,0.8836724861340239,0.0011348733498421945,
0,0,0.5972011302281464,0.0017441117799702616,0.40105475799188345,
2,2,0.010344550330278727,0.42019799961809673,0.5694574500516245,
0,0,0.5766039751417805,0.0019824785289786844,0.4214135463292408,
0,0,0.9785205385305694,0.018735621399755396,0.0027438400696750934,
1,1,0.4761635505090849,0.5227519381728583,0.0010845113180568131,
2,2,0.16808709116631296,0.052739508863569165,0.7791733999701179,
0,0,0.9530831995546377,0.0020561494235169834,0.044860651021845215,
1,1,0.0939653151355825,0.8931811865145522,0.012853498349865286,
1,1,0.03658660072584956,0.9210268187621811,0.042386580511969425,
1,1,0.03191675346475712,0.9409689799012153,0.0271142666340278,
1,1,0.002132634674982538,0.7917301544282023,0.2061372108968153,
0,1,0.43610846652127583,0.561457900032834,0.0024336334458901227,
1,1,0.44872960401006623,0.534383394417625,0.01688700157230878,
1,1,0.03678737482233869,0.9453827646587117,0.017829860518949428,
0,0,0.8953272368336057,0.0849209519024711,0.01975181126392318,
0,0,0.8070996745412296,0.0010797699402216386,0.19182055551854885,
1,0,0.5785741088209102,0.41932577201474697,0.0021001191643427123,
1,1,9.659293496257312E-4,0.9952495096397107,0.0037845610106636445,
1,1,0.0024648042862743433,0.9619359424715599,0.03559925324216576,
1,1,0.09614379079946876,0.9032115001633395,6.447090371918409E-4,
1,1,0.009461298660553064,0.9299442570455951,0.060594444293851975,
2,2,0.008783099090910592,0.15368704310469927,0.8375298578043902,
0,0,0.8499482272637613,0.1416781163329709,0.00837365640326788,
2,2,0.0026558739794917794,0.14650459960522286,0.8508395264152855,
1,0,0.7327124063864757,0.2597340321794215,0.007553561434102727,
1,1,0.05262738440121141,0.9309003544714379,0.01647226112735065,
2,2,0.056525507125547464,0.07344865960933526,0.8700258332651172,
2,2,0.4573293846021304,0.008746125704690315,0.5339244896931793,
0,0,0.9413737846016625,0.058081030969649505,5.451844286879317E-4,
2,2,0.0032648790922828017,0.10502825213272955,0.8917068687749877,
2,2,0.06500522003327179,0.03539802873362712,0.899596751233101,
0,0,0.7473939337004281,0.005792240437940519,0.24681382586163148,
1,1,0.01833346771077517,0.9808900880898306,7.7644419939426E-4,
1,1,0.23848661631667714,0.7609702059572581,5.431777260648903E-4,
2,2,0.035303652063470324,0.0013058686243701389,0.9633904793121596,
2,2,0.033071507987094725,0.004306290090210636,0.9626222019226948,
1,1,0.001502652353175859,0.9939890605443901,0.004508287102433931,
2,2,0.12079208685089829,9.361285641922725E-4,0.8782717845849094,
2,2,0.24686626331261968,0.009879893068551863,0.7432538436188284,
2,2,0.010917433412416418,0.1440067293754756,0.8450758372121081,
0,0,0.9874351002324242,0.0013210298216967589,0.011243869945878867,
2,2,0.001415482049946333,0.24354205113421182,0.7550424668158419,
0,0,0.6592581220592479,0.002235057477334089,0.33850682046341796,
0,0,0.9881673231062019,0.007416704609979498,0.004415972283818691,
1,1,0.1165926231201282,0.8456100322012311,0.03779734467864064,
0,0,0.9777168107390342,0.005144151384911345,0.017139037876054506,
1,1,0.03150295853477899,0.5512401142406077,0.41725692722461327,
0,0,0.9757357450875579,0.022041916688845118,0.002222338223597113,
1,1,0.30935014140775663,0.6592363368903954,0.03141352170184784,
0,1,0.3746744324295591,0.6226639537598814,0.0026616138105594544,
2,2,0.08348408204319317,0.0030880443524242012,0.9134278736043826,
1,1,0.38995051308869844,0.5722975765077598,0.03775191040354168,
2,2,0.4571707209430331,0.003833417040432592,0.5389958620165343,
0,0,0.6946416404120869,0.3043610323993512,9.973271885619704E-4,
1,1,0.2132795142256793,0.46939285599171054,0.3173276297826103,
1,0,0.542913930473113,0.43316516373305114,0.02392090579383591,
1,1,0.2740535077698499,0.7166736012932777,0.009272890936872327,
0,1,0.47614638197301024,0.5227267559184857,0.0011268621085041715,
0,0,0.984137071426908,0.014315984346496355,0.0015469442265956717,
0,0,0.9071173593948694,8.328520503874001E-4,0.09204978855474337,
0,0,0.5640650031097431,0.43540821565550686,5.267812347500061E-4,
2,2,0.0762646475613247,0.2746624858409395,0.6490728665977359,
0,0,0.5693272710621905,0.4208092579710801,0.009863470966729453,
0,0,0.9146590170266389,0.006864986920248236,0.0784759960531129,
2,2,0.06723622177522884,0.00248704219834283,0.9302767360264284,
2,2,0.06947070811721982,0.35842531850693954,0.5721039733758406,
2,2,0.007566885006361841,0.02048027000968668,0.9719528449839515,
2,2,0.4585331776035076,9.776464504469742E-4,0.5404891759460455,
2,2,0.028665209821474365,0.007902074175378512,0.9634327160031472,
2,2,0.14203650233024762,0.008472266723410735,0.8494912309463417,
1,1,0.11620832853054773,0.8825936751736903,0.0011979962957620357,
1,2,0.014187890123140506,0.45081672177646975,0.5349953881003897,
1,1,0.0064402359510945355,0.971638632891626,0.021921131157279554,
0,0,0.9893016711903503,0.010125387566510888,5.729412431387709E-4,
0,0,0.8155617697822749,0.18322438027407845,0.0012138499436466416,
2,2,0.01589043239033623,0.003963847393736331,0.9801457202159274,
2,1,0.00694706228758599,0.697053360561222,0.2959995771511919,
1,1,0.3272250854110468,0.6698713641071808,0.0029035504817724357,
1,1,0.004659202445888784,0.6584495410951161,0.33689125645899504,
1,1,0.12860289334690894,0.8698323799226604,0.0015647267304306444,
0,0,0.5547573020810238,0.4437884962107193,0.0014542017082569373,
2,2,0.014993095551564313,0.195342485288494,0.7896644191599417,
0,0,0.9001342690696834,0.09758409599501512,0.0022816349353013614,
0,0,0.9591950042913966,0.012798672117209324,0.02800632359139396,
0,0,0.712981326683118,0.003467114356109984,0.28355155896077194,
1,1,0.007404342698537501,0.8219883825014277,0.1706072748000348,
2,2,0.23042806274350577,0.0019321597421915716,0.7676397775143027,
2,2,0.07850879194244367,9.811493147564869E-4,0.9205100587427999,
0,0,0.8584043090698416,0.13421027297091778,0.0073854179592406635,
1,1,0.16313858522578334,0.8358383541832942,0.0010230605909224537,
1,1,0.1642343471013827,0.835169511981607,5.961409170103221E-4,
0,0,0.7752329848085907,0.22404302383100758,7.239913604016818E-4,
0,2,0.43041551226947855,0.007063201819634857,0.5625212859108867,
1,1,0.003746037201881195,0.992338444471309,0.0039155183268096165,
1,1,0.03953711741743715,0.9423845499983534,0.018078332584209617,
0,0,0.9632827481667418,0.007465360682654781,0.029251891150603605,
2,2,0.24521157959092196,0.002495369589900807,0.7522930508191773,
0,1,0.39333456088949387,0.5998510035147783,0.006814435595727873,
2,2,0.006726094787942588,0.47871113209602995,0.5145627731160274,
0,0,0.6129824122755833,0.0013039898736571063,0.3857135978507596,
0,0,0.954672166773165,0.03663490132672797,0.00869293190010693,
1,0,0.6785490172684303,0.3210580098611038,3.929728704658825E-4,
1,1,0.24303736683653063,0.7551529954831653,0.0018096376803041956,
1,1,0.004931196539028267,0.9810980568586762,0.01397074660229555,
1,1,0.3359344082681058,0.6622481998586327,0.0018173918732615675,
1,1,0.16821892173949504,0.8110920267271521,0.020689051533352903,
2,2,0.3463818096904157,0.004395848112671832,0.6492223421969125,
1,1,0.0025569656009434495,0.9492609277391283,0.04818210665992832,
1,1,0.05080695970609954,0.906030960734128,0.043162079559772464,
2,1,0.002369067962107361,0.8082438030304779,0.1893871290074147,
0,0,0.9970570997878303,0.0014589197839146863,0.0014839804282550451,
2,2,0.4193718902839473,0.00325009705311827,0.5773780126629344,
0,1,0.16656500318231904,0.7552782720244171,0.07815672479326387,
1,1,0.05939611673605646,0.9399329625823294,6.709206816141517E-4,
1,1,0.007393044123915279,0.5063796370428046,0.4862273188332801,
2,1,0.06659560057933943,0.523565778427852,0.4098386209928085,
2,2,0.028969541549554573,0.2277546931049989,0.7432757653454465,
2,2,0.026219033393142504,0.2785142267480811,0.6952667398587764,
1,0,0.6624067297738145,0.3338968155684275,0.00369645465775797,
0,0,0.6444333608349713,0.3537947207121254,0.0017719184529032047,
2,0,0.6592581220592479,0.002235057477334089,0.33850682046341796,
0,2,0.46185484213301203,0.0022459263569324455,0.5358992315100555,
2,2,0.4571707209430331,0.003833417040432592,0.5389958620165343,
1,1,0.33795139099873134,0.6461572974272756,0.015891311573993053,
2,2,0.07850879194244367,9.811493147564869E-4,0.9205100587427999,
1,1,0.1546925626302062,0.8318864663163087,0.013420971053485165,
1,1,0.037517276381427586,0.9613643117395314,0.0011184118790410129,
2,2,0.2487375258365056,0.002531251007293628,0.7487312231562008,
2,2,0.0015242165515417536,0.08583198113457911,0.9126438023138791,
1,2,0.0029382323245740727,0.05576552438865919,0.9412962432867668,
1,1,0.013808214154194025,0.9848549842617972,0.0013368015840088824,
0,2,0.1696503010108251,0.002745179088356818,0.8276045199008181,
2,2,0.3260383040732015,0.009489603429647678,0.6644720924971507,
1,1,0.04037605553240821,0.9523695433981187,0.0072544010694731145,
1,1,0.05022472125427146,0.9484375716746198,0.0013377070711086457,
2,2,0.013096192257615227,0.3378297345348079,0.6490740732075768,
2,2,0.015021866966450474,0.023710335267673875,0.9612677977658756,
0,0,0.9787728821616221,0.020323738249658052,9.033795887198016E-4,
2,2,0.05724138613013353,0.0046221031007367165,0.9381365107691297,
2,2,0.03225650443497648,0.00192405265304681,0.9658194429119767,
0,0,0.6156836674559191,0.34554494299565525,0.0387713895484257,
0,0,0.9816999971591592,0.005108517120350962,0.013191485720489829,
0,0,0.9933904796497366,0.00394318233560618,0.0026663380146572497,
1,0,0.6226779809465527,0.3750618108259048,0.002260208227542486,
2,1,0.055548912779068045,0.6480890022504421,0.2963620849704897,
1,1,0.49271477174468303,0.5032061740789826,0.004079054176334464,
1,1,0.023545171623569873,0.9757583356756488,6.964927007811525E-4,
1,1,0.017595326787993453,0.5744647048277999,0.4079399683842067,
2,1,0.01382506212345923,0.6115397366099821,0.3746352012665588,
2,2,0.0030374523192426045,0.023880047242266535,0.9730825004384909,
0,0,0.9470405991979192,0.050797341575632975,0.0021620592264479342,
1,1,0.032185958599866796,0.9664509277082197,0.0013631136919134278,
2,2,0.1346698069795238,0.001043679733784271,0.8642865132866918,
2,2,0.00661657048984186,0.004784065239800196,0.9885993642703579,
1,1,0.005540978405325377,0.8659938567971427,0.12846516479753184,
1,1,0.056643516275731,0.8379699151339344,0.10538656859033466,
1,0,0.5785741088209102,0.41932577201474697,0.0021001191643427123,
1,1,0.0028090970381196016,0.9958391918669686,0.0013517110949118319,
1,0,0.9617307857549612,0.03683781210807554,0.0014314021369632752,
2,2,0.05117908752674844,0.016252441925473406,0.9325684705477781,
2,2,0.02322568133027263,7.07883962493429E-4,0.976066434707234,
2,1,0.028555746106833105,0.5752364740157726,0.39620777987739425,
0,1,0.4456872170103372,0.5515576292362326,0.0027551537534301488,
2,0,0.6825696205478068,0.0023140895548486883,0.3151162898973444,
1,1,0.021376649161569113,0.9767825995545417,0.001840751283889148,
0,0,0.8906654355071135,0.017033394577400766,0.09230116991548566,
1,2,0.004120502719848447,0.21801824611935822,0.7778612511607933,
2,0,0.7084119575327046,0.038473879687815134,0.25311416277948023,
0,0,0.9457294712381803,0.005029956811365778,0.04924057195045412,
2,0,0.8715805640861617,0.002954886093439388,0.1254645498203989,
1,0,0.5817666896422014,0.41736743178231533,8.658785754832567E-4,
2,2,0.008195967558949031,0.004463043044897933,0.987340989396153,
1,0,0.5697044289334543,0.4264372666878012,0.0038583043787445565,
2,2,0.1871572674999347,0.0014676297407902937,0.811375102759275,
1,0,0.6107040596145136,0.38588800419733127,0.0034079361881552673,
0,0,0.6312449629972732,0.3676811490100309,0.0010738879926960663,
1,1,0.23226009282438417,0.7004673661578995,0.06727254101771629,
1,1,0.25194094442463866,0.7471445556044811,9.144999708802451E-4,
0,0,0.7218067793552173,0.0015572015055510362,0.27663601913923164,
1,1,0.0846884094697564,0.9128844500830918,0.0024271404471517687,
1,1,0.11014701741052627,0.8862265668361253,0.003626415753348322,
1,1,0.29250298857326645,0.7069923628859479,5.046485407855801E-4,
0,0,0.9777559429889607,0.004540527422328853,0.01770352958871034,
1,0,0.5798727660768762,0.41540810902657777,0.004719124896546039,
0,0,0.9812661918148442,0.011270342857820618,0.007463465327335036,
0,0,0.978157870055125,0.01753183339576077,0.0043102965491143026,
2,2,0.019215212168402978,0.36469082919291224,0.6160939586386849,
2,0,0.6151274905471358,0.0029912667744547558,0.38188124267840945,
2,2,0.015100947906163491,0.01157668561606894,0.9733223664777676,
0,0,0.9552671585964894,0.0413879771870168,0.003344864216493882,
1,1,0.04821549601245865,0.94540160714373,0.006382896843811266,
1,1,0.06842314739518518,0.7283799535873282,0.20319689901748672,
1,1,0.031087906459799784,0.9407506399758248,0.02816145356437528,
0,0,0.6240245999199271,0.37333759238402353,0.0026378076960493725,
2,2,0.1810994777946302,0.005519640699610372,0.8133808815057594,
1,1,0.052277815658214516,0.9436320211307905,0.0040901632109949645,
0,0,0.9923145158995337,0.0062774492826567765,0.0014080348178094535,
0,0,0.7705956152238856,0.003747283442509548,0.2256571013336047,
1,0,0.8237981310204419,0.16192974579001482,0.014272123189543337,
1,1,0.01831309571342185,0.9760269214722809,0.005659982814297212,
0,0,0.7598050917345838,0.23487265509254449,0.005322253172871728,
0,0,0.9407803688155368,0.007888526827970947,0.051331104356492414,
1,1,0.01670688969648608,0.9576283831400029,0.025664727163511102,
1,1,0.0015467028297078758,0.9635714726862978,0.034881824483994406,
2,1,0.011332785669003495,0.8077041652392983,0.18096304909169802,
0,2,0.1262370385735207,0.0015776243759310462,0.8721853370505481,
0,0,0.9681210339531354,0.002064147456884254,0.029814818589980373,
2,2,0.08318021699172397,0.006716600782576184,0.9101031822256999,
0,2,0.4825337291149024,0.0010288184378624055,0.5164374524472353,
2,2,0.3001936595700484,0.1634678535304455,0.5363384868995063,
1,1,0.3485935987604342,0.5947893697712343,0.056617031468331434,
1,1,0.015444623107187304,0.8956206583855764,0.0889347185072362,
1,1,0.0033850334074070486,0.8523858787052416,0.14422908788735136,
2,2,0.0059276259542699935,0.03124788536822901,0.9628244886775009,
2,2,0.043061989316074516,0.007917018160512105,0.9490209925234134,
2,2,0.03492256943441336,0.07491920231006742,0.8901582282555192,
1,1,0.008285091219934893,0.9618549991156113,0.029859909664453805,
2,1,0.0027067883798788375,0.5928647731003699,0.40442843851975135,
1,2,0.0037525501947373715,0.28784762871997355,0.7083998210852891,
2,0,0.5225294379063307,0.0025409772287911677,0.474929584864878,
0,0,0.7700210787473671,0.228832852275793,0.0011460689768400332,
2,2,0.022687516182467664,0.04867140769751828,0.928641076120014,
0,0,0.9833986756240063,0.002096721178656781,0.014504603197336919,
0,1,0.24059351861969464,0.7569261931967008,0.0024802881836045107,
1,1,0.12197011701475284,0.8743938826964613,0.0036360002887856568,
0,0,0.8338811437433576,0.16047142382526616,0.00564743243137632,
0,0,0.9565609880989207,0.021004788399454875,0.02243422350162441,
2,2,0.003206361231349849,0.4708482659396402,0.52594537282901,
0,0,0.9172285913102877,0.08192483273457343,8.465759551388E-4,
2,2,0.22362019938849284,0.05796286584548578,0.7184169347660213,
1,1,0.3968679300746971,0.6014622043172781,0.001669865608024789,
2,2,0.17442614479331608,0.0014625786935095072,0.8241112765131745,
2,2,0.20878762728770786,0.0016180866383674025,0.7895942860739248,
2,2,0.012706066209539733,0.003767024664788387,0.983526909125672,
1,1,0.05422543869660431,0.835078478561361,0.1106960827420346,
2,2,0.08579143059928016,0.005117331606280312,0.9090912377944395,
2,2,0.02078093690059398,0.07440001547378958,0.9048190476256164,
0,0,0.7792710782584389,0.21895405194461415,0.0017748697969469805,
1,2,0.0025887493193150336,0.08402099780948946,0.9133902528711955,
0,0,0.9340115850866684,0.06271797700427878,0.0032704379090528163,
1,1,0.01567579508303175,0.8541153722758029,0.13020883264116526,
1,1,0.1459520018719633,0.8515134596558469,0.0025345384721898725,
0,2,0.41650801289624234,0.0032661277607304528,0.5802258593430273,
2,2,0.008265493209551203,0.19280455554720446,0.7989299512432443,
1,1,0.005298200683078175,0.6629279331981613,0.33177386611876053,
2,2,0.012518337146026239,0.018486126581675262,0.9689955362722984,
1,1,0.05546845839351743,0.9369366125313343,0.007594929075148306,
0,0,0.5117067926288643,0.48270480240927227,0.005588404961863346,
0,0,0.7218067793552173,0.0015572015055510362,0.27663601913923164,
2,2,0.4300541513730502,0.0033328836825769737,0.5666129649443729,
2,1,0.008553815483716575,0.6413230440259601,0.35012314049032317,
2,2,0.26559005920148715,0.17225547275493802,0.5621544680435748,
1,1,0.12540982991988026,0.8738903406111554,6.998294689642831E-4,
0,1,0.4330330335715454,0.5665625561657105,4.0441026274409434E-4,
1,1,0.3332330460456576,0.6649074003148512,0.00185955363949118,
2,2,0.10699154479158997,0.10080877740488262,0.7921996778035274,
0,0,0.895813893547651,0.09782241994378069,0.006363686508568285,
1,1,0.04463425101626887,0.9530439546742123,0.002321794309518964,
0,0,0.9695218815979953,0.029572680321127975,9.054380808766019E-4,
0,0,0.9136813128396862,0.08422805036497852,0.0020906367953351357,
0,2,0.051008121990290096,0.0018867709769915689,0.9471051070327183,
2,2,0.15463710936709682,0.00808187434066156,0.8372810162922415,
1,1,0.16943966743035452,0.8301726297696195,3.8770280002585765E-4,
1,1,0.00573533731918088,0.8422237659661158,0.15204089671470325,
1,1,0.05831385548202765,0.8297170552185478,0.11196908929942452,
1,1,0.016704954337833946,0.9801365030988002,0.003158542563365908,
0,1,0.021673846624109896,0.9639617731145917,0.014364380261298399,
0,0,0.7183160424277952,0.003493056227028515,0.27819090134517616,
0,0,0.6671829759308845,0.3303952707750888,0.0024217532940267908,
2,2,0.013592732210541005,0.02150031259275927,0.9649069551966998,
2,0,0.6756485581344995,0.005298228230654293,0.3190532136348461,
0,0,0.9570040671195722,0.008024563977089425,0.034971368903338435,
1,1,0.0058490122220497,0.9455669734103866,0.04858401436756371,
1,1,0.007100139140212591,0.7882174184821554,0.20468244237763195,
0,0,0.7788800638357972,0.2146897431154743,0.006430193048728428,
1,1,0.018322577686231398,0.9803074423349435,0.00136997997882519,
0,0,0.9733631301247209,0.025770243426412875,8.666264488661703E-4,
0,0,0.9839231708272261,0.01236036220310823,0.003716466969665605,
2,2,0.0288438175735708,0.0017204909427895212,0.9694356914836397,
1,0,0.6040007235402975,0.3919490437644988,0.0040502326952037765,
1,1,0.2946361215714208,0.6993875757310754,0.005976302697503827,
2,1,0.20422433614959448,0.6054930959482688,0.19028256790213674,
0,0,0.8983034948418563,0.09964105506487451,0.0020554500932690608,
2,2,0.13725340720704096,0.0017152994345895373,0.8610312933583696,
1,1,0.0834016670730095,0.9139290163208873,0.002669316606103054,
0,0,0.9873632250440417,0.009856957666360548,0.0027798172895977472,
1,1,0.01411880029116579,0.8092807303055012,0.17660046940333302,
0,0,0.7878974539144098,0.0016798896715859754,0.21042265641400423,
2,2,0.07395163395136659,9.86001506943549E-4,0.9250623645416899,
0,0,0.6812623342197346,0.3162704083630594,0.0024672574172058363,
1,1,0.4090276532984871,0.5892513177162642,0.0017210289852487577,
2,2,0.14739157538530703,0.00281876758750968,0.8497896570271832,
1,1,0.020436806812906542,0.9270394540053548,0.05252373918173855,
1,1,0.02163263700808086,0.9703357836207919,0.00803157937112722,
2,2,0.057092971054399824,0.024642337410116528,0.9182646915354836,
1,1,0.04474149818986685,0.8591809991785406,0.0960775026315925,
2,2,0.10095332303642174,0.014685781747008818,0.8843608952165695,
0,0,0.978151079823812,0.01674423769335137,0.0051046824828365886,
1,1,0.018204778339529982,0.9702539667170593,0.01154125494341083,
1,1,0.04512611035411997,0.8748290504297445,0.0800448392161355,
1,1,0.12134799041197337,0.8335989716178299,0.04505303797019669,
0,0,0.5669160541026304,0.43255450206140506,5.294438359645619E-4,
2,2,0.08091390648560477,0.05247885879475964,0.8666072347196355,
2,2,0.3949449781298323,0.010774646730540396,0.5942803751396273,
0,0,0.9800637986072743,0.01854554960843455,0.0013906517842910877,
0,0,0.7413521022097773,0.25754699795095115,0.001100899839271451,
2,0,0.7778688949744297,0.16011489021502456,0.06201621481054563,
2,2,0.00940398332744109,0.0029744878178586346,0.9876215288547002,
0,0,0.8619793421428353,0.13678307665862335,0.001237581198541192,
2,2,0.46656617414504076,0.002268836812289384,0.5311649890426697,
2,2,0.07508250576652642,0.0027772732504649233,0.9221402209830086,
1,1,0.010488931761104638,0.9816901223801134,0.007820945858781967,
1,1,0.11736521039136545,0.8579534426332877,0.024681346975346866,
2,2,0.00528468430560313,0.13632386123714962,0.8583914544572472,
0,0,0.5829174432751701,0.41606893455150673,0.0010136221733230873,
2,2,0.3079364560430996,0.008400933580748724,0.6836626103761517,
0,0,0.9826393950351059,0.011286114797417547,0.006074490167476599,
0,0,0.632082131560475,0.003361792055420147,0.364556076384105,
0,0,0.9881938094543652,0.0074001030056013994,0.0044060875400334315,
0,0,0.8837084111736856,0.004297332909473486,0.11199425591684097,
0,0,0.570525620950473,0.42865525062352655,8.191284260004283E-4,
2,2,0.00881430762385858,0.1775583526856431,0.8136273396904984,
2,2,0.4883528963346871,0.003829513244320666,0.5078175904209923,
2,2,0.014147196672516524,0.3069278006752358,0.6789250026522476,
1,1,0.1232603162021537,0.8386439253140573,0.03809575848378902,
1,1,0.07735470499114167,0.9222146072547263,4.306877541320846E-4,
0,0,0.7268178868844564,0.27152671084115787,0.001655402274385744,
1,1,0.003848323144629109,0.9810737482933688,0.015077928562001993,
0,0,0.5076843817491428,0.008215043179759386,0.4841005750710978,
2,2,0.029913799922796375,0.10773272952106787,0.8623534705561358,
2,1,0.021446130688893953,0.633621310749692,0.344932558561414,
2,2,0.2990287003802301,0.0023174474026991616,0.6986538522170708,
2,1,0.002189814499488981,0.6386108563359554,0.35919932916455555,
1,1,0.03410342367182135,0.902508264760109,0.06338831156806968,
0,0,0.98121661142072,0.01656952382658552,0.0022138647526943485,
1,1,0.005042785832974155,0.6633021889946682,0.3316550251723577,
2,2,0.32891143512374266,0.005564493238889998,0.6655240716373673,
1,2,0.005282346313548936,0.37648052688047423,0.6182371268059768,
0,0,0.9222890815133008,0.0019664283652057806,0.07574449012149337,
0,0,0.9131941732398403,0.08549471420308886,0.0013111125570706788,
2,2,0.2284757467414199,0.001770667916465524,0.7697535853421146,
1,1,0.2451016953845035,0.7483701594537413,0.006528145161755042,
2,2,0.4291073154265634,0.011706642669835106,0.5591860419036014,
0,0,0.9895226620179715,0.008213165060943765,0.002264172921084709,
2,2,0.48630999251142815,0.004068515696312057,0.5096214917922598,
0,0,0.9833460202580343,0.010438690199635389,0.006215289542330464,
2,2,0.09741460658428408,0.16354427262313986,0.7390411207925761,
0,0,0.9276992477553921,0.004511253324134655,0.06778949892047308,
1,0,0.9240701325097996,0.07507697698672496,8.528905034754632E-4,
0,0,0.5868291221035814,0.02449897417547284,0.38867190372094573,
1,1,0.006057974431433494,0.9793483635636354,0.01459366200493105,
2,2,0.002452963393502365,0.10725147511972243,0.8902955614867752,
0,0,0.7752329848085907,0.22404302383100758,7.239913604016818E-4,
1,1,0.0329262943917864,0.8612925304065245,0.10578117520168913,
2,2,0.017502337422891073,0.008897913151305004,0.973599749425804,
1,1,9.596674269088677E-4,0.9887975103130779,0.010242822260013329,
1,2,0.008934352901565724,0.21461296012519832,0.776452686973236,
0,0,0.7414328799284916,0.25489894697980625,0.003668173091702213,
0,2,0.30301782460474636,0.0023483627815955514,0.6946338126136581,
1,1,0.04877878213056841,0.9449609115308634,0.006260306338568061,
1,1,0.09478564854779868,0.9026897892617995,0.002524562190401918,
1,1,0.018369201479049475,0.9790171716494941,0.002613626871456572,
2,2,0.01199376959877444,0.001561726522649843,0.9864445038785756,
1,1,0.3997924669602547,0.5984596093555128,0.001747923684232531,
0,0,0.8023340106015592,0.18708013064356235,0.010585858754878412,
0,0,0.5847745809996652,0.0012468079112920578,0.41397861108904277,
1,1,0.09363030152283014,0.8916868581380316,0.014682840339138265,
2,2,0.2446924713760031,0.00189634617523104,0.7534111824487658,
1,1,0.14495062487001226,0.8544394793813275,6.098957486602123E-4,
1,0,0.5516578334384098,0.44602100535493167,0.0023211612066585553,
2,2,0.020921623908300914,0.06744415271776623,0.9116342233739327,
0,0,0.9924824788920001,0.004308806955966681,0.0032087141520332294,
2,2,0.0288438175735708,0.0017204909427895212,0.9694356914836397,
1,1,0.005984222892861653,0.6004441165398111,0.39357166056732723,
0,0,0.9865292295756308,0.0020986313794187977,0.01137213904495033,
0,2,0.06173792432646064,9.990059422808873E-4,0.9372630697312585,
1,1,0.24943344704666334,0.7451050323863371,0.0054615205669995975,
2,2,0.12014396990463676,0.05217107814855318,0.82768495194681,
1,1,0.023797505984439672,0.9743406013127864,0.0018618927027738812,
0,0,0.9737570138019545,0.01575675006470716,0.010486236133338395,
1,1,0.05380997571085966,0.7991966122381512,0.14699341205098906,
1,1,0.09036776066039562,0.9071427891105674,0.002489450229036942,
0,0,0.89579817574134,0.04530976149416486,0.05889206276449513,
0,0,0.7659942358749542,0.0016525300280684772,0.2323532340969774,
0,2,0.07850879194244367,9.811493147564869E-4,0.9205100587427999,
1,1,0.006965199113441061,0.9843384598855971,0.008696341000961774,
1,1,0.007435467062669378,0.9895634451446591,0.003001087792671508,
0,0,0.8832335193851297,0.11545488840837084,0.0013115922064993405,
1,0,0.6813640735914451,0.3140669202126324,0.004569006195922518,
2,2,0.007129394205714421,0.025676079254243415,0.9671945265400421,
1,1,0.450963211172871,0.5483655929855007,6.711958416283231E-4,
0,0,0.8746492314567198,0.0030004052813121605,0.12235036326196816,
0,0,0.7432499488009837,0.044333757203920666,0.21241629399509546,
0,0,0.9819112306949493,0.0033760050504978243,0.014712764254552774,
1,1,0.026552516873646258,0.9721989180073707,0.0012485651189830574,
0,0,0.919194826401723,0.07994673603707698,8.584375611998547E-4,
2,2,0.18606197854244053,0.001441964762465836,0.8124960566950936,
0,0,0.8802322807423016,0.11925794413867667,5.097751190216423E-4,
1,1,0.18250744128702862,0.8164741051691022,0.0010184535438691655,
0,0,0.729560019922321,0.003547733894355943,0.266892246183323,
2,2,0.12970177713373188,6.307190338425272E-4,0.8696675038324255,
0,0,0.9853922322085152,0.013687508364053143,9.202594274314043E-4,
2,2,0.05672724231079061,0.030890327765508964,0.9123824299237004,
0,0,0.9256189300391171,0.058307177457308984,0.016073892503573998,
0,1,0.34988463168050066,0.6493147809868767,8.005873326227054E-4,
0,0,0.5971391003869152,0.009321782662689381,0.3935391169503954,
0,1,0.3492749273899084,0.6499295631439368,7.955094661547392E-4,
2,2,0.4585331776035076,9.776464504469742E-4,0.5404891759460455,
0,0,0.9180744451829526,0.003156521553864918,0.07876903326318258,
1,1,0.27415479379422086,0.7222280543890407,0.003617151816738407,
2,2,0.07079951378211884,0.0018474220378779846,0.9273530641800033,
0,0,0.8833724697716515,0.026923869115714906,0.08970366111263357,
0,1,0.1642343471013827,0.835169511981607,5.961409170103221E-4,
