3,3,0.0017212149762519623,0.030931459350799547,0.1332369153493469,0.7199095699449174,0.09637521651886695,0.017639143968732823,1.8647989108440356E-4,
2,2,0.007881073130701403,0.20441282442958458,0.38882431848042853,0.32468699199086304,0.06595297680885338,0.008079596704399797,1.6221845516918993E-4,
2,2,0.007881073130701403,0.20441282442958458,0.38882431848042853,0.32468699199086304,0.06595297680885338,0.008079596704399797,1.6221845516918993E-4,
4,4,0.0010605794702774642,0.0065708631879658735,0.045260260013390306,0.3491463185579268,0.5080711858678986,0.08885466378332525,0.0010361291192157354,
3,4,0.007545063078354885,0.00794171894459598,0.054702746671697784,0.2860461013779937,0.6140682657036918,0.028443811180920136,0.0012522930427456467,
2,3,0.001485798173358631,0.017047000803714372,0.38584232772959404,0.4224616810496872,0.12721581548859331,0.045786402393706564,1.6097436134599583E-4,
3,2,0.0020119556893730415,0.023083761219230833,0.5224785441226396,0.3534316521981551,0.08862361139939458,0.009773810564109111,5.966648070977966E-4,
3,3,0.0027767118319853216,0.03185803407237852,0.21494149447465696,0.6021328621569383,0.12230996520736066,0.02561724325987521,3.63688996805097E-4,
3,3,0.0027767118319853216,0.03185803407237852,0.21494149447465696,0.6021328621569383,0.12230996520736066,0.02561724325987521,3.63688996805097E-4,
3,2,0.0020119556893730415,0.023083761219230833,0.5224785441226396,0.3534316521981551,0.08862361139939458,0.009773810564109111,5.966648070977966E-4,
2,2,0.0020755824519020746,0.023813769837775806,0.5390015811005392,0.3646086934836238,0.06520534108916373,0.005226770159528269,6.8261877467192E-5,
2,2,0.0020755824519020746,0.023813769837775806,0.5390015811005392,0.3646086934836238,0.06520534108916373,0.005226770159528269,6.8261877467192E-5,
2,2,0.0013094115331477294,0.08806312456156544,0.7164270271416995,0.1797307838759935,0.011449979973642367,0.002976608910616962,4.306400333455674E-5,
2,2,0.0040930776867443945,0.05427293810781333,0.7187465736069915,0.1803126908792886,0.03954527013380022,0.002986246155466203,4.32034298957161E-5,
4,3,0.0016887560396156682,0.01937559628272415,0.13072431311626795,0.7063334045982809,0.13258213758965834,0.009112829148823547,1.8296322462950653E-4,
2,2,0.0015262334607801943,0.06462543504146669,0.5981169829441193,0.2766912363010872,0.047947299467996585,0.011042617928936991,5.019485561300233E-5,
2,2,0.0012229979683066254,0.014031816516193733,0.6735032974598,0.2816947469706227,0.012317136376762206,0.017069818512878736,1.6018619543609148E-4,
2,2,0.0012229979683066254,0.014031816516193733,0.6735032974598,0.2816947469706227,0.012317136376762206,0.017069818512878736,1.6018619543609148E-4,
3,3,0.002118586689034379,0.03807251212495786,0.16399692033925548,0.6974458432885414,0.0933205459924522,0.004816059624382999,2.2953194137567437E-4,
3,3,0.0020779959022174488,0.01287430801866495,0.08867853609924804,0.6840832201361317,0.1554505792843594,0.048750426870203506,0.008084933689175107,
2,2,0.0010046659221039046,0.04278711357165735,0.7505308800424708,0.17147650014395407,0.03156202446759508,0.002529968326305439,1.0884752591341756E-4,
2,3,0.0014762199600045728,0.028871176149406264,0.38335499115704635,0.5001720435447168,0.07876093807531287,0.007171278331948515,1.9335278156460908E-4,
4,4,0.010945514694633377,0.025293866350916884,0.14394549301963383,0.21514340362611958,0.5245336342930389,0.07290305705877587,0.007235030956881681,
3,2,0.0063952400896745,0.030559790553551913,0.35949126674596704,0.28173004219363196,0.3112690103537836,0.009945956282274812,6.086937811161269E-4,
3,3,0.002003790374274392,0.048565782367711426,0.2325619510924337,0.6789231642234056,0.03551814029990282,0.0023612708668663282,6.590077540562608E-5,
4,3,0.0016888797907464856,0.035981765843567916,0.18767229867241492,0.5559848912328575,0.15081034863087878,0.06621187107849215,0.0016499447510421946,
2,1,0.010500533122480902,0.4571504065159969,0.42398771925919604,0.09750065071256361,0.010125640566378855,6.731596833580747E-4,6.189014002561001E-5,
3,2,0.0062167095520408505,0.05667398836017827,0.4622807812509358,0.410023550973058,0.055924095730639015,0.008647713545753671,2.3316058739434011E-4,
4,3,0.0016888797907464856,0.035981765843567916,0.18767229867241492,0.5559848912328575,0.15081034863087878,0.06621187107849215,0.0016499447510421946,
3,3,0.0013758543649420515,0.01578558305260476,0.35729136049895266,0.5754602056328357,0.043223073635474105,0.006683715748698559,1.8020706649199517E-4,
3,3,0.001133613130790137,0.016878287780463838,0.44137917605181487,0.4741412041673831,0.06082281217773019,0.005522088766062769,1.2281792575493406E-4,
2,3,0.0030143062566058577,0.06422011945447832,0.3498434533004669,0.5144821535922852,0.0534300163847084,0.014683375011256307,3.265760001989497E-4,
3,2,0.0068204396490902045,0.036445042690041216,0.5266513694189665,0.35625436818411294,0.06371128282763494,0.009851870045062355,2.656271850918772E-4,
3,3,0.0013758543649420515,0.01578558305260476,0.35729136049895266,0.5754602056328357,0.043223073635474105,0.006683715748698559,1.8020706649199517E-4,
3,3,0.0013758543649420515,0.01578558305260476,0.35729136049895266,0.5754602056328357,0.043223073635474105,0.006683715748698559,1.8020706649199517E-4,
2,2,0.0018110197506299509,0.04924219145120112,0.47029811227171703,0.4171345853655582,0.05689398677022997,0.00456054346683961,5.956092382399792E-5,
3,3,0.0021505025329060785,0.024673350031095435,0.1664674824984903,0.72863209797569,0.06755898858305964,0.010446852525271343,7.072585348734033E-5,
2,2,0.005319465539992814,0.01901951694828367,0.596936830627824,0.2761452932619645,0.08126864506786084,0.02126015273857664,5.009581549742802E-5,
3,3,0.0018408022857763517,0.018565255787332296,0.12704142881967084,0.49090437876545673,0.2913297246128881,0.06977250210946369,5.459076194119327E-4,
3,3,0.0018408022857763517,0.018565255787332296,0.12704142881967084,0.49090437876545673,0.2913297246128881,0.06977250210946369,5.459076194119327E-4,
3,3,0.001361176318164587,0.007922467222385028,0.4173053083509929,0.5466911636525079,0.02380142899329183,0.002905636648966623,1.2818813691259225E-5,
3,2,0.0019230546428626368,0.04660899386758648,0.7487530363887995,0.168939463193879,0.023578058504164418,0.009367638880889557,8.29754521818325E-4,
2,3,0.004895668985402905,0.027417046049898815,0.30287037586630483,0.5863407642447281,0.07479405255156153,0.0035302110569870116,1.5188124511675662E-4,
3,3,0.001361176318164587,0.007922467222385028,0.4173053083509929,0.5466911636525079,0.02380142899329183,0.002905636648966623,1.2818813691259225E-5,
1,2,0.0016934957481539678,0.07271515036859241,0.6593728827456811,0.23414913631021128,0.03001802002467592,0.001995619015150725,5.569578753460708E-5,
1,2,0.0016934957481539678,0.07271515036859241,0.6593728827456811,0.23414913631021128,0.03001802002467592,0.001995619015150725,5.569578753460708E-5,
2,3,0.0019082825167548057,0.01182284184541364,0.08143601239493525,0.7981518084172494,0.10181282275296011,0.004805472365303124,6.275970738340352E-5,
2,4,0.007625230869014902,0.0364373276080452,0.236302797674814,0.33591492803096534,0.37113509939205375,0.011858853116073497,7.257633090332229E-4,
2,2,0.0012260258732872265,0.008641183212979976,0.47952715787406575,0.2743775403026241,0.12714804786061074,0.10855104248120535,5.29002395226791E-4,
2,2,0.0012260258732872265,0.008641183212979976,0.47952715787406575,0.2743775403026241,0.12714804786061074,0.10855104248120535,5.29002395226791E-4,
3,3,0.0013328204155869706,0.015291841855181712,0.1031718195214258,0.5574609711381944,0.21093531208194227,0.11166283454416652,1.444004435023836E-4,
2,2,0.0012260258732872265,0.008641183212979976,0.47952715787406575,0.2743775403026241,0.12714804786061074,0.10855104248120535,5.29002395226791E-4,
2,2,0.0020126261802277242,0.023091453958624115,0.5226526618169073,0.353549434459368,0.08865314550954725,0.009777067718644498,2.636103566812491E-4,
1,2,0.004382498287843512,0.053395786951425564,0.8264447814050916,0.10009600642836863,0.012299297900929197,0.0031974029483470123,1.842260779944523E-4,
1,2,0.004382498287843512,0.053395786951425564,0.8264447814050916,0.10009600642836863,0.012299297900929197,0.0031974029483470123,1.842260779944523E-4,
3,3,0.0035347338430959364,0.03611725249256876,0.4445820065293806,0.47449271493810985,0.0356393602138172,0.005511023004600306,1.229089784273486E-4,
3,2,0.0017723633477214824,0.03602496888839673,0.46025955067748603,0.3843388438988835,0.10822963540448592,0.008609903141951439,7.647346410748918E-4,
3,2,0.0019021676034289886,0.021824130117991898,0.49396801597878426,0.41248703238174406,0.05975743689521044,0.009240474785453031,8.207422373875145E-4,
4,4,0.0012920765207291838,0.013031128486472369,0.05813345618217933,0.2801881436130802,0.42182962206002633,0.22426328384670408,0.001262289290808375,
3,3,0.0011634119451753933,0.013348168492914673,0.45593053779186643,0.4866047557544561,0.03654910102118559,0.006277978605184827,1.2604638921689368E-4,
2,2,0.0015755129234003658,0.06764921568749191,0.6134355514255039,0.285625122097077,0.027926718171758923,0.0035815216896036128,2.0635800516442433E-4,
3,3,0.0011562331989642847,0.013265804619661422,0.453117252579973,0.48360219757962736,0.03632357753265401,0.012036046052081554,4.988884370383489E-4,
3,3,0.0013592981621869667,0.027629026556994393,0.35299193146213736,0.5685354641160683,0.042702953200462065,0.006603287938959068,1.7803856319196297E-4,
3,3,0.0019434088546697182,0.025435092864830092,0.26466436319464076,0.6397767127090386,0.05850308065353255,0.009466788900688292,2.1055282260001873E-4,
2,2,0.0018854244746030777,0.040169171502084405,0.7341015012133746,0.1704718660575843,0.04685920580898852,0.004286025553713875,0.002226805389651242,
4,4,9.8601921788752E-4,0.009944413440135845,0.029397349397774282,0.2138192976920683,0.5737481372372795,0.17114149525340822,9.632877614463983E-4,
4,4,0.0030448399619410586,0.03985048591521337,0.12360475156427439,0.18614859142211657,0.4617570151276741,0.11540951698564061,0.07018479902313998,
3,3,0.0027188915899186675,0.04886041886291898,0.21046570800753675,0.589594482248315,0.11976307081450713,0.028302858295534167,2.945701812695089E-4,
3,2,0.034457644899928405,0.02233328274746998,0.5054921918728024,0.3419412003738391,0.08574236029766616,0.009456053230467923,5.772665778260781E-4,
4,4,0.0030448399619410586,0.03985048591521337,0.12360475156427439,0.18614859142211657,0.4617570151276741,0.11540951698564061,0.07018479902313998,
2,3,0.0044689386114131575,0.009365668146069529,0.345076382262833,0.5557865312463577,0.07089653246101069,0.013832592818411189,5.73354453904867E-4,
2,2,0.0019184097959718226,0.038993501701514985,0.49818590067573,0.3369988451359638,0.11714798381570482,0.0066922661011779875,6.309277393653161E-5,
4,4,0.0010784216545575306,0.0066814051654078095,0.029198623089674136,0.35502002546155714,0.5166184941834889,0.0903494704713622,0.0010535599739523009,
5,3,0.007315641531256306,0.026156757111257686,0.13490764833181407,0.7097672718879021,0.11176541526165693,0.01001837116749212,6.88947086206019E-5,
2,3,0.001377686304207654,0.015121408374584215,0.08872362627920655,0.576226426370548,0.2640929267942141,0.05386348544113112,5.944404361083626E-4,
2,2,0.0019184097959718226,0.038993501701514985,0.49818590067573,0.3369988451359638,0.11714798381570482,0.0066922661011779875,6.309277393653161E-5,
5,3,0.007315641531256306,0.026156757111257686,0.13490764833181407,0.7097672718879021,0.11176541526165693,0.01001837116749212,6.88947086206019E-5,
4,4,0.0010784216545575306,0.0066814051654078095,0.029198623089674136,0.35502002546155714,0.5166184941834889,0.0903494704713622,0.0010535599739523009,
3,3,0.002151819289469815,0.01333168381303199,0.0918289513163531,0.7083861268064792,0.1609731543293188,0.022399803159964562,9.284612853827327E-4,
3,3,0.0016176049754157804,0.010021937330966133,0.2315831185840249,0.532520982986452,0.21567867250623807,0.00787972370825016,6.979599086529634E-4,
2,2,0.0010452586551982378,0.028420908605437827,0.7808554874789602,0.15408840641402136,0.03283726313842301,0.002639430283729362,1.1324542422983421E-4,
3,3,0.0014714887185192048,0.03517035509951827,0.21713414410397097,0.6154599077651093,0.11552475026809851,0.015079929998544723,1.594240462390799E-4,
1,2,0.01663955738137129,0.4286218594698343,0.4730492379235671,0.07279270123583453,0.0070400027079094655,0.0018301634447719225,2.6477836711207746E-5,
1,2,0.01663955738137129,0.4286218594698343,0.4730492379235671,0.07279270123583453,0.0070400027079094655,0.0018301634447719225,2.6477836711207746E-5,
2,3,0.0014235224563252053,0.01003316375364583,0.09167549537896744,0.5953977007401969,0.2728793998314638,0.028436490554445616,1.5422728495529135E-4,
4,3,0.002020756027575839,0.02644740302332918,0.1951190840854148,0.5388943668848705,0.2185622048191093,0.018889726416893484,6.645874280689841E-5,
3,3,0.006078608855346348,0.04728379242008799,0.22642301810371265,0.661001643570178,0.04848640470253426,0.008422400524897004,0.002304131823243659,
3,2,0.001567865975031257,0.02334384845148208,0.5078733176664244,0.41811783829658256,0.04719798892074708,0.0018475766215479985,5.156406818456412E-5,
3,2,8.039142396964093E-4,0.021858678729322248,0.6005602942463694,0.3362424581226261,0.03541120888178988,0.004338064791363834,7.853809888321841E-4,
3,2,8.039142396964093E-4,0.021858678729322248,0.6005602942463694,0.3362424581226261,0.03541120888178988,0.004338064791363834,7.853809888321841E-4,
2,2,0.0012227197521416627,0.06173574397194692,0.4760733817245074,0.40252344312928956,0.054162634575074114,0.0030875453900974415,0.0011945314569428585,
2,3,0.005938477445633185,0.021867204840418628,0.22264332507754264,0.6457634378654741,0.08395298520735583,0.01758355536119565,0.002251014202380113,
3,3,0.006078608855346348,0.04728379242008799,0.22642301810371265,0.661001643570178,0.04848640470253426,0.008422400524897004,0.002304131823243659,
2,3,0.006078608855346348,0.04728379242008799,0.22642301810371265,0.661001643570178,0.04848640470253426,0.008422400524897004,0.002304131823243659,
3,2,0.001567865975031257,0.02334384845148208,0.5078733176664244,0.41811783829658256,0.04719798892074708,0.0018475766215479985,5.156406818456412E-5,
3,3,0.0021893839224200614,0.022080846406195547,0.16947723809254178,0.373684310603308,0.3464970790828397,0.08583393963671422,2.3720225598076092E-4,
3,3,0.0016002093055289153,0.02094333994182115,0.1023876424030346,0.6692981462860218,0.17307644723842325,0.03252084493173775,1.7336989343253237E-4,
2,2,0.009931431884220554,0.021648013144460757,0.4899817791150457,0.40915833303055993,0.05927520466533171,0.00919111917157765,8.14118988803659E-4,
2,2,0.0013477070724330366,0.05739668709849443,0.6671558328017467,0.23002680484684618,0.04233881398724623,0.0015881408993983245,1.4601329383518157E-4,
3,3,0.0013752857627676463,0.015779059312100913,0.3571437019606273,0.5752223840053844,0.04320521074658132,0.00668095355568987,5.934046568484999E-4,
2,3,0.0016440579739290032,0.011587525577572297,0.23537024089428818,0.5570388280913825,0.170501101574853,0.02364290996858282,2.1533591939216406E-4,
2,2,0.0013477070724330366,0.05739668709849443,0.6671558328017467,0.23002680484684618,0.04233881398724623,0.0015881408993983245,1.4601329383518157E-4,
3,3,0.0013752857627676463,0.015779059312100913,0.3571437019606273,0.5752223840053844,0.04320521074658132,0.00668095355568987,5.934046568484999E-4,
2,2,0.005035084085607509,0.13596611173026196,0.7534480131690297,0.09125490155723076,0.011212947041753839,0.002914988336712621,1.679540794036498E-4,
4,3,0.0016555977715814478,0.010257323242846509,0.044825857415062016,0.5609487360524553,0.3173666311086593,0.06472900702691832,2.1684738247710006E-4,
4,3,0.0016555977715814478,0.010257323242846509,0.044825857415062016,0.5609487360524553,0.3173666311086593,0.06472900702691832,2.1684738247710006E-4,
4,3,0.0016555977715814478,0.010257323242846509,0.044825857415062016,0.5609487360524553,0.3173666311086593,0.06472900702691832,2.1684738247710006E-4,
2,3,0.001888555981778925,0.013310778020340962,0.3799383343760635,0.43499360850425356,0.14127897031230757,0.026359248907840648,0.00223050389741479,
4,3,0.0016555977715814478,0.010257323242846509,0.044825857415062016,0.5609487360524553,0.3173666311086593,0.06472900702691832,2.1684738247710006E-4,
4,3,0.0016555977715814478,0.010257323242846509,0.044825857415062016,0.5609487360524553,0.3173666311086593,0.06472900702691832,2.1684738247710006E-4,
2,2,0.003668932370041595,0.024359409807766144,0.6173010347966741,0.34585907027900503,0.005969991115093674,0.002388254113385327,4.5330751803422247E-4,
3,2,0.003869601660154195,0.0824422801471311,0.42999924712625187,0.2753792773316867,0.1704626746904823,0.036699351461023134,0.0011475675832705308,
2,2,0.0014184189752009667,0.01627393938410657,0.5558654686840693,0.3782633752850331,0.04456025969990457,0.0035718889252002875,4.66490464850377E-5,
3,2,0.003869601660154195,0.0824422801471311,0.42999924712625187,0.2753792773316867,0.1704626746904823,0.036699351461023134,0.0011475675832705308,
2,2,0.003668932370041595,0.024359409807766144,0.6173010347966741,0.34585907027900503,0.005969991115093674,0.002388254113385327,4.5330751803422247E-4,
3,3,0.002432847436694549,0.0581479879353784,0.39936340867713094,0.42736790558491017,0.10716325760177048,0.005444581134865265,8.001162925029905E-5,
2,2,0.005386301439569585,0.04354774175630951,0.6276486751401641,0.19125956097276933,0.09780135871788039,0.03430368877471435,5.267319859281811E-5,
4,4,0.0015153819555999283,0.019833130158770668,0.03575536883998573,0.4041214220854927,0.4740698420894038,0.029774684705326696,0.034930170165420514,
2,3,0.0012395411474607602,0.007679627528230461,0.1447989843889117,0.4080611028834743,0.33316182135617867,0.10384795763999569,0.0012109650557484215,
3,3,0.0015446784141620283,0.017722551178116507,0.4011327551754076,0.5233670997297997,0.04852675583964496,0.00750384030932249,2.0231935354681984E-4,
3,3,0.0020285204019916186,0.014297264704438107,0.1570250112935435,0.6677957195322011,0.1517494193531576,0.0051223093475978995,0.001981755367070099,
2,3,0.0012395411474607602,0.007679627528230461,0.1447989843889117,0.4080611028834743,0.33316182135617867,0.10384795763999569,0.0012109650557484215,
3,4,0.0010063028764913887,0.0062345903464938535,0.015836198688104427,0.33127828185218694,0.5579485837090468,0.08150903594582433,0.006187006581852229,
2,2,0.00178364494711153,0.04159575967889285,0.5777698421004561,0.3022241775761833,0.06619550810749818,0.008688542376202075,0.0017425252136558705,
2,2,0.0019825112385393018,0.0356271393367222,0.514832205843243,0.34825927143390517,0.08732662778174288,0.009630773375898034,0.0023414709899492814,
2,3,0.002157291189077788,0.0217571778579665,0.1669929831594569,0.7309322267656543,0.06777225722040421,0.010317114688230327,7.094911920985377E-5,
3,3,0.001840524557009759,0.012972246550121658,0.39764099761779986,0.42393046662044265,0.13768583868184933,0.02568885719422244,2.4106877855431798E-4,
2,3,0.005077289591809138,0.017321316403042176,0.3920511952363121,0.511518180325877,0.06650032458966489,0.007333954966718855,1.9773888657580155E-4,
2,3,0.0014569799098348706,0.010268976057379368,0.37835860209410144,0.49365314021593804,0.10899365621838636,0.0070778127518684505,1.9083275249133787E-4,
4,4,9.538835322541553E-4,0.009620311700207216,0.018043388059763264,0.07198883155245298,0.5550489177530107,0.16556376493079827,0.17878090247151354,
3,2,0.004781908821497157,0.04359377619628298,0.5366135892403209,0.3651625778632888,0.04301695687565184,0.006651843285270499,1.7934771768779724E-4,
2,3,5.84545028938638E-4,0.011881433064192759,0.12361938363693796,0.8198802576765322,0.03569533044161959,0.008275719368097307,6.333078368152066E-5,
4,2,0.0016898978143208968,0.04457451808927747,0.5097304977848994,0.3892364088473965,0.0508715538111746,0.0038415461944554304,5.5577458475588935E-5,
4,2,0.0016898978143208968,0.04457451808927747,0.5097304977848994,0.3892364088473965,0.0508715538111746,0.0038415461944554304,5.5577458475588935E-5,
4,2,0.0016898978143208968,0.04457451808927747,0.5097304977848994,0.3892364088473965,0.0508715538111746,0.0038415461944554304,5.5577458475588935E-5,
4,2,0.0016898978143208968,0.04457451808927747,0.5097304977848994,0.3892364088473965,0.0508715538111746,0.0038415461944554304,5.5577458475588935E-5,
4,2,0.0016898978143208968,0.04457451808927747,0.5097304977848994,0.3892364088473965,0.0508715538111746,0.0038415461944554304,5.5577458475588935E-5,
4,2,0.0016898978143208968,0.04457451808927747,0.5097304977848994,0.3892364088473965,0.0508715538111746,0.0038415461944554304,5.5577458475588935E-5,
3,3,0.0013981905469008075,0.01829934360836981,0.45291095227077,0.4602890172531794,0.059015864204899404,0.007935149340922727,1.5148277495764543E-4,
4,2,0.0016898978143208968,0.04457451808927747,0.5097304977848994,0.3892364088473965,0.0508715538111746,0.0038415461944554304,5.5577458475588935E-5,
1,2,0.016098983551296187,0.33178463962003163,0.43355426411356895,0.18992109311021757,0.02751407158443681,0.0010320606147678118,9.488740568100858E-5,
3,3,0.002148121116648103,0.015140225452875664,0.13833997955403296,0.7071686759107401,0.11460895993173607,0.022361306273323892,2.3273176064324828E-4,
4,3,0.0017280502854452524,0.07419884962074107,0.13376602735739837,0.3747295100414887,0.3476428072629673,0.06774753498973424,1.872204422250104E-4,
2,3,0.0020674315302941226,0.020850905868208758,0.16003706892685396,0.44832468760700683,0.32719660499691794,0.04129931138208974,2.2398968862868713E-4,
2,3,0.0014235224563252053,0.01003316375364583,0.09167549537896744,0.5953977007401969,0.2728793998314638,0.028436490554445616,1.5422728495529135E-4,
4,4,0.009226329329381451,0.08850274149677542,0.09476508532527711,0.15398784837305599,0.5754897941468157,0.07380145522646371,0.004226746102230681,
2,3,0.008554796686869232,0.3097943726579756,0.2846618033904615,0.35244327229149436,0.02880883114312132,0.015035653106044627,7.012707240333128E-4,
2,3,0.0013685295981910133,0.024593451847013642,0.3553892144982557,0.5723965733995336,0.04299296284707233,0.00311099856179351,1.4826924814014892E-4,
3,4,0.0016226951671892019,0.010053473820857747,0.04393500851541527,0.43273966418330817,0.43614532564255787,0.0634426118967321,0.012061220773939667,
2,3,0.0013685295981910133,0.024593451847013642,0.3553892144982557,0.5723965733995336,0.04299296284707233,0.00311099856179351,1.4826924814014892E-4,
3,2,0.0018622289368128045,0.021365902012645415,0.4835964672920804,0.27452333240631405,0.1594462673807008,0.05738650442500907,0.0018192975464376266,
4,3,0.0018801531466492024,0.011648565190332591,0.05090576848848529,0.5013984497800011,0.3604123419122684,0.07350846221838593,2.462592638775522E-4,
2,3,0.001340748625335502,0.015382804544716931,0.348174859665033,0.5607769974040859,0.059057953305638095,0.013956797135092127,0.0013098393200984251,
3,4,0.0016226951671892019,0.010053473820857747,0.04393500851541527,0.43273966418330817,0.43614532564255787,0.0634426118967321,0.012061220773939667,
4,3,0.0015135094058931966,0.015264371124512163,0.11715870903734951,0.49825237238672715,0.23953157915159806,0.12680084157989382,0.0014786173140260643,
4,3,0.0015135094058931966,0.015264371124512163,0.11715870903734951,0.49825237238672715,0.23953157915159806,0.12680084157989382,0.0014786173140260643,
3,1,0.03990417558222221,0.5675189476644453,0.02801767252811969,0.046125302043168476,0.1832583423948008,0.04500803542255707,0.09016752436468665,
3,3,0.0016808621889607379,0.03919879894178109,0.10754812894630077,0.7030317492509784,0.1264508017193531,0.015549867741349897,0.006539791211276032,
3,3,0.004802703585288032,0.01768495444308428,0.18006128765827964,0.5222568253694447,0.2439458516465664,0.030791259853125662,4.571174442111903E-4,
3,3,0.0013284883646335812,0.009363351626773953,0.1551894960207589,0.45011770479115976,0.35706890740859876,0.026538075788502636,3.9397599957222124E-4,
3,1,0.03990417558222221,0.5675189476644453,0.02801767252811969,0.046125302043168476,0.1832583423948008,0.04500803542255707,0.09016752436468665,
2,3,0.0015238406474236443,0.030973508894146785,0.39572146004314196,0.5163068589426385,0.047872128177675846,0.007402613236700664,1.995900582726599E-4,
2,3,0.004533590293957133,0.015466470939549365,0.350068567356292,0.5638270387370153,0.0593791669065066,0.006548601660829826,1.765641058497346E-4,
4,3,0.0015135094058931966,0.015264371124512163,0.11715870903734951,0.49825237238672715,0.23953157915159806,0.12680084157989382,0.0014786173140260643,
2,2,0.00162223318326805,0.01861235992535281,0.635738399230299,0.28497076612644695,0.05096317322601048,0.007880590963220675,2.1247734540204692E-4,
2,4,9.490004661546302E-4,0.012420399818293657,0.0223916231622567,0.3124141361900602,0.5291438008416591,0.07707907219343466,0.04560196732814109,
4,3,0.002147878776411696,0.01513851740867506,0.09166078980597615,0.7070888966921608,0.16067837269047697,0.02235878358304976,9.267610432495219E-4,
4,3,0.002147878776411696,0.01513851740867506,0.09166078980597615,0.7070888966921608,0.16067837269047697,0.02235878358304976,9.267610432495219E-4,
4,3,0.002147878776411696,0.01513851740867506,0.09166078980597615,0.7070888966921608,0.16067837269047697,0.02235878358304976,9.267610432495219E-4,
4,3,0.0016837570052715175,0.016981388891200124,0.12479119028038334,0.5542984530738394,0.26647536699135166,0.03412490369288844,0.00164494006506546,
3,2,0.0015992660109553057,0.03250660106631186,0.6267377737274128,0.2809362211811047,0.050241649345745626,0.007769019524265195,2.0946914420462613E-4,
2,2,5.107428904732985E-4,0.005859903868846784,0.546822835133548,0.3944981487690817,0.031188591714234062,0.021102980281665493,1.6797342150767363E-5,
2,2,0.00162223318326805,0.01861235992535281,0.635738399230299,0.28497076612644695,0.05096317322601048,0.007880590963220675,2.1247734540204692E-4,
4,3,0.0016837570052715175,0.016981388891200124,0.12479119028038334,0.5542984530738394,0.26647536699135166,0.03412490369288844,0.00164494006506546,
4,3,0.002147878776411696,0.01513851740867506,0.09166078980597615,0.7070888966921608,0.16067837269047697,0.02235878358304976,9.267610432495219E-4,
2,4,9.490004661546302E-4,0.012420399818293657,0.0223916231622567,0.3124141361900602,0.5291438008416591,0.07707907219343466,0.04560196732814109,
2,3,6.052767727761499E-4,0.003750016831577078,0.13076862182845364,0.7738099643649622,0.04527950457217701,0.04519529276643648,5.913228636174002E-4,
4,3,0.0017909442803578591,0.011095868035634138,0.1386345661464349,0.5895848635140314,0.2387903664928692,0.018353735260891922,0.001749656269780691,
4,4,0.001107399345620839,0.006860937627440407,0.07131702288294786,0.3645595785441907,0.5305002732249006,0.0245729187547965,0.001081869620103076,
3,3,0.004908269388971939,0.010286384814332089,0.17048797683162392,0.6104245896671127,0.19459152297976617,0.007875452240632505,0.0014258040775605918,
2,2,0.04346257340941391,0.16835122442999212,0.3123864436428994,0.16230253270950248,0.28221672799904446,0.031128512094168233,1.5198571497930999E-4,
3,3,0.0031553606204893906,0.06722529786935377,0.23385869003777254,0.5385573293463589,0.13898887283265393,0.015131831618657771,0.003082617674713591,
4,4,0.002410934851928552,0.02431527957048926,0.1786857776500282,0.1819513358504849,0.3815602533195106,0.20198656647159938,0.029089852285958964,
2,2,0.001590298709337938,0.07660472973963592,0.6232235699529862,0.18991112559979745,0.09711183077507245,0.011506143385903377,5.2301837266728665E-5,
2,2,0.0013073349555258562,0.00921425976202492,0.512332653810899,0.3717186714249388,0.09779902642653056,0.006350857658862978,0.001277195961217855,
2,2,0.005791768056736423,0.02132697810917504,0.6783284588931343,0.2219794970169713,0.03638944487662084,0.03594038581847444,2.4346722888764363E-4,
3,4,0.0022795790018672693,0.04072969263539891,0.06507175210979214,0.3151832267780731,0.5307813271958544,0.04478986026635817,0.001164562012656021,
2,2,0.0013073349555258562,0.00921425976202492,0.512332653810899,0.3717186714249388,0.09779902642653056,0.006350857658862978,0.001277195961217855,
2,2,0.005791768056736423,0.02132697810917504,0.6783284588931343,0.2219794970169713,0.03638944487662084,0.03594038581847444,2.4346722888764363E-4,
3,3,0.0013890380874746217,0.008605841892528526,0.03760866577740783,0.45727599691480947,0.37334336185947203,0.11637271482588808,0.005404380642419448,
3,4,0.004854538918382312,0.03848288056270862,0.042184388658472724,0.4154968622673795,0.4187668228635125,0.06091469851021827,0.01929980821932598,
3,4,0.0016972011289645551,0.010515078533407558,0.045952282080554095,0.45260888270952654,0.45617091493244977,0.03105113888500509,0.002004501730092409,
2,3,0.00177223501965968,0.012490933376697773,0.11413274348665335,0.74124904119923,0.0945542645541011,0.03503610309323531,7.646792704228139E-4,
2,3,0.006251288012757288,0.07395508930955476,0.38423424393471045,0.47736929559222113,0.053886413495911924,0.004069212186174671,2.3445746866961072E-4,
2,3,0.0024671111216919344,0.09365779895368753,0.2881995370039864,0.5349956246275079,0.07750538748647201,0.0029072490275249465,2.67291779129213E-4,
3,3,0.0073505060510583335,0.026281413680659824,0.1355505844785092,0.7131498453778463,0.11229806130738276,0.005300366060954281,6.922304358927073E-5,
4,3,0.0021298596383912422,0.023512656234158668,0.1371639320262183,0.7011569360237324,0.11363465312304898,0.02217120967907669,2.3075327537361916E-4,
4,4,0.017671111839749995,0.1718964171730891,0.19209101739879036,0.2714032222828721,0.2855059663039039,0.06013689358886792,0.00129537141272642,
2,3,0.0017702590634147268,0.01096771193384654,0.25343771862586106,0.5827752207228342,0.1324294223090389,0.018427873918912246,1.917934260923094E-4,
3,3,0.0018577374633953225,0.023196401100428046,0.07927900075973704,0.7770110048982696,0.09911608654459228,0.019338498221753573,2.0127101182430287E-4,
3,3,0.0073505060510583335,0.026281413680659824,0.1355505844785092,0.7131498453778463,0.11229806130738276,0.005300366060954281,6.922304358927073E-5,
2,2,0.007046854454156686,0.04101487271630872,0.5240111919592187,0.35446841488097447,0.06339188919719838,0.009802481233526493,2.642955586165689E-4,
2,2,0.0259527880915679,0.12666140867825457,0.5533022157308164,0.24801861348499862,0.044354779734502324,0.0016637603453272514,4.643393453276573E-5,
4,4,0.001287971271290351,0.00797967832760831,0.02026881710587954,0.07874109672089644,0.7141207319012778,0.10432375689397386,0.07327794777907363,
2,2,0.001470369417442172,0.016869982135079443,0.5762243735137659,0.33867214151893765,0.046192305828915925,0.020522469990181046,4.835759567776469E-5,
2,2,0.09328446402857055,0.013801524301340429,0.7039128443684014,0.14724403816842818,0.0380195043565734,0.0036640594630339487,7.356531365207217E-5,
2,3,0.0018139790345342913,0.02002548181399971,0.07741160852414192,0.758708752049292,0.13570002300155198,0.0045679955903582935,0.001772159986121657,
1,3,0.0015365245770396026,0.016962514113163248,0.219975308397138,0.6426615865701433,0.11494422839360682,0.0038693046384607284,5.0533310448394096E-5,
4,3,0.0015640197031175495,0.00968994759985295,0.04234635091307618,0.5148805316330454,0.2998117493791054,0.13103256169445682,6.748390773456756E-4,
4,3,0.0018755600387083099,0.013219180993275355,0.08003957968416499,0.784465415129363,0.10006697651261877,0.01952402596600617,8.092616758634321E-4,
3,4,9.878524954612224E-4,0.0061202802613822185,0.015545844852603444,0.32520435453867,0.54771869745396,0.080234685366017,0.024188285031906023,
3,2,0.007046854454156686,0.04101487271630872,0.5240111919592187,0.35446841488097447,0.06339188919719838,0.009802481233526493,2.642955586165689E-4,
3,3,0.0015626864892436902,0.015760342440025735,0.1209654403183922,0.6536039797189607,0.1763850041784525,0.03167115312997295,5.1393724952065725E-5,
3,3,0.0019506388486619215,0.01208526222022338,0.052814192190460095,0.5201955471248731,0.3739239630155862,0.03896624387528271,6.41527249125089E-5,
5,3,0.0018873032850202974,0.02470079016221645,0.16247117934630964,0.5033052456712661,0.28621390366148103,0.01789920840786061,0.0035223694658460328,
4,4,9.195222973662422E-4,0.003637176200629887,0.014470531824380272,0.30270982416184233,0.5098327506457982,0.1595997502231845,0.008830444646798566,
2,2,0.004991000592935396,0.03882359296688895,0.6236839868302053,0.27340129120382134,0.05060607140258667,0.007802901731920433,6.91155271641961E-4,
4,4,9.736066753340235E-4,0.009819227791868562,0.027792102040718518,0.21112762486945572,0.5665254857521443,0.16898707366205926,0.014774879208419621,
4,3,0.0017674179184770157,0.02313174542732417,0.1082742198609283,0.5818399062807851,0.2680330108380624,0.01676221406368562,1.914856107375455E-4,
3,4,0.010416416273354864,0.2708638420823201,0.03989650807379638,0.08781623034518919,0.5779869213632927,0.012479333771935917,5.407480901108089E-4,
2,3,0.0013752857627676463,0.015779059312100913,0.3571437019606273,0.5752223840053844,0.04320521074658132,0.00668095355568987,5.934046568484999E-4,
4,4,9.736066753340235E-4,0.009819227791868562,0.027792102040718518,0.21112762486945572,0.5665254857521443,0.16898707366205926,0.014774879208419621,
4,4,8.139912738065027E-4,0.00820944015750217,0.02323579851599053,0.340457244417546,0.4736479458021654,0.14128292957710173,0.012352650255887604,
4,3,0.0016350062683865463,0.011523728028363503,0.3532392551875828,0.5382495469924112,0.08723268276141057,0.007942640895496431,1.771398663489249E-4,
3,2,0.08241170048169115,0.22857490073843553,0.2725115232363139,0.21543830421736185,0.10803052201903163,0.0929523960937463,8.06532134196749E-5,
4,3,0.003175917407929178,0.06766326243983836,0.3454677254284572,0.4391143697111735,0.13989436829227375,0.0037425078726772447,9.418488476508616E-4,
4,3,0.003175917407929178,0.06766326243983836,0.3454677254284572,0.4391143697111735,0.13989436829227375,0.0037425078726772447,9.418488476508616E-4,
3,4,0.0016417061156653102,0.010171256924350495,0.04444973623512047,0.4378094959210877,0.44125505695965334,0.06418588410851028,4.868637356123676E-4,
3,4,9.882601596914566E-4,0.006122805961679623,0.028210393269436886,0.33484176953221295,0.5479447284881561,0.08004760272669886,0.0018444398621241629,
2,2,0.001199520652784992,0.06056440961200495,0.7048063627698692,0.21071466354794244,0.021262075806545527,0.0014135177052396724,3.94499056131153E-5,
3,3,0.0016350062683865463,0.011523728028363503,0.3532392551875828,0.5382495469924112,0.08723268276141057,0.007942640895496431,1.771398663489249E-4,
3,4,0.0010756491291103927,0.00666422787138238,0.016927501376792928,0.2868536570036054,0.5963978859402066,0.0871259792433912,0.004955099435511094,
3,3,0.0016347108464667406,0.020411607789056888,0.3288699525909863,0.5538718394509786,0.08721692108079228,0.00794120577548066,5.376246623859352E-5,
3,4,0.0022982707531719396,0.055703090829071,0.15503723786230092,0.3177676191090751,0.4233550856833849,0.04515712147045938,6.815742925368099E-4,
2,2,0.001199520652784992,0.06056440961200495,0.7048063627698692,0.21071466354794244,0.021262075806545527,0.0014135177052396724,3.94499056131153E-5,
3,4,0.0010605794702774642,0.0065708631879658735,0.045260260013390306,0.3491463185579268,0.5080711858678986,0.08885466378332525,0.0010361291192157354,
4,4,0.001658404670481134,0.010274713498993433,0.06776093636895086,0.44226265949084376,0.4457432669298125,0.030341338378715065,0.0019586806622034656,
3,4,0.0010756491291103927,0.00666422787138238,0.016927501376792928,0.2868536570036054,0.5963978859402066,0.0871259792433912,0.004955099435511094,
2,3,0.0011404613937080112,0.008038114092925553,0.4469364258467927,0.4770055355147736,0.060847171587385555,0.005540208304117988,4.92083260296647E-4,
3,3,0.0016347108464667406,0.020411607789056888,0.3288699525909863,0.5538718394509786,0.08721692108079228,0.00794120577548066,5.376246623859352E-5,
3,3,0.0016350062683865463,0.011523728028363503,0.3532392551875828,0.5382495469924112,0.08723268276141057,0.007942640895496431,1.771398663489249E-4,
3,3,0.0017302117850497422,0.031093138414399972,0.44931334186506044,0.46141215057992907,0.05435536877721781,0.0020388852716323553,5.690330671042371E-5,
3,3,0.0015946918106968379,0.01829636963220584,0.18628647792390182,0.5249778923154274,0.25237969859256354,0.014906941566548535,0.001557928158656129,
3,2,0.0016266771907278812,0.034656532750606754,0.6333566704942052,0.2857514259129448,0.040428456452042176,0.0036978304360724625,4.82406763400682E-4,
3,3,0.001832950003474899,0.011356116199443527,0.07822119518032448,0.7666434855252992,0.1371192019846558,0.004628465618221507,1.9858548858055035E-4,
3,3,0.0015946918106968379,0.01829636963220584,0.18628647792390182,0.5249778923154274,0.25237969859256354,0.014906941566548535,0.001557928158656129,
3,3,0.001413389168746904,0.0055906697004724825,0.09102290703768032,0.46529245453763896,0.3798884052453131,0.05541136908473715,0.0013808052254110363,
3,3,0.0018986128899372444,0.013381660362912693,0.27181339122827547,0.4373100295224235,0.19690034921633173,0.07844727969043798,2.4867708968157433E-4,
2,3,0.002162682043470516,0.02830491302980179,0.13837684541219042,0.5767431370661008,0.23391272835180146,0.020216429678002277,2.832644186328179E-4,
3,2,0.0016266771907278812,0.034656532750606754,0.6333566704942052,0.2857514259129448,0.040428456452042176,0.0036978304360724625,4.82406763400682E-4,
3,3,0.0017302117850497422,0.031093138414399972,0.44931334186506044,0.46141215057992907,0.05435536877721781,0.0020388852716323553,5.690330671042371E-5,
4,3,0.0022803775096855608,0.04858368845314758,0.264662935648556,0.3892151069969553,0.20362877756603884,0.08940130760570975,0.0022278062199070645,
2,3,0.001465691823046201,0.010330378707873875,0.3166592678683034,0.32801340168362914,0.21312803326726118,0.12977081382569625,6.324128241901432E-4,
2,3,0.001465691823046201,0.010330378707873875,0.3166592678683034,0.32801340168362914,0.21312803326726118,0.12977081382569625,6.324128241901432E-4,
2,3,0.001465691823046201,0.010330378707873875,0.3166592678683034,0.32801340168362914,0.21312803326726118,0.12977081382569625,6.324128241901432E-4,
3,3,0.004012369097977503,0.023353229290456787,0.45025780779077046,0.4805503742909701,0.03609435371937047,0.005581380038537064,1.5048577191775273E-4,
3,3,0.004012369097977503,0.023353229290456787,0.45025780779077046,0.4805503742909701,0.03609435371937047,0.005581380038537064,1.5048577191775273E-4,
3,3,0.0015446784141620283,0.017722551178116507,0.4011327551754076,0.5233670997297997,0.04852675583964496,0.00750384030932249,2.0231935354681984E-4,
2,3,0.001465691823046201,0.010330378707873875,0.3166592678683034,0.32801340168362914,0.21312803326726118,0.12977081382569625,6.324128241901432E-4,
3,3,0.001592074245500725,0.011221137778399566,0.22792803211772886,0.6658956035199088,0.08494212546807359,0.0077340828934309045,6.869439769575403E-4,
2,3,0.001433639668210761,0.010104471124405651,0.37229744700622003,0.40763128876565435,0.1486791503508729,0.059235420039286495,6.185830453497788E-4,
2,3,0.001433639668210761,0.010104471124405651,0.37229744700622003,0.40763128876565435,0.1486791503508729,0.059235420039286495,6.185830453497788E-4,
2,3,0.010721347899742226,0.011284986068738378,0.3935241205148398,0.4064644306336384,0.17320829847709265,0.0045994747767571925,1.973416291914071E-4,
2,3,0.0017463490068717544,0.012308485531160665,0.37729459171658153,0.49654492135683675,0.09317316505304821,0.018178977293286123,7.535100422147924E-4,
3,3,0.001592074245500725,0.011221137778399566,0.22792803211772886,0.6658956035199088,0.08494212546807359,0.0077340828934309045,6.869439769575403E-4,
3,3,0.0013429414223255322,0.009465218579360413,0.3487443003266535,0.5616941492763678,0.07165011249558377,0.00652382909317211,5.794488065367663E-4,
3,3,0.0020724525456958533,0.014606903930622934,0.16042573891478581,0.7021872437810236,0.11057180571862052,0.010067696168323146,6.815894092822815E-5,
2,3,0.001433639668210761,0.010104471124405651,0.37229744700622003,0.40763128876565435,0.1486791503508729,0.059235420039286495,6.185830453497788E-4,
3,3,0.0014235224563252053,0.01003316375364583,0.09167549537896744,0.5953977007401969,0.2728793998314638,0.028436490554445616,1.5422728495529135E-4,
3,2,0.0012655741466906345,0.02696319350459398,0.49275900122067595,0.416631253538714,0.03145381859901664,0.029690761094006122,0.0012363978963025922,
3,3,0.0014342542100892045,0.005673201502053306,0.09236662521554165,0.4859532309945926,0.38549647657922,0.028650869620393347,4.253418781100237E-4,
