3,3,0.04996567726683202,0.07887814962329519,0.009367388788996716,0.8234226891440325,0.0319713413693974,0.0014704517545205103,2.1493826323154303E-4,0.0015992448687235838,0.0031068294050611133,3.289515909465226E-6,
1,0,0.7222031822903325,0.17413845145032572,0.06692344371375221,0.008387717620069016,0.010913862010623714,8.504512793152451E-5,0.0023061460796414044,0.005085423841033472,0.009946267565333277,1.0460300957416908E-5,
2,2,0.043785800838569144,0.04131676187304214,0.8986626867634895,3.642349341149413E-4,0.0024639256491770763,2.0178135672761168E-5,1.4740328826559434E-4,3.531190016947138E-4,0.012883407664549635,2.481851424418075E-6,
5,5,0.0018095590714291853,0.004674294976995653,0.004494785809009194,0.03912198516264702,0.24508858718434465,0.6808955398400901,0.002114178748692445,0.011605866971526551,2.360158960314983E-4,0.009959186339233757,
7,3,0.0059183071421341224,0.0025270572664434386,0.003165799632511716,0.9810649084061807,0.0024996677835344813,0.0016911270521839485,0.00206149319298268,3.5864265813040526E-4,7.014471063993815E-4,1.1549759499251013E-5,
7,0,0.8309947189771012,0.08225705907091778,0.06278470833122253,0.0069161405599905855,0.003586783700138001,6.0421040311062264E-5,0.0017596357596095426,0.003652049930735606,0.007981051019472584,7.431610501224871E-6,
7,5,0.014471244873606676,0.09101163870974534,0.03682144264565918,1.5947397074363758E-4,0.17787568061621742,0.5045924157858409,0.08873140132481055,0.07846313615312833,0.003573075726988366,0.004300490193259585,
7,2,0.2938723401663865,0.2017267262568801,0.3298206217322266,0.05726347193204732,0.00879620718018341,6.227537488431662E-4,0.0043153203530476155,0.008956265698957229,0.09460806769368955,1.8225237738390957E-5,
7,0,0.4752703000101644,0.35243373678529827,0.08670138707453033,0.005519822077006795,0.026168130302195523,5.596683102148034E-5,0.0015176376482620014,0.045780656783828394,0.006545478731852146,6.883755840651455E-6,
1,1,0.23734352401949893,0.6163297492106533,0.11240774912048439,2.1835307840142117E-4,0.016105722841404362,0.011499402422452811,6.262887548552154E-4,0.0012698165204598582,0.0041904692899181716,8.924741871516457E-6,
2,1,0.07521834575261428,0.7878500602844272,0.12636780499247316,0.001465680148344344,0.0041696772462680555,2.6882426391728984E-5,5.907391692365354E-4,8.614427219672439E-4,0.0034460607987851144,3.306459492300407E-6,
2,2,0.08785621650179423,0.14117964293620366,0.7468031765169051,0.0047512436098332755,0.003052577448658538,1.0506498923436224E-4,1.27585255574659E-4,1.6005982333307597E-4,0.015961358132626186,3.0747858368331857E-6,
2,4,0.02332207256390913,0.05337259073565299,0.3480221021761013,0.0209149948924277,0.5197965704364014,0.0024605642159314695,0.020327183079877027,0.0016159068853776022,0.009775539293230778,3.924757210906309E-4,
2,2,0.014079438101775405,0.1668394244395879,0.7200810390332472,5.182361210216027E-4,0.002437731848413443,0.0021267597237997356,0.09189097655771684,8.339383744279823E-4,0.0011889246037002344,3.531196309512927E-6,
2,1,0.20797681301986257,0.5400707583647074,0.23315714516411903,0.0011477280997047575,0.007763990870385367,6.358262522939299E-5,5.487975279842255E-4,0.0011127010696256282,0.00815066278222085,7.8204761605816E-6,
2,1,0.23377289578129926,0.7191142986827586,0.007301778469921954,0.0027150545512981293,0.012871411484781999,2.7528604575784158E-5,2.376062656353111E-4,0.022518294761731294,0.0014377454604868807,3.385937511109163E-6,
2,0,0.691193560241724,0.1666613761673291,0.1260912798646555,5.142247701716968E-4,0.003359842837798945,8.139350005324698E-5,0.005587781526046741,0.0017999497649555678,0.004700580165811965,1.0011161453246447E-5,
2,8,0.03720423504154886,0.014412024548145063,0.16547740067929312,5.771793090385063E-4,0.0012926667389564232,1.0586198023889251E-5,7.267578087963192E-4,6.778010168319658E-5,0.7802300675032494,1.3020712651976192E-6,
2,2,0.06233348616538434,0.18964537533074638,0.7404901929455677,0.001063984528620016,0.0028513407357421802,7.322595831840154E-4,7.379341528600975E-4,2.150069559610005E-4,0.001926289269104705,4.1303328295807635E-6,
2,0,0.573794333917544,0.14090255161549106,0.22835083802594053,0.002607828636116292,0.004084986328987608,6.881349540101975E-5,0.00472414600788728,0.001521753392983562,0.04393628472182004,8.463857828587857E-6,
0,0,0.5223065112450299,0.32328944609965365,0.12742038817149653,0.006552623141232516,0.01465231989455599,5.724526613151266E-5,0.0011647383694946376,0.001265931594670678,0.003283755218130031,7.0409996044121695E-6,
0,1,0.43432495685210676,0.4630097790532259,0.08519299724453537,7.451896129212522E-4,0.009707178093794209,8.198572005107952E-5,0.0016681189615707173,5.249288204407368E-4,0.00473478163858052,1.0084002773625398E-5,
0,0,0.6562561013001075,0.26947298755483906,0.01671262177238004,0.00546183909030116,0.006123395469643319,4.771591857989532E-5,3.8347740002214384E-4,0.0028841098439807496,0.0061167081460619605,0.03654104350408433,
0,2,0.3154139008430685,0.21705089014966283,0.35175908520951654,0.004017184361369587,0.004742636159014508,5.436192287493835E-4,0.03643460019559188,0.0023441586028669073,0.06768088724726559,1.3038002894428888E-5,
1,1,0.02818672909307888,0.9549467454004629,0.008150226230374565,0.0015394056783704087,3.2303543716326555E-4,8.004555128119547E-5,0.004025388737158266,9.333326051745132E-4,0.001813171478094431,1.919788841339E-6,
0,0,0.827017339102117,0.08186335311364439,0.062484202648490014,0.0022788197835817313,0.003569616321117337,6.013184782370861E-5,0.0041281383424543894,0.0013297659553382281,0.017261236844758682,7.396040674640802E-6,
0,0,0.812052524353622,0.08038204207442678,0.0613535558371943,0.006758489882388282,0.0075771009806817015,3.5584407594516706E-4,0.0017195255612366981,0.012844758924720843,0.01694889609989334,7.262209891009955E-6,
0,0,0.8321380250662548,0.08237023066438756,0.06287108931259526,0.0022929296697097,0.007764514802550315,6.0504169290974036E-5,0.0017620567163649963,0.003657074524548717,0.00707613323917615,7.4418351216035985E-6,
0,0,0.49675632574801404,0.36836656561826653,0.046032259093927545,0.0057693622633226286,0.027351139468079353,3.5254871159029266E-4,6.729080277282642E-4,0.04785030929510874,0.006841386817200879,7.194956761815994E-6,
1,1,0.28847562051105324,0.34190003811804764,0.2586718913732946,0.006327896123035649,0.003455774178893023,1.669759449413555E-4,0.04935720387183926,0.0036925345716035075,0.04793152775647344,2.053755081821935E-5,
6,4,0.04665511798654819,0.12045642444747584,0.17946293064212196,4.567182964671587E-4,0.35408690694349676,0.1666665045818149,0.06707152538568353,0.057145377805387504,0.007112716747231644,8.857771637725939E-4,
6,2,0.06064137349175927,0.15656681066603187,0.23326226734937014,5.936331530566579E-4,0.16045529816149434,0.21662973300862537,0.0871782046022894,0.07427639985442427,0.009244964570324888,0.0011513151426236323,
0,0,0.7106939919360131,0.10604294062404253,0.1413140094879361,0.007682297920879861,0.00999598975916579,7.78927044379848E-5,0.004920192662481292,0.012730701831424038,0.006532402499745068,9.580573874431457E-6,
6,6,0.020764069561054817,0.012923382006527128,0.0798707823771485,4.2674305832866985E-4,0.1575879664167467,0.07417567555251844,0.6252588086761152,0.02543280675414736,0.0031655464969605235,3.942191004526223E-4,
1,1,0.44781810039658515,0.44792354594023753,0.08169340785787543,0.001998467619024764,0.0031304637082283076,5.273411772778566E-5,0.0010729524806102324,0.0011661712882130874,0.015137670449897672,6.486141600029504E-6,
6,4,0.04339256869256786,0.027007169274289217,0.16691325371641125,1.4063528466710067E-4,0.32932593669819005,0.15501166990729226,0.210482086651486,0.05314925433471145,0.006615331036865349,0.007962094403519433,
3,3,0.0014061461496868942,0.03288107467813846,0.006817585428550075,0.8686307113601013,0.006165071479261934,0.07731787313277363,0.003326285642089414,0.003024467282880168,4.1753203394620785E-4,1.3252812571540745E-5,
1,3,0.21364726107515836,0.23433412217101132,0.03113139215501881,0.4908855324461355,0.024600492418773698,1.7438995814904036E-4,3.334725336368771E-4,0.0025080263319397222,0.002380207290242881,5.103619933815489E-6,
3,3,0.011071059631083416,0.010357441409262062,0.0010543127786464793,0.9693222338118863,0.007083995377388475,3.25812836919842E-4,1.2057116721775618E-4,3.5434995130339256E-4,3.094941674210741E-4,7.288688712573935E-7,
1,1,0.34802229090661074,0.48861311260097356,0.12020255209312092,0.007652665351083859,0.012648376750079399,7.75922525387446E-5,0.009059467682421246,0.004639765975279987,0.009074632768718425,9.543619173254313E-6,
3,3,0.010597909417594935,0.03049193722304453,0.0010092540098453763,0.9278957545813393,0.024707126539558328,3.1188838718486915E-4,4.896202438253072E-5,0.0046402029602583455,2.962671380066923E-4,6.977187850387014E-7,
1,2,0.05503790543965214,0.27059445919518466,0.6623517694915796,5.750521753540308E-4,0.001356212393135618,3.185713320279265E-5,7.000579534095022E-4,2.0397122016305576E-4,0.009144796664499306,3.918333819311074E-6,
2,2,0.07214251508703584,0.19561966095821537,0.7263124588501915,6.177280316212848E-5,0.004999461947577326,1.0650641815846249E-4,2.440434869242222E-4,1.3143199968551907E-4,3.796236102568248E-4,2.5248387929226646E-6,
1,3,0.25939737694936293,0.31849397348516334,0.011706010952802435,0.3953887235103316,0.009165914799193733,1.4046415791065355E-4,6.800117767501501E-4,7.390916410778745E-4,0.0042843219650450055,4.110762362169664E-6,
2,2,0.09889402905152898,0.2681583309164175,0.6205070326743325,5.079468416842858E-4,0.003436087904872555,1.4600057675879486E-4,1.436144244965227E-4,1.8016893338857265E-4,0.008023327590077392,3.461086443083978E-6,
6,6,0.001284322396155491,0.006460194632949992,0.00935342733549636,7.880871570423623E-6,0.006433989470320532,0.04454744769032869,0.9281174932840721,0.0029783595807207027,3.7070763870376865E-4,4.461770996820425E-4,
6,6,0.005867933022757302,0.029515945165794085,0.04273481900044283,3.600686764836208E-5,0.029396216552775724,0.2035325710772592,0.6830720069585572,0.003939850693261445,0.0016937239445872511,2.109267169164503E-4,
6,6,0.0012848363451933868,0.006462779817811801,0.009357170309218923,7.884025269505366E-6,0.006436564168626814,0.04456527430298427,0.9284888993221164,0.0029795514349199295,3.7085598528311905E-4,4.618428857581411E-5,
3,0,0.6257422255078642,0.09336725288014125,0.24494271317284524,0.007850281202766051,0.0014193877302367702,6.858191398674345E-5,0.010967489968355917,0.001516632162026277,0.01411700008778277,8.435373994788174E-6,
5,4,0.007887286729263965,0.008698882235738167,0.05376197419717029,0.002036020796152099,0.49005126824056466,0.20983922297924112,0.1785385386400585,0.046790685591776314,0.002130767021736671,2.653535682984535E-4,
3,3,0.011885337891951907,0.07342672666547467,0.13117437208272217,0.7453399737976404,0.02831886561290586,0.0013688259621909035,0.0011799713399462085,1.5940315256128705E-4,0.007098580692221641,4.794280238498394E-5,
3,3,0.007308631406015384,0.017391826708083227,0.0022473680728461844,0.964582211104844,0.007049354369708951,3.2421959971617927E-4,4.739169269198196E-5,3.526171665215842E-4,6.850241655319269E-4,1.13557140409962E-5,
7,3,0.010827920689802366,0.031153717673922644,0.0020299803470317534,0.9480343002677932,0.006928419019434242,3.186574434106198E-4,4.657866349026617E-5,3.465678351488554E-4,3.0269715912133166E-4,1.1160900844901477E-5,
0,0,0.48934202411281863,0.1778574242380415,0.2882409964066743,0.0032917905229961435,0.02223276984636579,8.686138685579418E-5,0.002529655260052681,0.005250192982728614,0.011157601547995846,1.0683695470736377E-5,
4,5,6.120894627688236E-5,0.004105025663273143,0.006313587211640694,0.004585743770563784,0.043253463543687906,0.8593156878068431,0.08167909097993123,3.025415695454267E-4,1.3006124862765045E-4,2.5358925961016125E-4,
4,5,6.085886063039796E-5,0.004081546896678123,0.011996994154314317,0.00455951552828581,0.043006074596998914,0.8544008165927693,0.0812119259802167,3.008111777088543E-4,1.293173610249721E-4,2.5213885137260507E-4,
3,3,0.02714452973177655,0.04285162124797927,0.005088960610583419,0.9132136106329827,0.008034509534194097,7.988427967576245E-4,1.2540691510092028E-4,8.782058011310911E-4,0.0018625256555010984,1.7870739934291723E-6,
3,3,0.007360244707687293,0.010379579341410173,0.002263238908282783,0.9713940572472196,0.007099136665937014,3.2650922729191446E-4,1.20828875295786E-4,3.5510733672983863E-4,6.898617824459565E-4,1.1435907699964367E-5,
1,0,0.5761075743471662,0.39917846941697704,0.007452608864640434,0.004131310931945109,0.0053755454673805785,4.188837567582385E-5,3.3664332309603357E-4,0.0025047895100530336,0.004866017615884211,5.1521471816616514E-6,
3,3,0.12762665159673434,0.04332369136475194,0.02802595934318508,0.7631557999899261,0.02963133627624102,1.0417548214122419E-4,1.9920677968617562E-4,0.001482195005385682,0.006447935408035467,3.0487539128623698E-6,
3,3,0.0028498103727289744,0.010433666660569569,0.006749506065112804,0.9764559290895841,0.0011508670793375067,3.2821064583732405E-4,1.214585067795706E-4,3.5695777818086385E-4,0.0015528595689115498,7.34232957877486E-7,
1,0,0.8066833079603146,0.07985056342607565,0.060947891784796926,0.002222790012191189,0.007527001887853181,5.865337475131935E-5,0.0017081562168221212,0.0035452063071934096,0.03744921483717265,7.214192829023112E-6,
1,1,0.23754179463621045,0.7307078970244211,0.022011970194572388,0.002758826802804063,0.0035897077609017072,2.797242217883105E-5,2.2480530709052539E-4,0.0016726604580360794,0.0014609248680121755,3.4405257727883956E-6,
1,1,0.46323735747067163,0.4838283396916326,0.03809190325680479,0.005811568041168296,0.004530634042353741,5.077123344155825E-5,4.0803197707461544E-4,0.0011227637297800584,0.0029123858444748845,6.244712597828977E-6,
1,1,0.3404661157879269,0.6124503891726686,0.0114343672046421,0.01914528649590923,0.0038151736956521967,6.42683760522935E-5,0.0013076337764112466,0.0038430412152944513,0.007465819453945218,7.904821497743199E-6,
1,1,0.42791978961500654,0.5403880953525708,0.016422962517558412,0.009268657827644472,0.0018470102051272887,3.111374629438786E-5,6.330545139669794E-4,0.0018605014894768025,0.0016249878329411226,3.826899412910053E-6,
1,2,0.13350382389978335,0.1836648701491834,0.4776012181616846,0.0033992749054727726,0.011510915781739958,0.06818775170079948,0.015130292259588372,0.08852733581167994,0.018463484787851803,1.1032542216061865E-5,
1,1,0.15122716035137074,0.5919564348804318,0.23126319911677373,0.002641088591354656,0.008251488905001199,6.969113503774136E-5,0.0014179677111747328,0.00421236548687611,0.00895203201705293,8.571804926270603E-6,
1,3,0.113318786293127,0.12429112443497609,0.04898775234652916,0.6776005475774118,0.02630945042479714,9.249666155189585E-5,7.503252149661677E-5,0.003597027286504888,0.005725075486927169,2.70696667811683E-6,
1,0,0.4729982065126063,0.37839226339124826,0.06766068161095135,0.0024676077038711585,0.0013476035037352353,3.339251764828479E-4,0.05666053629185179,0.0014399298879970053,0.01869123715852783,8.00876272813589E-6,
8,2,0.18552186590014563,0.2776043640528678,0.48384338210378863,0.003615018559806529,0.010284276996375514,6.630400940376345E-5,0.019599113577774847,4.2452375151580895E-4,0.019032995849900113,8.155198421304026E-6,
3,3,0.06342518163026191,0.02156166281122186,0.11390708558585871,0.5362086483369567,0.22873746952459817,0.01695706206400048,0.001490342120524127,0.01113277155340557,0.006573482092044875,6.294281127682068E-6,
2,2,0.050519660786600924,0.04767090597069151,0.8705466870600211,0.0010936986007514453,0.0028428551177756465,1.0524304131988136E-4,0.023437002026536154,0.0018286140824569218,0.0019524697761314806,2.863537715037054E-6,
0,0,0.6572862239799152,0.2698959782676502,0.049660392443296335,0.0018111311333657738,0.0061330073399759755,4.779081807388803E-5,3.840793430230149E-4,0.0010568543151830891,0.013718664229255663,5.878130261107199E-6,
1,1,0.4113843207400016,0.5195066807791414,0.0310815989558784,0.0029500680379526112,0.006469453803613821,2.9911464007096298E-5,6.085923286090641E-4,0.024467464793301214,0.003498230075272015,3.679022222685032E-6,
0,0,0.6388571613828946,0.16417694768152552,0.12531206307787038,0.022919986912115428,0.007158865227296959,5.068332369212348E-4,0.0035120587984417235,0.0021104120006243065,0.03543083892336824,1.4832758941663173E-5,
7,5,0.052046304901806464,0.08733910198681057,0.02599246590811271,4.120125039994623E-4,0.3289114657643797,0.43160963009298864,0.004829118545706351,0.06711445537334568,0.0013648336966525395,3.806112261978614E-4,
7,2,0.07178398075566293,0.10525265471172712,0.276123266118056,7.027108454384439E-4,0.12490074986918831,0.25643457082166443,0.14771078514920558,0.006138083112938333,0.010943689441552166,9.509174566563294E-6,
7,2,0.09998251904683245,0.03873081968434801,0.8498802451709443,8.561110548034682E-5,0.006928768685074431,2.84493081063221E-5,2.078250256496103E-4,4.978651863745299E-4,0.0036543976058486783,3.499181341252344E-6,
0,1,0.17006121741276733,0.4854594888296711,0.30431639825491275,0.0021659389812560825,0.00510013950589434,2.58360436543862E-4,0.029000695604526516,0.001263896311312238,0.0023668349835775267,7.029679538318575E-6,
0,2,0.3453538861753473,0.1605640104638701,0.41752985711519697,0.002971723504056978,0.001622909913888253,7.841568991437667E-5,0.05399425556778069,0.0017340979628333389,0.016141198707559812,9.644899552015499E-6,
0,0,0.692843860272247,0.10337951519252088,0.1690241873640205,0.008692108205311971,0.009744925679075991,7.59363138597035E-5,0.004796614740291272,0.001679268617198541,0.00975424367189467,9.339943579236226E-6,
0,0,0.49025591008542585,0.17818958742273824,0.2887793098773477,0.008582848473100589,0.003893503407833265,8.702360755031291E-5,0.0023597959844330416,0.005203730529107194,0.02263758696432426,1.0703648139718801E-5,
0,0,0.6805052123869981,0.16408418959487198,0.12414145345109659,0.0030368750846127162,0.01028372647424333,8.013486268779104E-5,0.005501374250108412,0.0017721160432378042,0.01058506149938957,9.856352753922501E-6,
0,1,0.38933363844552465,0.49813671552583516,0.09085141033390558,0.002222500033428815,0.0012137459400056768,3.007563620147471E-4,0.01512465406140903,0.0012969015371397915,0.0015124645090504954,7.213251686271621E-6,
1,0,0.5106955364490988,0.37870310067024815,0.04732394543046481,0.0059312532187689275,0.02811862500615723,6.0138432364192964E-5,0.0041285903806841315,0.017998054287562855,0.00703335927409709,7.396850553781546E-6,
1,2,0.06814766716939395,0.08076831574742753,0.8201207436184843,7.120268102141315E-4,0.0016792555973946515,2.0465985104717316E-4,0.0029247178752970027,2.5255617401807434E-4,0.025185205494821523,4.851661901810177E-6,
0,0,0.6558571962083363,0.26930918847302104,0.04955242413761776,0.005458519112903262,0.012205793995618483,4.768691447183095E-5,3.8324430338937393E-4,0.001054556573176929,0.006125524931041946,5.865350423219816E-6,
0,4,0.20329658320764218,0.022817050311517654,0.08788518653306097,0.0053404549782546315,0.601476134603147,0.004363579455633511,0.029736278832147738,0.027052712782457335,0.01733600047968347,6.960188164557634E-4,
1,1,0.15898934755037455,0.7658388221937397,0.059765166543818124,0.0020249250869938465,0.004768093894623352,5.343225825174454E-5,0.004307000395308742,0.00118161008702606,0.0030650299790300145,6.572010834032626E-6,
1,1,0.1085561207701042,0.8753842631392443,0.007887960063515243,0.001473872344425258,6.686040204153668E-4,1.4943953500112082E-5,5.171171465153373E-4,8.936001303914234E-4,0.004601680369498379,1.8380623900134335E-6,
1,2,0.19645845307674084,0.12298141787524688,0.6534147244772557,0.001084163584135554,0.007333998506613218,6.0061234777800614E-5,0.0010342737517809763,3.8455322593351955E-4,0.017240966912038174,7.387355477385162E-6,
1,1,0.32587442089655844,0.48761994137540954,0.06147437972053622,0.05760644281651486,0.008782119905611167,4.894776309301906E-4,0.03442639904603414,0.010091598332828577,0.013620895438178815,1.4324837398247007E-5,
1,1,0.09018438510823767,0.886294417565783,0.005333190562862907,0.0019830652724247794,0.0032776236167278575,2.0106785591637664E-5,6.957706065309539E-4,0.006017500031180557,0.00619146737508638,2.4730755739955965E-6,
1,1,0.18892680662670958,0.7622191980608409,0.009109322372268235,4.96293086613022E-4,0.03166709537128966,6.839013182845913E-4,0.0040263688333605965,5.751424672651045E-4,0.0022926729718155334,3.1988915527048693E-6,
1,0,0.7294830195887816,0.1367134864493467,0.10434990587575604,6.344386723719829E-4,0.008961230507192941,1.0042142484938798E-4,0.01172494190178906,0.002220736544514141,0.00579946749508015,1.2351540318017991E-5,
1,0,0.6957915455618702,0.21181444799090154,0.05256961115373388,0.005790881722428361,0.02365435220443443,5.0590512866602873E-5,5.819576002547227E-4,0.003057859945131215,0.006682530823881194,6.222484497887122E-6,
1,0,0.7312555758101118,0.13704568381986554,0.053134864596244114,0.029987822120051032,0.004503849386560259,1.0066543686418713E-4,0.01175343210396604,0.006019467840760654,0.02618625733249713,1.238155307917322E-5,
1,1,0.09055344759526188,0.8899214093292674,0.0053550156334728795,0.0019911805908415323,0.003291036669575832,2.018906879717932E-5,0.0017686912901183328,0.00604212550846812,0.0010544211180299205,2.4831961666108455E-6,
1,1,0.06901572720692915,0.9215981823940523,8.927971845619538E-4,4.949169929057547E-4,0.0023462807638451044,5.0180848812133794E-6,4.0328724681597754E-5,0.0015017977782449078,2.620811650093186E-4,0.0038428697048884983,
1,1,0.30464910585496385,0.6577307898629378,0.02396212151385721,0.0017390807808184106,9.497422746058437E-4,4.5889605496115446E-5,0.0040202223472181825,0.0010148105754464551,0.005882592897958516,5.644286697916369E-6,
1,1,0.11187107798955674,0.8040121754766774,0.002848977723793983,0.002423105375957978,0.001325940973269957,8.134067231100263E-6,6.537086670907986E-5,0.0749394998514706,0.0025047172089536643,1.0004663796105855E-6,
1,1,0.2190876309915467,0.7683275135314241,0.00910168834199412,6.605663550870215E-4,0.0010347323027859127,1.7430547087459032E-5,3.546498840167085E-4,3.854620960223374E-4,0.0010281820439373018,2.1439060981136145E-6,
0,0,0.8245309670923099,0.08161723644814399,0.062296348095538266,0.0022719686651620813,0.0076935348539560215,5.995106546733231E-5,6.896347993956447E-4,0.0036236430779794247,0.017209342097071686,7.373804975765614E-6,
0,0,0.5604103243100105,0.20368807886241172,0.16768062228384362,0.009811032967406468,0.01276583986706426,5.995232876981883E-4,0.002897043079937492,0.016258330079448165,0.02587696994833261,1.223531384707801E-5,
0,1,0.1504434412486431,0.5888886819389599,0.230064701528876,0.001251473214187652,0.004115645769696327,6.93299679451836E-5,5.984042792551037E-4,0.0041905353388255505,0.020369259331176347,8.5273824346364E-6,
0,0,0.4431666826812977,0.17167209868957367,0.2806816894047535,0.006875202229348925,0.007485688064988765,1.2609989844476052E-4,0.008656940449852216,8.073780520200885E-4,0.08051271061256815,1.5509917152384675E-5,
0,2,0.2549169115704694,0.0655099183101395,0.6710802250814668,4.373716768133209E-4,0.004085835606707337,4.8119607723621655E-5,8.286350988064303E-4,3.080947377993921E-4,0.002778969739651648,5.918570422366837E-6,
2,2,0.07273667230051585,0.0331233270999424,0.743068242921818,0.13710104036248158,0.009648606146160943,5.305468370115084E-4,4.18977036336958E-4,1.557798122963116E-4,0.003213814917591482,2.992565845311976E-6,
1,1,0.30334211490947766,0.5456695621495913,0.13672805317855885,0.0026899588144452913,0.006992020632555794,2.970934019513685E-4,2.92237872549293E-4,9.913463196190202E-4,0.0029905698316364535,7.042889614897632E-6,
4,4,0.003207509609987372,0.0012016560538597055,0.028772626323539087,0.03353271240147752,0.9072047854296562,0.009713893373553308,0.012810725992510336,4.876399964773838E-4,0.0029500115320083265,1.1843928693042915E-4,
0,0,0.7138435228505668,0.1337824653453877,0.102112732468352,0.003724085529482106,0.004396607450040701,5.039560849638455E-4,0.033776285864711965,0.0021731258380114156,0.005675131834705472,1.2086733777867866E-5,
0,1,0.17295368473042322,0.567030886750769,0.23824196548179008,0.0017800163416448508,0.007061276135187606,3.2647749465936185E-5,6.642660441697416E-4,0.002859492999639908,0.009371748189612058,4.015577297632008E-6,
3,3,0.03959078326146287,0.19221202228732812,0.003770286684391986,0.6524468595587839,0.09229881604924824,0.001165126540740482,7.224718632573386E-5,0.01733448196714981,0.0011067699851107732,2.6064794581144093E-6,
0,1,0.18451138693695382,0.541989031639365,0.20577265778775627,0.0023499796810367264,0.0027743557690328245,3.180073471525635E-4,0.021313577482201192,0.0013712900853737693,0.03959208627691336,7.626994214614543E-6,
0,0,0.743500991669899,0.13934061523054772,0.05402464723197126,0.010094553323213481,0.004579269678087166,1.0235115411255614E-4,0.03025445840013503,0.006120268285096502,0.011970256135587377,1.2588891349758741E-5,
0,0,0.6468287671157494,0.1559640868679784,0.1179980135671099,0.002886587980677325,0.00977481141306464,4.5905534896373E-4,8.761967334836771E-4,0.01657033428161192,0.04863277810404677,9.368587314290806E-6,
2,2,0.09979886148848827,0.038659675169849785,0.8483191029612756,8.997424806825368E-4,0.006916041252807636,1.1934689115226692E-4,0.0011391014875951745,4.969506594613675E-4,0.003647684854980754,3.492753706627168E-6,
2,2,0.09885073242297712,0.03829239280665387,0.8402597324799931,5.07724458331728E-4,0.0034345835570052928,2.812726634662618E-5,4.843605596736809E-4,1.8009005393083104E-4,0.01795879682393697,3.4595711506487413E-6,
1,3,0.110985946316982,0.20965995263142537,0.08864720040528977,0.5444327505480407,0.042228405537359036,1.5602759865352255E-4,1.8947149945930166E-4,0.0017567527452337086,0.0019389264823721118,4.566235184441792E-6,
3,3,0.007087574341631676,0.006255350557943775,0.03304609471039552,0.933136935929943,0.016374579963210994,8.162709260754775E-4,0.0010192259944521525,3.283155543213724E-4,0.001907062327804586,2.8589694221467855E-5,
0,0,0.627892707206599,0.3298007943570773,0.020454131548894635,0.006684599027816412,0.0012086239456354938,5.8398238702588314E-5,0.005116058456641148,0.0012914286270743782,0.0074860757797147025,7.182811844365643E-6,
0,0,0.5763192934070897,0.3993251671763017,0.014676901824998622,0.004796547017223258,8.672504599391425E-4,4.190376961944603E-5,8.525932640457253E-4,9.266671199534597E-4,0.00218852192023723,5.154040591515055E-6,
0,0,0.47193965262481874,0.1828180542154961,0.29890518437526253,8.483935756044257E-4,0.015899698350715544,1.3428704050580194E-4,0.009218999596219902,0.002969646554539022,0.017249566755258038,1.6516911580196862E-5,
2,2,0.39859197695968435,0.1544049313262669,0.40507096053124697,0.0020472776542643793,0.006732760654918496,1.134164858951245E-4,0.007694115810168662,0.001984797650512014,0.02334581303238302,1.3949894660054573E-5,
2,2,0.19644450497283272,0.1229726864739331,0.6533683335160653,0.0010840866109837854,0.007333477809378612,6.005697056656206E-5,4.3872214402500726E-4,0.001051001828672471,0.017239742842550712,7.3868309919268264E-6,
2,0,0.49077374811877544,0.17837780207475157,0.28908433610308476,5.5037517621076E-4,0.022297818807500192,8.71155271638487E-5,0.0023622885441075803,0.005265554073660675,0.011190246620762947,1.0714953982215167E-5,
2,0,0.48952425915945025,0.1779236598246102,0.28834833975515645,0.00329301641321178,0.022241049515084307,8.689373475992697E-5,0.005488754296903049,0.0019215828948862422,0.011161756731769577,1.068767416793868E-5,
2,1,0.3575641381739821,0.5020095869507286,0.06273271662254676,0.0078624811182812,0.012995161660939641,7.971962610705042E-5,0.023564698733907034,0.023858256726246158,0.009323435107387673,9.805279874044267E-6,
2,4,0.14204921506409585,0.0975087451442876,0.15942555329463337,0.004614404264667506,0.5345726696691856,0.007915623741638976,0.021998528431718525,4.5858599801867255E-4,0.03144786484978181,8.809541971963674E-6,
1,0,0.55564694781425,0.3850015310353266,0.007187927313025528,0.041953658492125206,0.0051846314209137885,1.69795727245397E-4,3.246873384581419E-4,0.002415831188741541,0.002110020502724051,4.969167189693917E-6,
1,1,0.2806151720003749,0.6709278308085187,0.040140984778583265,2.4405381947301927E-4,0.0034471772098663782,1.981074548355451E-4,0.0013367363902128998,8.542657617413003E-4,0.0022309204257556217,4.751350638379529E-6,
1,1,0.014849729198124146,0.9654517213584677,0.0013760601455721764,1.7246578013316855E-4,8.176182029479219E-4,1.7486728809445573E-6,1.4053518193326637E-5,0.016110596012874297,0.0012057920291777447,2.1508162849118357E-7,
1,1,0.02358504689733746,0.9081470214245757,0.03871642033409029,0.01972604291174864,0.0048063459817888525,3.098710869870399E-5,6.809392345382443E-4,0.002685010894167011,0.0016183738896945572,3.811323360576485E-6,
1,1,0.26308357634263835,0.6693323729002444,0.052233916041190584,0.0017697560820179382,0.005992899597950361,4.669904315194324E-5,3.7530510119896277E-4,0.0010327106180469123,0.006127020428408506,5.743845152258893E-6,
1,1,0.45774682978816306,0.5219781847512845,0.009659684887574184,0.0035918059588014827,0.002161899460668014,3.641820231770885E-5,7.409814025496115E-4,0.002177690819198663,0.0019020253975182506,4.4793319245525296E-6,
1,0,0.7158628318611812,0.13416090701934896,0.10240158731422679,0.0037346201623886977,0.004409044502077743,9.854645501240287E-5,0.01150602534648994,0.002179273141230433,0.02563504327350906,1.2120924534868877E-5,
1,0,0.5025440836217869,0.3906945066667053,0.07188711240175664,0.007918829075377661,0.0030952008266494435,6.918076442050457E-5,0.002393915337772753,0.001529875242822493,0.019858787031869038,8.509030839312718E-6,
1,0,0.6879196295203194,0.1026447687120796,0.16782288624992772,0.0028573094153319257,0.009675665827822783,7.5396613714639E-5,0.005176086603543653,0.0016673335959914441,0.02215164989922223,9.273562046496554E-6,
1,1,0.10972424979767145,0.8595423635124974,0.005218035000644729,0.001224505519213424,0.013713053041369253,2.9328657167780884E-5,2.3570492891192518E-4,0.008777394806209347,0.0015317573976214448,3.607338693157171E-6,
1,1,0.24916330083724825,0.6346689081850517,0.011849183995719837,0.08900971788214132,0.002979731352806616,6.659990879430368E-5,5.352419198089661E-4,0.003982459339304037,0.007736664985947557,8.191593177281777E-6,
1,1,0.2897455668891957,0.46560365679905125,0.1835117087772664,0.004495056702746657,0.001706301920466275,8.2445021224266E-5,0.0016774641133311314,5.278695816235093E-4,0.05263978969962585,1.0140495468956442E-5,
1,0,0.6989830283441328,0.10429554296637977,0.17052188107820596,0.0029032618089958437,0.006836314585107568,7.66091722341156E-5,0.004839116703222956,0.001694148322237385,0.009840674316300415,9.422703183098965E-6,
1,1,0.060867479671013074,0.9203305525963273,0.009344898059277545,0.0016550823344305156,7.291578546871465E-4,3.52314171861768E-5,0.0030864970218152047,0.0021067249032330117,0.0018400427811914358,4.333360838970678E-6,
1,2,0.28817629009265816,0.30720878065870383,0.39695994834649834,9.81933858546717E-4,0.0023158087653188434,5.439784261105775E-5,0.001106803388096244,3.482923043007101E-4,0.0028410539683920793,6.69077487429985E-6,
1,0,0.6620595046801219,0.09878616892922625,0.16151412487253872,4.584314795262993E-4,0.018572825425210018,7.256232063806498E-5,0.001967653119457848,0.0016046555547024326,0.05495514866625622,8.92495232241739E-6,
1,1,0.06749220348664071,0.844027221075538,0.06586689780311829,0.005807871077014998,0.0012187483771902712,5.888743054162067E-5,0.005158914784170939,0.0035212780613920807,0.006840734923389896,7.242981003806612E-6,
1,2,0.09910739677212715,0.2573604535865392,0.6299580277334548,5.469280085232176E-4,0.0036997822620398026,3.0299091398333386E-5,6.559864213390917E-5,5.302365431747705E-4,0.008697550661355491,3.7266992533427336E-6,
1,1,0.08178409504987853,0.8152479201267988,0.06418463400381576,0.00692812822043868,0.005078472436770766,8.554923114235718E-5,0.0017406237882335125,5.477448629491942E-4,0.024392309975800566,1.0522304171794504E-5,
1,1,0.46175842307576653,0.4822836664020978,0.03797029081561157,0.004991410950133813,0.003004318374890005,5.0609140893974164E-5,0.0010297167299554721,0.0030262630903872953,0.005879076644573213,6.224775690543128E-6,
1,1,0.17853976905714872,0.6855234575807995,0.086600274315036,0.036942271071514696,0.004270372113972903,7.193640520661048E-5,0.0034094591127923563,0.0015908139539236054,0.003042798423043071,8.847966562666671E-6,
0,2,0.21006146606883974,0.2239348935807266,0.552996249099191,1.1932411407755423E-4,0.00965726561239889,3.965243138561694E-5,2.023718861684021E-4,6.939207473244818E-4,0.0022899793272867803,4.877132600950888E-6,
0,0,0.6747670697021249,0.10068226989306528,0.16461422573851964,0.022030916377962975,0.009490673616348838,7.395508126024084E-5,0.004671467639944975,0.00442227488574317,0.01923805080724155,9.096257788396905E-6,
1,1,0.4611267229696947,0.48162388711492515,0.03791834625859404,0.0019153134620118401,0.012936036812511717,5.053990599088797E-5,4.0617287319530437E-4,0.0011176481150173394,0.0028991162280582188,6.216260000806941E-6,
0,0,0.5355337785468866,0.24448003924718972,0.1849666776967511,7.543300966579821E-4,0.010654656106306776,1.1939830658487515E-4,0.013940632788065753,0.0026403945491095234,0.006895407021411305,1.4685641036242911E-5,
0,2,0.33860120720828807,0.23300714785831672,0.3776182678698284,7.189311033619901E-4,0.01903661778389394,5.83582799059203E-4,0.013286430643947442,0.0025164868469552473,0.01461733140899713,1.3996477351945443E-5,
1,1,0.20933152166752975,0.5435886434408619,0.23467587216177263,0.0011552041118585374,0.007814563554040806,6.399678645721892E-5,0.0013021078902809916,4.0975132750015284E-4,0.001650467642922753,7.871416775209645E-6,
2,2,0.05940563188751659,0.027052546045263946,0.6068800937708579,0.2914096121160552,0.011209878947126042,4.333092111827114E-4,3.421877136078364E-4,9.403083035637421E-4,0.0023239879108168902,2.4440940090202227E-6,
1,1,0.09038870783740476,0.888302415890828,0.010522923623700327,7.637142738556891E-4,0.00655208771694523,2.015233974496398E-5,6.973469520261315E-4,0.002230446830025813,5.19725856867573E-4,2.478678601061853E-6,
1,6,0.048015987159044364,0.13329462569742992,0.34968949243479075,0.005338243749278868,0.0020263716708503084,0.007253021523313754,0.424393278099738,0.009822973120326548,0.020153963885894983,1.2042659332566462E-5,
1,0,0.5005531914311966,0.371182107765056,0.09131362931944097,0.0022338073065578533,0.0096085246605632,5.894409114454101E-5,0.001598371217931005,0.006523890670062207,0.01692028358795606,7.2499500915532366E-6,
1,0,0.5028227808355887,0.3909111751620758,0.07192697902955615,0.002623200998625243,0.0030969173404333237,3.549805972163775E-4,0.01785152172823139,0.001530723669819317,0.008873206888738445,8.513749715256837E-6,
1,1,0.46504521514104163,0.4857165569542247,0.038240562984633734,0.0019315891199442935,0.00454831556430575,5.096937627769006E-5,4.0962438694315046E-4,0.0011271454943078125,0.0029237518947363705,6.2690835847262355E-6,
3,3,0.22506761094186928,0.018417475898819355,0.15611843105683113,0.5171254406800608,0.05225439969843542,0.002653688687519067,0.007373364701205437,0.011986500251022153,0.008997711654229055,5.376430008410314E-6,
1,1,0.2559868524634857,0.6941269129341249,0.027759635930831913,0.0034218012828778174,0.004323966130951262,7.283922135918651E-5,0.001482020115449435,0.004355550069376932,0.008461462841244933,8.959010297855886E-6,
1,1,0.3385350055509365,0.4012302013498007,0.15419745939311125,0.00920529830218228,0.004055457195175721,1.9595140257416908E-4,0.0579221954948237,0.011717260689371551,0.022917069175018207,2.410144700592515E-5,
1,0,0.44865593162562106,0.2048188632842944,0.15496015457121412,0.0037907936425960885,0.0044753621899018626,1.0002872016908394E-4,0.01167909073439096,0.00221205220612658,0.16929541978688994,1.2303238795717103E-5,
1,0,0.4952073238045525,0.17998924011354767,0.29169588019768805,0.0033312462349284794,0.010407731659330852,8.790251563780019E-5,0.006034634862152477,0.0019438912475536123,0.011291337613355447,1.0811751253120277E-5,
1,1,0.3585381995538286,0.60514482373359,0.022046335709489464,0.0016000402425833467,0.005418193288844963,4.2220704362855855E-5,8.590417633055121E-4,9.336758690124578E-4,0.005412276112348941,5.193022634114811E-6,
1,0,0.5203887407392073,0.2015860639987916,0.1674204033048679,0.04411030585262918,0.008790073662887327,1.4807288075444544E-4,0.010165417472487765,0.0088542797960803,0.03851842976285255,1.8212529441666718E-5,
1,0,0.7666586483126169,0.1248936728680885,0.09449101778161108,0.002311535829840381,0.002517818596739217,6.099513518376757E-5,0.004187404268591632,0.0013488568394974152,0.003522548145346644,7.502222484446784E-6,
1,3,0.007200215643059136,0.010153902826673548,0.020748662284878084,0.9502736613174124,0.0032125267748463653,0.004613829454704653,0.0017332778252359435,0.001576004780898755,4.8720454673855523E-4,7.145455522940876E-7,
1,1,0.010321149457517914,0.9779464768920815,0.009254824538007422,2.806482579939994E-4,4.504818141319584E-4,5.9741051271401236E-6,5.23369740861959E-4,5.176519534376925E-4,6.986884434556683E-4,7.347973846479331E-7,
0,1,0.21368643091758796,0.7277717968651128,0.026748715311690437,0.0024197284880627425,0.003152469340465903,0.0016460309635386026,0.01969566904539349,4.889718247550621E-4,0.00438079398273548,9.39326065753974E-6,
0,2,0.36922265787541225,0.09488482347701896,0.5086005068336972,2.097346427826293E-4,0.016974466302402277,6.969662918863013E-5,0.004784774419986632,0.0012196966320232848,0.004025070706797257,8.572480690693562E-6,
1,1,0.13693613936743487,0.41759612559622145,0.007796464052791773,0.41512141384835516,0.012017968396085467,1.841707944635797E-4,8.916033173980742E-4,0.0071620679270797015,0.0022886568385758047,5.3898615942533536E-6,
2,2,0.020616489845504068,0.07514607056767811,0.8986665177315214,2.1540713148723934E-4,0.0036917415192989217,1.1933271405148072E-5,8.848052894773958E-4,7.640498953721256E-5,6.891618967558147E-4,1.4677573347281197E-6,
2,0,0.773881850684904,0.09798823864848868,0.07479191516112327,0.008238811834186423,0.001489636883969621,7.197620951031002E-5,0.021275785850292953,0.0015916941930955446,0.020661237672054134,8.852862375116168E-6,
2,2,0.09874615254657684,0.03825188108146346,0.8393707733715168,0.0015319287181524976,0.003430949913479607,2.8097508893485384E-5,2.0525509740537803E-4,4.917086717763262E-4,0.017939797179664152,3.4559110713102803E-6,
1,0,0.4083182519699801,0.18983778294189935,0.3076567196743608,0.0035135233599154054,0.0019187962425508836,9.271231254250723E-5,0.027405267945615625,0.0020502559179812014,0.05919528629300822,1.1403342145990673E-5,
0,0,0.659833156247905,0.0984539745709163,0.16097099133824347,0.008277970723888152,0.009280626468565872,4.358468968961747E-4,8.318988728080331E-4,0.015732588223786235,0.046174051717157424,8.894939833403694E-6,
1,3,0.004097194116627905,0.006846392976430282,0.4854192494678088,0.4864639686826165,0.012852403957294973,8.93397018021707E-4,0.0012048116567283556,1.040382817795003E-4,0.002087252825521574,3.129101717050503E-5,
1,0,0.5843877392797923,0.16509026755285658,0.137110069154252,0.036124432664613876,0.002509735404198344,1.2126528499122892E-4,0.03584537518856932,0.007251272193753985,0.03154492800307548,1.4915273896895265E-5,
1,2,0.1731061444918068,0.3493889128848397,0.4514630230106864,0.0011167545492249383,0.0012804087002742822,6.186673132325909E-5,0.0054199205490263695,3.96113253354476E-4,0.017759246403214305,7.60942624972004E-6,
1,1,0.00847867078726062,0.9234098778265489,0.06518382984930443,8.858763867151472E-5,7.612136032924192E-4,2.5168135560999638E-5,0.001265673454688556,1.5726443071957592E-4,6.29110648829181E-4,6.036251238695055E-7,
1,1,0.2122740425799285,0.6783315819728603,0.08951094963714881,0.001793550545926207,0.0021174426929287896,2.4270943944604734E-4,0.012205548319805708,0.0010465954668000736,0.0024717582737023343,5.821071453419157E-6,
0,0,0.6595180023949033,0.2034165622156963,0.07817536413415523,0.009797954839383453,0.0020560445302479848,9.934386927725509E-5,0.029365520950080323,0.005940442369489301,0.011618545692619308,1.2219004147434238E-5,
0,0,0.46374042730104675,0.4398819403297545,0.054969048056827126,0.006889437054625508,0.0014457087836038543,6.985369348688097E-5,0.020648381369207824,0.004177025149852828,0.008169586462456885,8.591799138079442E-6,
