0,1,0.07607783183409203,0.46390972884307313,0.4600124393228348,
2,2,0.03351620702637243,0.06778445126102596,0.8986993417126017,
2,2,0.008489198226335542,0.005263660672030478,0.9862471411016339,
1,1,0.006396859643940446,0.9933226698935403,2.8047046251927614E-4,
1,1,0.13283607868998704,0.6582177268062475,0.20894619450376553,
2,2,0.039589839540842664,0.0783775479308609,0.8820326125282963,
2,2,0.00995472532383837,0.0065363767857587055,0.983508897890403,
2,2,0.0023295625785669898,4.689517579646808E-4,0.9972014856634684,
1,1,0.01773691181937966,0.9788747751836172,0.003388312997003246,
2,2,0.10401020231255333,0.1831703071363202,0.7128194905511265,
2,2,0.010124136758728417,0.007123469001471359,0.9827523942398001,
2,2,0.002316451517002605,5.405758221910984E-4,0.9971429726608062,
2,2,5.35866752955411E-4,3.833859600994225E-5,0.9994257946510346,
1,1,1.551609885099796E-5,0.999984483820013,8.113578179559669E-11,
1,1,4.860132511369378E-4,0.9995138955737926,9.117507055541042E-8,
1,1,0.0012155567405070613,0.9987812133844843,3.2298750085472313E-6,
1,1,0.0036559106690759236,0.9963010114664065,4.3077864517688476E-5,
1,1,0.011820330901194453,0.9875762101268448,6.03458971960799E-4,
1,1,4.257370904678716E-4,0.9995741715057078,9.140382415703627E-8,
1,1,0.013170250872094605,0.9867283077741943,1.0144135371119456E-4,
1,1,0.03221377037651857,0.9642718794756057,0.0035143501478755996,
1,1,0.0876294119816428,0.8699768727091559,0.042393715309201475,
1,1,0.16287150563637046,0.4957342333704509,0.3413942609931786,
1,1,0.0012459160549609417,0.9987505684539191,3.5154911199899436E-6,
1,1,0.03747972474280683,0.9587263241842237,0.0037939510729696076,
1,1,0.07902760605643316,0.8076654197619452,0.11330697418162171,
0,2,0.09304306811916649,0.31538174552138076,0.5915751863594528,
2,2,0.03379873610106175,0.03512359647680437,0.9310776674221338,
1,1,0.003827510237221838,0.9961326970967559,3.9792666022285914E-5,
1,1,0.10332915086385627,0.8581312097574014,0.03853963937874246,
0,2,0.10415684357872625,0.3455994561579299,0.5502437002633438,
2,2,0.039173567092429806,0.04311002022265648,0.9177164126849137,
2,2,0.009723893927778343,0.003280736186889316,0.9869953698853323,
1,1,0.010690380491082513,0.9888253746209602,4.8424488795725877E-4,
1,1,0.17931896418461152,0.5292765630045834,0.2914044728108051,
2,2,0.039688110859922424,0.04680273926297698,0.9135091498771006,
2,2,0.009665412306030813,0.003780342046847654,0.9865542456471215,
2,2,0.002255493072319405,2.70456982755372E-4,0.9974740499449253,
1,1,3.383644347281703E-6,0.9999966163500359,5.616904658984887E-12,
1,1,1.0602544996041434E-4,0.9998939682358071,6.31423263134369E-9,
1,1,2.653300437237174E-4,0.9997344461463391,2.238099371176339E-7,
1,1,7.995639788654731E-4,0.9991974451736465,2.990847487844234E-6,
1,1,0.002603187925099093,0.9973546224084704,4.218966643058323E-5,
1,1,9.287162088779986E-5,0.9999071220493359,6.329776273690595E-9,
1,1,0.002902204603167596,0.9970906991049322,7.096291900055056E-6,
1,1,0.007230656913353253,0.9925189261591056,2.5041692754116393E-4,
1,1,0.02142257552351593,0.9752873500642372,0.0032900744122471427,
1,1,0.06400863243186784,0.8933989678194437,0.04259239974868844,
1,1,2.719633675101157E-4,0.9997277930253069,2.4360718288870135E-7,
1,1,0.00845072526849828,0.991277710996777,2.715637347249193E-4,
1,1,0.02069496743904108,0.9698855939589477,0.009419438602011236,
1,1,0.05387307233717535,0.8373892317207832,0.10873769594204143,
0,2,0.06891519624763752,0.3284101828632781,0.6026746208890844,
1,1,8.372036643438313E-4,0.9991600332124335,2.763123222861916E-6,
1,1,0.02550913149593826,0.971470479259606,0.003020389244455883,
1,1,0.05588890719497279,0.8503817994099245,0.09372929339510278,
2,2,0.07416484717797318,0.37427111558877324,0.5515640372332536,
2,2,0.0287608249085669,0.044497491930748145,0.9267416831606848,
1,1,0.0023519770779975627,0.9976142018457845,3.3821076217994596E-5,
1,1,0.0664411019482606,0.8992829658441395,0.034275932207599946,
0,2,0.07291474804440236,0.3943023114745936,0.532782940481004,
2,2,0.028412005776636582,0.050958390762945116,0.9206296034604182,
2,2,0.00704513430385817,0.0038739059820027274,0.989080959714139,
1,1,0.12965256462024624,0.8695038006791649,8.436347005888257E-4,
1,0,0.6908743568362545,0.14784935978466124,0.1612762833790843,
1,2,0.22769238167027134,0.019468086986161343,0.7528395313435673,
0,2,0.06373220071853158,0.0018073137818346843,0.9344604854996337,
2,2,0.015495188440485468,1.3471547804101434E-4,0.9843700960814734,
1,0,0.6616060119922853,0.1616414099700922,0.17675257803762257,
0,2,0.09440922692019926,7.360335834845599E-4,0.9048547394963161,
2,2,0.0073123295578236425,2.277683358681587E-5,0.9926648936085896,
2,2,0.0016583775709074864,1.7132505297491742E-6,0.9983399091785627,
2,2,3.832471488423167E-4,1.2138426173090848E-7,0.999616631466896,
1,2,0.21765176799416142,0.01815557909521646,0.7641926529106221,
2,2,0.007876221342550088,2.0965046073644845E-5,0.9921028136113762,
2,2,5.601897192130639E-4,5.957546573539971E-7,0.9994392145261295,
2,2,1.2637923711907161E-4,4.45766993457804E-8,0.9998735761861814,
2,2,2.9171478703837467E-5,3.154544165650953E-9,0.9999708253667519,
0,2,0.07161282754452415,0.001939417479917046,0.9264477549755589,
2,2,0.0021499889906000887,1.8580043315731732E-6,0.9978481530050682,
2,2,1.5209789815727099E-4,5.251557220395888E-8,0.9998478495862705,
2,2,3.430254050300073E-5,3.9281769416657035E-9,0.99996569353132,
2,2,7.917320449909942E-6,2.779642662179967E-10,0.9999920824015859,
2,2,0.017429078868204637,1.677569509325768E-4,0.9824031641808628,
2,2,4.942785806223497E-4,1.5181262226716506E-7,0.9995055696067553,
2,2,3.491314122001905E-5,4.28429551613567E-9,0.9999650825744844,
2,2,7.87322313295703E-6,3.204371946973645E-10,0.9999921264564299,
2,2,1.8171704532385986E-6,2.2674202299877868E-11,0.9999981828068727,
1,1,0.003908453518880855,0.9960906264184293,9.200626897653976E-7,
1,1,0.1093979146572556,0.8896781967139846,9.23888628759704E-4,
1,1,0.2288941836268692,0.7437261710537911,0.027379645319339604,
1,1,0.3834213096948703,0.41319439375632594,0.20338429654880377,
1,2,0.2755841241076336,0.09104966628466914,0.6333662096076973,
1,1,0.09714277358530492,0.901918333723895,9.388926908001071E-4,
1,0,0.6086393758311855,0.1803211895590887,0.21103943460972577,
1,2,0.16584979788133888,0.01963161678699974,0.8145185853316614,
0,2,0.043824916017195514,0.0017205293312663155,0.9544545546515383,
2,2,0.010485116323713798,1.262002544391843E-4,0.9893886834218469,
1,1,0.23272239163464833,0.7377166863914453,0.0295609219739063,
1,2,0.17673646458394646,0.017877533511018163,0.8053860019050353,
2,2,0.015247368864493233,6.162128460428841E-4,0.9841364182894637,
2,2,0.0034814210860202744,4.666510669466379E-5,0.9964719138072851,
2,2,8.057131887317392E-4,3.3110227872820348E-6,0.999190975788481,
1,1,0.40045044881053704,0.41212864155625173,0.1874209096332112,
0,2,0.056105749330685184,0.0018425589104288126,0.9420516917588859,
2,2,0.0041870098029984084,5.493794318777712E-5,0.9957580522538139,
2,2,9.473024158820779E-4,4.122464552487662E-6,0.9990485751195655,
2,2,2.1880001925281034E-4,2.919185077262942E-7,0.9997809080622394,
1,2,0.29369040301567834,0.10742351851475891,0.5988860784695627,
2,2,0.013482883059517468,1.5737016049790784E-4,0.9863597467799845,
2,2,9.64148797132039E-4,4.496121998387881E-6,0.9990313550808695,
2,2,2.1758160865041127E-4,3.3652402400999095E-7,0.9997820818673256,
2,2,5.022679734347457E-5,2.3816358888969963E-8,0.9999497493862977,
1,1,3.115688563275222E-4,0.9996884105588676,2.0584804935867436E-8,
1,1,0.009672266810551184,0.9903048076747891,2.292551465980079E-5,
1,1,0.023843400725015673,0.9753561358250458,8.004634499385751E-4,
1,1,0.0679522298619678,0.9219313901975638,0.010116379940468377,
1,1,0.1722792627712314,0.7165951811866216,0.11112555604214719,
1,1,0.008482364547995376,0.9914946261926211,2.3009259383478932E-5,
1,1,0.20715644562690125,0.7726839378061046,0.020159616566994307,
1,1,0.25849030088373115,0.3852140234036273,0.3562956757126416,
1,2,0.13146305672772843,0.06497726538994676,0.8035596778823247,
1,2,0.03618606993338052,0.0054833391867178515,0.9583305908799017,
1,1,0.024423362936463324,0.9747059431379719,8.706939255646849E-4,
1,2,0.28149498173465776,0.3584832019995663,0.36002181626577584,
1,2,0.05095826361364928,0.025927890112996753,0.9231138462733539,
0,2,0.012269820358391467,0.0020705733857727606,0.9856596062558358,
2,2,0.0028644508237662854,1.4819712662294033E-4,0.9969873520496108,
1,1,0.07098116407611339,0.9196950429534406,0.00932379297044604,
1,2,0.1632408750124777,0.06749314172317687,0.7692659832643455,
0,2,0.014724951953742911,0.00243242254511607,0.982842625501141,
2,2,0.003366486667464186,1.8444288190214557E-4,0.9964490704506337,
2,2,7.791446102353592E-4,1.3087269948350433E-5,0.9992077681198163,
1,1,0.1618835620294383,0.7454681364402598,0.0926483015303019,
1,2,0.04612754744037175,0.006778236216171626,0.9470942163434566,
2,2,0.0034261511356636037,2.0114871171803263E-4,0.9963727001526184,
2,2,7.748067659752705E-4,1.5087038897633888E-5,0.9992101061951272,
2,2,1.7893647644097614E-4,1.068207138495212E-6,0.9998199953164205,
1,1,1.859222299808142E-4,0.9998140748573552,2.9126640975408886E-9,
1,1,0.005793715335410262,0.9942030284400416,3.2562245481713043E-6,
1,1,0.014374383510593954,0.985511189386296,1.1442710311000112E-4,
1,1,0.042062147433026095,0.9564530140408032,0.001484838526170481,
1,1,0.12308722277803615,0.8580866806438245,0.01882609657813921,
1,1,0.005078513874521375,0.9949182195799403,3.26654553839385E-6,
1,1,0.1374660167996463,0.8593618929678799,0.003172090232473887,
1,1,0.2614714997830709,0.6530696541345354,0.08545884608239374,
1,2,0.30508590230942106,0.25273020686276176,0.44218389082781706,
1,2,0.1327370877476375,0.03371112820847883,0.8335517840438836,
1,1,0.014728401705163673,0.9851470946575804,1.2450363725591415E-4,
1,1,0.29089514122985316,0.6208860892438404,0.08821876952630646,
1,2,0.16264924151698681,0.13870173956958798,0.6986490189134251,
1,2,0.04918576773963124,0.013911347112175121,0.9369028851481936,
1,2,0.011959255763713924,0.0010370026725972036,0.9870037415636888,
1,1,0.04396173057593754,0.9546689945101248,0.0013692749139374817,
1,2,0.35582459416124596,0.2465721388690059,0.3976032669697481,
1,2,0.058466596019909,0.016187144831042697,0.9253462591490483,
0,2,0.014029796964184748,0.001288290178630949,0.9846819128571842,
2,2,0.003277404170110915,9.226527937320415E-5,0.9966303305505159,
1,1,0.1129473013927329,0.8717250005647709,0.01532769804249602,
1,2,0.1635369098616872,0.04027628746591837,0.7961868026723945,
1,2,0.014274310314949667,0.001404569332403677,0.9843211203526466,
2,2,0.003259163324541039,1.0636384766832904E-4,0.9966344728277907,
2,2,7.541882346347801E-4,7.54594537797917E-6,0.9992382658199873,
1,1,4.055004717919677E-5,0.9999594497511547,2.0166610163973823E-10,
1,1,0.0012691919858756583,0.9987305815669163,2.2644720811162267E-7,
1,1,0.0031706033609160663,0.9968213842127868,8.012426297179123E-6,
1,1,0.009498026477041255,0.9903955338286922,1.0643969426636649E-4,
1,1,0.03028744333547904,0.9682419640499692,0.001470592614551716,
1,1,0.0011118927653129742,0.9988878801972715,2.2703741565104418E-7,
1,1,0.03369904581723526,0.9660540944557571,2.4685972700777515E-4,
1,1,0.07963522542991967,0.9121021059264312,0.008262668643649116,
1,1,0.19015604380807302,0.7223509443762207,0.08749301181570625,
1,2,0.24049159194409664,0.2800812255106955,0.47942718254520794,
1,1,0.0032496309825371947,0.9967416484866369,8.720530825839381E-6,
1,1,0.09187860665635794,0.8992759137380709,0.008845479605571274,
1,1,0.15938505829351082,0.6232762376093994,0.21733870409708966,
1,2,0.11984738091779978,0.15543949572758942,0.7247131233546108,
1,2,0.036235327798603494,0.014408242680758819,0.9493564295206376,
1,1,0.009941152881251967,0.9899605512918435,9.829582690443977E-5,
1,1,0.22063288371785564,0.7011022803267482,0.07826483595539625,
1,2,0.13710021043097703,0.1740618771816589,0.6888379123873641,
1,2,0.04219108707482179,0.01776585543247416,0.940043057492704,
0,2,0.010239136532517257,0.0013218273443425241,0.9884390361231402,
1,1,0.02744597568927839,0.9713716303359461,0.0011823939747755473,
1,2,0.2721150446420742,0.30731891900559166,0.4205660363523342,
1,2,0.042840957690044784,0.019330821793645543,0.9378282205163098,
0,2,0.01018063124808278,0.0015235816050020014,0.9882957871469152,
2,2,0.0023716448334993876,1.0881447080047982E-4,0.9975195406957001,
1,1,0.12965256462024624,0.8695038006791649,8.436347005888257E-4,
1,0,0.6908743568362545,0.14784935978466124,0.1612762833790843,
1,2,0.22769238167027134,0.019468086986161343,0.7528395313435673,
1,2,0.06373220071853158,0.0018073137818346843,0.9344604854996337,
0,2,0.015495188440485468,1.3471547804101434E-4,0.9843700960814734,
1,0,0.6616060119922853,0.1616414099700922,0.17675257803762257,
1,2,0.09440922692019926,7.360335834845599E-4,0.9048547394963161,
2,2,0.0073123295578236425,2.277683358681587E-5,0.9926648936085896,
2,2,0.0016583775709074864,1.7132505297491742E-6,0.9983399091785627,
2,2,3.832471488423167E-4,1.2138426173090848E-7,0.999616631466896,
1,2,0.21765176799416142,0.01815557909521646,0.7641926529106221,
2,2,0.007876221342550088,2.0965046073644845E-5,0.9921028136113762,
2,2,5.601897192130639E-4,5.957546573539971E-7,0.9994392145261295,
2,2,1.2637923711907161E-4,4.45766993457804E-8,0.9998735761861814,
2,2,2.9171478703837467E-5,3.154544165650953E-9,0.9999708253667519,
1,2,0.07161282754452415,0.001939417479917046,0.9264477549755589,
2,2,0.0021499889906000887,1.8580043315731732E-6,0.9978481530050682,
2,2,1.5209789815727099E-4,5.251557220395888E-8,0.9998478495862705,
2,2,3.430254050300073E-5,3.9281769416657035E-9,0.99996569353132,
2,2,7.917320449909942E-6,2.779642662179967E-10,0.9999920824015859,
0,2,0.017429078868204637,1.677569509325768E-4,0.9824031641808628,
2,2,4.942785806223497E-4,1.5181262226716506E-7,0.9995055696067553,
2,2,3.491314122001905E-5,4.28429551613567E-9,0.9999650825744844,
2,2,7.87322313295703E-6,3.204371946973645E-10,0.9999921264564299,
2,2,1.8171704532385986E-6,2.2674202299877868E-11,0.9999981828068727,
1,1,0.003908453518880855,0.9960906264184293,9.200626897653976E-7,
1,1,0.1093979146572556,0.8896781967139846,9.23888628759704E-4,
1,1,0.2288941836268692,0.7437261710537911,0.027379645319339604,
1,1,0.3834213096948703,0.41319439375632594,0.20338429654880377,
1,2,0.2755841241076336,0.09104966628466914,0.6333662096076973,
1,1,0.09714277358530492,0.901918333723895,9.388926908001071E-4,
1,0,0.6086393758311855,0.1803211895590887,0.21103943460972577,
1,2,0.16584979788133888,0.01963161678699974,0.8145185853316614,
1,2,0.043824916017195514,0.0017205293312663155,0.9544545546515383,
0,2,0.010485116323713798,1.262002544391843E-4,0.9893886834218469,
1,1,0.23272239163464833,0.7377166863914453,0.0295609219739063,
1,2,0.17673646458394646,0.017877533511018163,0.8053860019050353,
1,2,0.015247368864493233,6.162128460428841E-4,0.9841364182894637,
2,2,0.0034814210860202744,4.666510669466379E-5,0.9964719138072851,
2,2,8.057131887317392E-4,3.3110227872820348E-6,0.999190975788481,
1,1,0.40045044881053704,0.41212864155625173,0.1874209096332112,
1,2,0.056105749330685184,0.0018425589104288126,0.9420516917588859,
2,2,0.0041870098029984084,5.493794318777712E-5,0.9957580522538139,
2,2,9.473024158820779E-4,4.122464552487662E-6,0.9990485751195655,
2,2,2.1880001925281034E-4,2.919185077262942E-7,0.9997809080622394,
1,2,0.29369040301567834,0.10742351851475891,0.5988860784695627,
0,2,0.013482883059517468,1.5737016049790784E-4,0.9863597467799845,
2,2,9.64148797132039E-4,4.496121998387881E-6,0.9990313550808695,
2,2,2.1758160865041127E-4,3.3652402400999095E-7,0.9997820818673256,
2,2,5.022679734347457E-5,2.3816358888969963E-8,0.9999497493862977,
1,1,3.115688563275222E-4,0.9996884105588676,2.0584804935867436E-8,
1,1,0.009672266810551184,0.9903048076747891,2.292551465980079E-5,
1,1,0.023843400725015673,0.9753561358250458,8.004634499385751E-4,
1,1,0.0679522298619678,0.9219313901975638,0.010116379940468377,
1,1,0.1722792627712314,0.7165951811866216,0.11112555604214719,
1,1,0.008482364547995376,0.9914946261926211,2.3009259383478932E-5,
1,1,0.20715644562690125,0.7726839378061046,0.020159616566994307,
1,1,0.25849030088373115,0.3852140234036273,0.3562956757126416,
1,2,0.13146305672772843,0.06497726538994676,0.8035596778823247,
1,2,0.03618606993338052,0.0054833391867178515,0.9583305908799017,
1,1,0.024423362936463324,0.9747059431379719,8.706939255646849E-4,
1,2,0.28149498173465776,0.3584832019995663,0.36002181626577584,
1,2,0.05095826361364928,0