2,0,0.4288526555557995,0.24825014516079905,0.3228971992834015,
2,0,0.5590673098740074,0.11404200410309062,0.32689068602290194,
2,1,0.3297910023332215,0.5954363138300487,0.07477268383672982,
2,1,0.39686505623152096,0.4525396276197167,0.1505953161487623,
2,0,0.6029464210048491,0.08096312710081907,0.3160904518943318,
2,0,0.8006917502840439,0.08994684656723217,0.10936140314872389,
2,0,0.4879299233455849,0.34229352106901456,0.1697765555854007,
2,0,0.6813653736301505,0.06318205439245303,0.2554525719773965,
2,1,0.33954947951922954,0.569117221436081,0.09133329904468959,
2,0,0.4519890896659948,0.3256471153309353,0.22236379500306988,
2,0,0.4879299233455849,0.34229352106901456,0.1697765555854007,
2,1,0.14437085098063038,0.848464052624916,0.007165096394453763,
2,1,0.2675772613090782,0.5148199937573223,0.21760274493359938,
2,0,0.5233894777038826,0.37573455029577146,0.10087597200034595,
2,0,0.6152203700566355,0.24286575086392764,0.14191387907943687,
2,1,0.25040352173272995,0.6067223563115545,0.14287412195571556,
2,1,0.30905740515701935,0.5235189236344989,0.16742367120848176,
2,1,0.3303282704059513,0.3565402385174232,0.31313149107662547,
2,0,0.7774210884742606,0.060982835701733656,0.16159607582400576,
2,1,0.1335073969729979,0.7013379185696073,0.1651546844573947,
2,1,0.08910522855998534,0.8223320649091742,0.08856270653084043,
2,0,0.4352055067351292,0.4091447427035408,0.15564975056133007,
2,0,0.7600589255598365,0.13231687241472279,0.1076242020254408,
2,0,0.465563502826039,0.33525039936663137,0.1991860978073298,
2,0,0.5115918456471193,0.29117312983623045,0.19723502451665026,
2,0,0.5155057090904601,0.2583678223554604,0.22612646855407945,
2,0,0.6627708438222882,0.22027510449809476,0.11695405167961696,
2,0,0.4878730628481516,0.282415317016356,0.2297116201354924,
2,0,0.4878730628481516,0.282415317016356,0.2297116201354924,
2,0,0.405298987002938,0.29200803510896506,0.302692977888097,
2,1,0.4051252894674161,0.4829140157006023,0.1119606948319817,
2,1,0.3914349106030651,0.5910592715335994,0.017505817863335424,
2,1,0.34612968292565216,0.5341189435479589,0.11975137352638893,
2,1,0.21606087420153175,0.6122106447372666,0.17172848106120173,
2,1,0.2527948502073162,0.5661483872513557,0.18105676254132813,
2,1,0.3649669665975089,0.4341090569193295,0.20092397648316174,
2,1,0.4577364786255886,0.4601610963385531,0.0821024250358582,
2,2,0.34436952191266945,0.24810984154866225,0.40752063653866827,
2,1,0.3818232598823353,0.4876163879301756,0.13056035218748913,
2,0,0.6874597296107652,0.24670570974961137,0.0658345606396235,
2,1,0.27215909779783387,0.5737913060716898,0.15404959613047628,
2,1,0.22214926634478777,0.7237791302380923,0.05407160341711993,
2,1,0.27614991383812637,0.63224886307417,0.09160122308770362,
2,1,0.22339854289218605,0.6068390907203048,0.16976236638750916,
2,1,0.31776771850111873,0.5115417252078559,0.1706905562910253,
2,1,0.2823508690044655,0.6323407656239929,0.08530836537154174,
2,1,0.2965279789462687,0.5156642941662081,0.18780772688752337,
2,1,0.20122420360336973,0.7431653414628919,0.05561045493373828,
2,1,0.18666723856493145,0.6583104160573732,0.15502234537769538,
2,0,0.406797175204693,0.20064249499244832,0.39256032980285865,
2,0,0.9050600901383775,0.01968911782650547,0.07525079203511696,
2,0,0.7899368675441709,0.09584699914969463,0.11421613330613457,
2,0,0.43598795868290857,0.2523805615500259,0.31163147976706557,
2,0,0.8195184956613667,0.08472439571780471,0.09575710862082852,
2,1,0.3244308414281364,0.5468047457848259,0.1287644127870378,
2,0,0.624418078981968,0.12876568883386727,0.24681623218416468,
2,0,0.497700439354417,0.28226006722827757,0.22003949341730544,
2,0,0.5469746394056826,0.44007023850018123,0.012955122094136115,
2,0,0.5457742096693584,0.1860430901678216,0.26818270016282,
2,1,0.30119518182555555,0.5076427201087117,0.19116209806573278,
2,1,0.2603607009858039,0.5830925386567836,0.1565467603574126,
2,0,0.42165603214024483,0.3901243221697383,0.18821964569001687,
2,2,0.3294244691537688,0.08885235110699458,0.5817231797392366,
2,1,0.2823508690044655,0.6323407656239929,0.08530836537154174,
2,0,0.7242554476893055,0.04388012252693707,0.23186442978375743,
2,0,0.7409132686075662,0.09029749195233859,0.16878923944009527,
2,0,0.521594509255376,0.22454193715985615,0.25386355358476786,
2,0,0.9030780267591635,0.02655497202999957,0.07036700121083696,
2,0,0.6526881149529158,0.18865629456003993,0.15865559048704428,
2,0,0.47516135198455034,0.25973632265673113,0.2651023253587186,
2,1,0.23170115066511493,0.6688583082635342,0.09944054107135081,
2,0,0.5425289738602669,0.23532605438841508,0.22214497175131803,
2,0,0.39893182688966217,0.2724641860877609,0.328603987022577,
2,0,0.8250201430532116,0.07896756088912162,0.09601229605766683,
2,0,0.6758793793099966,0.05019082864223351,0.27392979204776985,
2,0,0.7423906332439537,0.16755333124784708,0.09005603550819924,
2,0,0.45238886552508334,0.3019832797792558,0.24562785469566092,
2,0,0.4707658593936357,0.37174723164198553,0.15748690896437884,
2,0,0.7087400110968487,0.11163077354352027,0.17962921535963103,
2,0,0.5745853245895611,0.200245944748681,0.22516873066175788,
2,0,0.6386557986545067,0.16307288575712237,0.1982713155883708,
2,0,0.6602929029683421,0.2025223735286402,0.13718472350301777,
2,0,0.6131796820307835,0.1820792852174141,0.20474103275180242,
2,0,0.6919623685402956,0.12528681703972505,0.18275081441997937,
2,0,0.6539143452580535,0.33138848161545525,0.014697173126491206,
2,0,0.6331356348269714,0.21800354697956156,0.14886081819346703,
2,0,0.6331356348269714,0.21800354697956156,0.14886081819346703,
2,0,0.5205654736162503,0.10734950516264687,0.37208502122110293,
2,2,0.3107583986252956,0.25364070067583816,0.4356009006988662,
2,0,0.6974464212106551,0.12811745974808064,0.17443611904126416,
2,0,0.5894282559663178,0.256779559152772,0.1537921848809102,
2,0,0.41310677475387203,0.3236456125202643,0.2632476127258636,
2,1,0.15613716245558124,0.6590075617372602,0.1848552758071586,
2,0,0.4530642181044489,0.4201348660087749,0.12680091588677614,
2,0,0.4127134711153084,0.33284434240395894,0.25444218648073275,
2,0,0.4186023527277391,0.199773602926552,0.38162404434570896,
2,0,0.5924254261846297,0.2039860610032211,0.20358851281214924,
2,0,0.6333516561876202,0.13202518985299844,0.23462315395938121,
2,0,0.9434544546197086,0.005788207689650626,0.05075733769064078,
2,0,0.7248211250346133,0.18664400436535034,0.08853487060003642,
2,1,0.22636960022047858,0.5069675429798333,0.26666285679968815,
2,0,0.7705602024493116,0.1180253156858686,0.11141448186481982,
2,1,0.1467398968725912,0.8262407450341571,0.027019358093251653,
2,0,0.5218300309139832,0.14563969293982035,0.3325302761461965,
2,1,0.26243337747752493,0.49001927293704933,0.24754734958542568,
2,0,0.7692197627532495,0.13927505318346647,0.09150518406328402,
2,0,0.5088103996489954,0.41999928346292953,0.07119031688807502,
2,0,0.5803770802677549,0.2831665235399752,0.13645639619226985,
2,0,0.5589732661137451,0.23735982014376705,0.20366691374248783,
2,0,0.6630201428463678,0.17357207240316816,0.16340778475046408,
2,0,0.8750263311481848,0.025351409573818273,0.09962225927799694,
2,0,0.6927506722028387,0.06962386435188496,0.23762546344527627,
2,0,0.6714004298522177,0.19721550836803112,0.13138406177975112,
2,0,0.710088080290299,0.19540853755075235,0.09450338215894871,
2,0,0.6509701280442238,0.16767008086324656,0.18135979109252953,
2,1,0.2221847179620886,0.6295626171884371,0.14825266484947427,
2,2,0.2392125248038267,0.31941582941906604,0.4413716457771072,
2,0,0.6120363859201116,0.2629984001473762,0.12496521393251214,
2,1,0.24166492669224254,0.4000767706932416,0.3582583026145158,
2,0,0.4878730628481516,0.282415317016356,0.2297116201354924,
2,0,0.6044374276929396,0.220546110591869,0.17501646171519136,
2,0,0.4072866204111267,0.36703762453151195,0.22567575505736132,
2,0,0.6124679127440881,0.10454515311155246,0.28298693414435944,
2,0,0.5455519140905043,0.2700488356224416,0.18439925028705417,
2,2,0.31748854469587295,0.20481484632196778,0.47769660898215927,
2,1,0.44742782221708083,0.4534289651453538,0.09914321263756534,
2,0,0.8180751231935008,0.11781110696432319,0.06411376984217593,
2,0,0.42712310214248284,0.3444653930824418,0.22841150477507535,
2,0,0.7776046710019592,0.07058501804060716,0.1518103109574337,
2,0,0.7876903254528829,0.0581692394488062,0.15414043509831094,
2,0,0.8455464569410689,0.06737134128858652,0.08708220177034454,
2,0,0.9177514009107678,0.03427165272507416,0.047976946364158085,
2,0,0.44688558365073094,0.3806293219129552,0.17248509443631402,
2,0,0.4513604822219844,0.3702284542154647,0.17841106356255093,
2,1,0.33818950753970317,0.4554292412819237,0.2063812511783731,
2,0,0.5692558653409036,0.2585195819189196,0.17222455274017684,
2,0,0.4878730628481516,0.282415317016356,0.2297116201354924,
2,0,0.7705602024493116,0.1180253156858686,0.11141448186481982,
2,1,0.23246140750382505,0.5281867284026163,0.2393518640935586,
2,1,0.1346737717961474,0.5738951826681974,0.29143104553565513,
2,2,0.2592469434703995,0.3554024621362647,0.3853505943933357,
2,1,0.2357796997736776,0.668084133917565,0.09613616630875742,
2,1,0.31324213922181865,0.4172800559132114,0.26947780486497,
2,1,0.31257319127100275,0.48319235147042955,0.2042344572585678,
2,0,0.6696795620756433,0.11894399433481444,0.21137644358954227,
2,0,0.8876700211141869,0.03281725148789806,0.07951272739791505,
2,0,0.6840396932015348,0.1425913542336525,0.17336895256481277,
2,0,0.4519890896659948,0.3256471153309353,0.22236379500306988,
2,0,0.624155384562703,0.29969982781395127,0.07614478762334569,
2,0,0.815944854190445,0.07261041802936634,0.11144472778018856,
2,0,0.6556358512146557,0.25225942580196836,0.09210472298337588,
2,1,0.2299321923004925,0.661631486585391,0.10843632111411661,
2,1,0.36508835995558614,0.46602227129994134,0.16888936874447258,
2,1,0.1855651275383697,0.5468584948149515,0.2675763776466788,
2,1,0.3063164738973259,0.4949015223158089,0.19878200378686522,
2,1,0.4092637705643275,0.49435647509118263,0.09637975434448977,
2,0,0.8009027599001828,0.07426658837897823,0.12483065172083901,
2,0,0.6776214571671585,0.2786249284218684,0.04375361441097308,
2,1,0.28283659343657996,0.6271339609346716,0.09002944562874843,
2,0,0.7164619239512767,0.17318617649905294,0.11035189954967035,
2,1,0.43715444917364477,0.492188469815595,0.07065708101076018,
2,1,0.44199495616127676,0.5305914116061498,0.027413632232573388,
2,1,0.38550003819100004,0.5634485303497828,0.05105143145921713,
2,1,0.2772937197707355,0.5376821558020868,0.18502412442717786,
2,0,0.6696795620756433,0.11894399433481444,0.21137644358954227,
2,0,0.5852489044534877,0.21723694705789198,0.19751414848862042,
2,0,0.48467107019940614,0.21114295502490718,0.3041859747756867,
2,0,0.6863808706296843,0.1555084665534244,0.1581106628168913,
2,0,0.7488304085371479,0.0824227654266217,0.16874682603623048,
2,0,0.8905711701635535,0.04633805277713095,0.06309077705931557,
2,1,0.26914334811408824,0.5294424084421779,0.20141424344373385,
2,0,0.5604707833181696,0.26118352539526457,0.1783456912865659,
2,1,0.42723828521674856,0.4618374875076706,0.11092422727558085,
2,0,0.6543797074275839,0.13494428912627734,0.21067600344613882,
2,0,0.7486919585111537,0.07976148924600902,0.1715465522428373,
2,1,0.3920805041120927,0.4659535138649532,0.14196598202295418,
2,0,0.5815165521826678,0.21527059196013987,0.20321285585719223,
2,1,0.3244308414281364,0.5468047457848259,0.1287644127870378,
2,1,0.23876798251495615,0.6870565345365374,0.07417548294850652,
2,0,0.4964408766881038,0.4788203064028879,0.02473881690900845,
2,1,0.30997279985528003,0.6007173200170306,0.0893098801276893,
2,0,0.5932346450520336,0.3234268484501424,0.08333850649782389,
2,1,0.3223001422214554,0.5027130750822689,0.17498678269627574,
2,1,0.2221847179620886,0.6295626171884371,0.14825266484947427,
2,0,0.4974531410980826,0.24123673524492129,0.2613101236569962,
2,0,0.7626876148123101,0.1889585426378158,0.04835384254987399,
2,0,0.8166433890259701,0.08429331094517283,0.09906330002885701,
2,0,0.7957377514016551,0.049804062652037566,0.15445818594630745,
2,0,0.7839034410996919,0.1298703914322582,0.08622616746804984,
2,0,0.48187469431328606,0.36823946246930617,0.1498858432174077,
2,1,0.4693675758711397,0.48114435320642734,0.049488070922432924,
2,0,0.7589510626725283,0.13496196877476255,0.1060869685527092,
2,1,0.2544223008269966,0.6367004180963493,0.10887728107665412,
2,0,0.4913415314270242,0.4503473829801979,0.05831108559277786,
2,1,0.4415435841313629,0.5037042591405395,0.054752156728097544,
2,1,0.1863888016077301,0.6947989334429213,0.11881226494934856,
2,0,0.43029890789307956,0.1536891779049144,0.4160119142020061,
2,1,0.3700620857660377,0.5508583618195733,0.07907955241438894,
2,1,0.18392595111746424,0.7248089404686239,0.09126510841391194,
2,1,0.2544223008269966,0.6367004180963493,0.10887728107665412,
2,0,0.6531801643653277,0.28020754065961323,0.06661229497505901,
2,1,0.23876798251495615,0.6870565345365374,0.07417548294850652,
2,0,0.43764459561667546,0.4127663225865276,0.1495890817967969,
2,1,0.22437264478326704,0.6606791635898788,0.1149481916268541,
2,0,0.45832116036956294,0.2081401386920762,0.333538700938361,
2,0,0.7631440368190358,0.1459654899012828,0.09089047327968136,
2,0,0.9970441503454137,0.0016192973201541651,0.0013365523344320875,
2,0,0.6696795620756433,0.11894399433481444,0.21137644358954227,
2,0,0.8023362670368929,0.02841560628041375,0.16924812668269332,
2,0,0.885689423056814,0.0716240312869608,0.04268654565622533,
2,0,0.7631488567973217,0.07586937072217952,0.1609817724804986,
2,0,0.6266818769332189,0.25542326950984123,0.11789485355693995,
2,0,0.48452311916041546,0.2479872836597426,0.26748959717984194,
2,0,0.6889945752519707,0.2508070141227452,0.060198410625283964,
2,0,0.45754661602460767,0.37904524837504566,0.1634081356003467,
2,1,0.3639851757398563,0.4040693940787836,0.23194543018136013,
2,1,0.39795144656790316,0.40626950497941944,0.19577904845267735,
2,0,0.9047581356366347,0.053937158081413056,0.04130470628195237,
2,0,0.5924254261846297,0.2039860610032211,0.20358851281214924,
2,0,0.7400838918924372,0.13816570731673303,0.12175040079082987,
2,0,0.8020552016855451,0.05019946263046739,0.14774533568398737,
2,0,0.7619862329240841,0.09675403490297978,0.1412597321729361,
2,1,0.2607501243988573,0.6510985338574713,0.08815134174367131,
2,0,0.5775663920722337,0.2666322419267253,0.15580136600104105,
2,0,0.7501916028184874,0.1508262453352054,0.09898215184630724,
2,1,0.22339854289218605,0.6068390907203048,0.16976236638750916,
2,1,0.3645625911223858,0.37759897708649465,0.25783843179111954,
2,0,0.6493022016661116,0.2143095510037827,0.13638824733010563,
2,1,0.1932407687253905,0.6533258551029124,0.15343337617169694,
2,0,0.6921615120977781,0.1623471294288469,0.14549135847337508,
2,0,0.4612953241635113,0.32561045806785793,0.21309421776863074,
2,1,0.20682241502798845,0.673843088144016,0.11933449682799564,
2,1,0.31257319127100275,0.48319235147042955,0.2042344572585678,
2,1,0.46102673486145557,0.4631874831573713,0.07578578198117318,
2,1,0.40846286510270197,0.4167809014186405,0.17475623347865765,
2,1,0.30423376347253733,0.5485053345721258,0.14726090195533678,
2,1,0.3041419897297764,0.5126093519488019,0.18324865832142181,
2,0,0.868288118147676,0.059518477991919484,0.0721934038604044,
2,1,0.21606087420153175,0.6122106447372666,0.17172848106120173,
2,1,0.15116327166121987,0.44278889215771844,0.4060478361810617,
2,0,0.4995824736874803,0.1648461417641994,0.3355713845483203,
2,1,0.38034430720598233,0.5825211642659016,0.037134528528116134,
2,0,0.5803770802677549,0.2831665235399752,0.13645639619226985,
2,1,0.3141426541320212,0.5731743982086204,0.11268294765935842,
2,0,0.5278701451060127,0.26035869814681617,0.2117711567471711,
2,1,0.2715134250209458,0.6794715347974108,0.049015040181643425,
2,1,0.2544223008269966,0.6367004180963493,0.10887728107665412,
2,1,0.2713846521202062,0.541597003917591,0.18701834396220282,
2,1,0.22339854289218605,0.6068390907203048,0.16976236638750916,
2,1,0.12068346002979065,0.8145618712462077,0.0647546687240016,
2,1,0.3378381664471582,0.466541134262159,0.1956206992906829,
2,1,0.18409739776806006,0.6840483385678163,0.13185426366412356,
2,0,0.5961288003527194,0.20775395700159666,0.19611724264568398,
2,0,0.5788681004951313,0.22617372451072437,0.19495817499414433,
2,0,0.7723147219608226,0.10717320356269593,0.12051207447648145,
2,1,0.39057920196041274,0.4053387000002536,0.2040820980393337,
2,1,0.44284425530205773,0.4667148385426949,0.09044090615524729,
2,0,0.7753557142114722,0.10668588656380884,0.11795839922471898,
2,1,0.3378381664471582,0.466541134262159,0.1956206992906829,
2,0,0.7057225722618709,0.25992773023828225,0.034349697499846836,
2,0,0.5958671327666787,0.2532191324797087,0.15091373475361267,
2,0,0.48997850270322885,0.39091740011561377,0.11910409718115753,
2,1,0.3839379136947872,0.5452447690692162,0.07081731723599649,
2,0,0.9533500034227811,0.02119098185941841,0.025459014717800592,
0,0,0.6887647547939985,0.1874436147563271,0.1237916304496745,
0,1,0.3563890743325602,0.5027395904527769,0.14087133521466294,
0,0,0.7406922746872145,0.03559540174650144,0.22371232356628407,
0,0,0.9817200352086832,0.013109368552233585,0.005170596239083097,
0,0,0.8746560298434846,0.0571915845515494,0.06815238560496598,
0,0,0.9544348415348844,0.042606476388596645,0.0029586820765190504,
0,0,0.9910266539495035,0.006666913931867512,0.0023064321186290456,
0,0,0.6331356348269714,0.21800354697956156,0.14886081819346703,
0,0,0.874266313155725,0.052032036318199235,0.07370165052607584,
0,0,0.7285193978441207,0.20004940536626425,0.0714311967896151,
0,0,0.6044374276929396,0.220546110591869,0.17501646171519136,
0,0,0.7957377514016551,0.049804062652037566,0.15445818594630745,
0,2,0.21110463848851127,0.3566424145956097,0.4322529469158791,
0,0,0.8884275211394358,0.0544932827709516,0.05707919608961277,
0,1,0.40055584598332894,0.43424542392851123,0.1651987300881598,
0,0,0.9903663362309657,0.005110063468431196,0.004523600300603049,
0,0,0.9929438848480441,0.002202296331131066,0.004853818820824884,
0,1,0.3690141773180105,0.39581549944176597,0.23517032324022347,
0,0,0.7796748881153832,0.060278060515401355,0.16004705136921554,
0,0,0.7176665189430151,0.17634040736334186,0.1059930736936431,
0,0,0.6671055594280344,0.12105917109921335,0.21183526947275233,
0,0,0.8009027599001828,0.07426658837897823,0.12483065172083901,
0,0,0.9939708626162399,0.0032071836142828995,0.0028219537694772734,
0,0,0.6651157129256746,0.23456867383203114,0.10031561324229427,
0,1,0.4100966778382664,0.42494538637667795,0.16495793578505563,
0,1,0.23373334981518087,0.6594657674620907,0.10680088272272843,
0,0,0.8137238178554116,0.12300108941363408,0.0632750927309544,
0,0,0.7587450353129358,0.1473594851098124,0.09389547957725185,
0,0,0.7501932661440902,0.09547185449610997,0.1543348793597998,
0,0,0.5575917053883436,0.3363957517682146,0.10601254284344176,
0,1,0.31139746563430376,0.5751958962641825,0.11340663810151379,
0,0,0.9927906909100337,0.002601391035889645,0.004607918054076751,
0,0,0.9175944938717538,0.021702332826548217,0.06070317330169787,
0,0,0.9378935646868838,0.04091481442498511,0.021191620888131125,
0,0,0.48970022043434486,0.39493246344751415,0.11536731611814101,
0,1,0.42838288463078555,0.5076906885004095,0.06392642686880493,
0,1,0.23152441086332068,0.6560267302947184,0.11244885884196103,
0,1,0.35052588335198764,0.5907860537967413,0.05868806285127096,
0,0,0.7799206624785108,0.14274874323404904,0.07733059428744016,
0,0,0.9927093859422322,0.0036395611986375412,0.003651052859130331,
0,0,0.7299727574510415,0.14373700894388464,0.12629023360507377,
0,0,0.5903086762708154,0.2862763034529702,0.12341502027621434,
0,0,0.9920604607909288,0.0020858383394895346,0.005853700869581721,
0,0,0.9995388550703977,4.0464849798787405E-4,5.649643161434961E-5,
0,1,0.2996466663002243,0.5445566604155858,0.1557966732841899,
0,0,0.9839603342810807,0.012316666553591277,0.003722999165328051,
0,0,0.8411163850234056,0.02778516985619824,0.13109844512039612,
0,0,0.7532963122946,0.1495062066434666,0.09719748106193349,
0,0,0.9977252006211867,5.355478050946579E-4,0.001739251573718503,
0,1,0.2146207845468894,0.6421735821719307,0.14320563328117986,
0,0,0.40691647421018273,0.37092597945704564,0.22215754633277174,
0,0,0.8905711701635535,0.04633805277713095,0.06309077705931557,
0,0,0.9864285165890457,0.009732708999485229,0.0038387744114688383,
0,0,0.6130645287976731,0.23515204390717392,0.1517834272951529,
0,1,0.3378381664471582,0.466541134262159,0.1956206992906829,
0,0,0.8858518617364743,0.04200715206556353,0.07214098619796219,
0,0,0.7751209404914368,0.1426649171702444,0.08221414233831886,
0,0,0.48467107019940614,0.21114295502490718,0.3041859747756867,
0,0,0.48851633119389043,0.477103916606637,0.03437975219947263,
0,1,0.38266296327013355,0.4176716175117698,0.19966541921809663,
0,1,0.42318308569394475,0.49650080463426355,0.0803161096717917,
0,0,0.8414348659061481,0.04407943400648325,0.11448570008736864,
0,2,0.31208219717487556,0.3186053998612415,0.3693124029638829,
0,0,0.617367101164261,0.31490645869256406,0.06772644014317504,
0,0,0.3924100725952467,0.22359290937045753,0.38399701803429587,
0,0,0.887628578174888,0.03281571933819263,0.07955570248691937,
0,0,0.9774814894574853,0.002089893114189981,0.020428617428324677,
0,0,0.8696811678064718,0.11732306296629537,0.012995769227232822,
0,1,0.2031094638460976,0.5661481441398365,0.23074239201406588,
0,0,0.7774210884742606,0.060982835701733656,0.16159607582400576,
0,0,0.8048977592569933,0.18974182146596758,0.0053604192770392205,
0,0,0.9731614377451204,0.022706653298419335,0.004131908956460055,
0,0,0.6214724490010846,0.2141458285398616,0.16438172245905383,
0,0,0.7734184832549883,0.13464260642247025,0.09193891032254153,
0,0,0.9047586286485806,0.05549498030764797,0.03974639104377159,
0,0,0.9964407746209595,0.0018005300064398563,0.0017586953726006851,
0,1,0.31842270955239743,0.5453117243536123,0.1362655660939903,
0,0,0.8103790782046792,0.15504254653957816,0.03457837525574262,
0,1,0.28790997502841115,0.6433702838091113,0.06871974116247749,
0,1,0.3308640454560663,0.6505016431932243,0.01863431135070955,
0,0,0.4853710557296279,0.17139070128190123,0.3432382429884709,
0,0,0.6057895333926003,0.3558732217514936,0.038337244855906095,
0,1,0.3781084994039248,0.44361691319788216,0.17827458739819294,
0,1,0.16091119866560852,0.6791573192513337,0.15993148208305766,
0,0,0.9974876176596901,3.5059331901284143E-4,0.00216178902129719,
0,0,0.988705379882976,0.005453655548466548,0.0058409645685573875,
0,1,0.2754048552618554,0.5337257548075854,0.1908693899305591,
0,0,0.7839970762298868,0.1299968328145471,0.08600609095556618,
0,1,0.3571045434712781,0.6150296700066348,0.027865786522087127,
0,0,0.9988293385683568,2.6701637615626403E-4,9.036450554869597E-4,
0,0,0.9964728176154375,8.37687207552075E-4,0.0026894951770103045,
0,0,0.5986404959077603,0.2061260562425319,0.19523344784970784,
0,0,0.5065485361992661,0.29322599735212834,0.2002254664486056,
0,0,0.6524652728096488,0.15684073703885848,0.19069399015149263,
0,0,0.9159958834826613,0.04376406859011639,0.04024004792722239,
0,0,0.6769767746736367,0.12024007631650947,0.2027831490098539,
0,0,0.4903370400686724,0.34392661066496494,0.16573634926636258,
0,0,0.6269717814786026,0.34518090578671795,0.02784731273467944,
0,0,0.851725797600003,0.06024446159676338,0.0880297408032336,
0,0,0.7578069330115669,0.10481654377514273,0.1373765232132904,
0,1,0.37924367478077753,0.45142392385493063,0.16933240136429195,
0,1,0.21606087420153175,0.6122106447372666,0.17172848106120173,
0,0,0.6364333852598774,0.186716775643132,0.17684983909699062,
0,0,0.6563295956237543,0.2229128770739611,0.12075752730228469,
0,0,0.9942109052109145,0.0021448090944225767,0.0036442856946631514,
0,0,0.5536714512818398,0.31174195364085283,0.13458659507730728,
0,0,0.9964407746209595,0.0018005300064398563,0.0017586953726006851,
0,0,0.7996632173829018,0.1826310444513528,0.01770573816574536,
0,0,0.7876228750589171,0.02601808234365836,0.18635904259742442,
0,1,0.15613716245558124,0.6590075617372602,0.1848552758071586,
0,0,0.9031276919657006,0.035534159230275385,0.061338148804023974,
0,0,0.4676000917358108,0.3871697248735227,0.14523018339066646,
0,0,0.5827705104718918,0.34941282185302647,0.0678166676750818,
0,0,0.7444011944443084,0.13148167857835058,0.12411712697734098,
0,0,0.9913710021595606,0.002528271369693952,0.0061007264707454364,
0,0,0.4219442779504218,0.3402887852097352,0.23776693683984304,
0,0,0.4159284197343321,0.2995083763599259,0.2845632039057421,
0,0,0.9862500784713712,0.008462890957494692,0.005287030571134186,
0,1,0.2221847179620886,0.6295626171884371,0.14825266484947427,
0,0,0.874220874773875,0.08253962372519053,0.043239501500934335,
0,0,0.6628019640078538,0.27858322912471456,0.05861480686743147,
0,0,0.7284224360407127,0.22502208632937803,0.04655547762990939,
0,0,0.4441857699526362,0.3576035588699634,0.19821067117740032,
0,0,0.9352450440855369,0.058871178152190666,0.005883777762272461,
0,0,0.6295695558604265,0.3000906695632738,0.07033977457629977,
0,0,0.5885714936170823,0.2902981145366638,0.12113039184625399,
0,1,0.4252356963078706,0.43096161156813567,0.1438026921239936,
0,0,0.982507967996709,0.01141594562774048,0.0060760863755505035,
0,1,0.2168887832008594,0.7066400778469165,0.07647113895222414,
0,1,0.3866466498544488,0.4598959026185979,0.15345744752695323,
0,0,0.4775932367198337,0.43812957364545746,0.08427718963470883,
0,0,0.7492027498597886,0.19629616076391349,0.054501089376297905,
0,1,0.32941616084661396,0.4507810366117342,0.21980280254165188,
0,0,0.9938658283306472,0.0035915348705237013,0.0025426367988289973,
0,0,0.9894182068067211,0.00219447656615377,0.008387316627124938,
0,0,0.7332393177665057,0.18379673742188865,0.08296394481160564,
0,0,0.7532963122946,0.1495062066434666,0.09719748106193349,
0,1,0.43019444711385607,0.5049930055188729,0.0648125473672711,
0,0,0.47800793655637497,0.45893415168037505,0.06305791176324993,
0,0,0.9412652618225071,0.04164699238002669,0.017087745797466195,
0,0,0.7768454439210997,0.10207353612696343,0.12108101995193693,
0,0,0.7043385061517236,0.24151334082366185,0.054148153024614676,
0,0,0.8124202172809422,0.11818592143496467,0.06939386128409318,
0,1,0.22679817288499046,0.535792140804965,0.23740968631004458,
0,1,0.1813774797129832,0.6981377360180355,0.12048478426898133,
0,0,0.5275223858636681,0.3985361096554833,0.07394150448084864,
0,0,0.8140344444442131,0.12298658551783298,0.06297897003795397,
0,0,0.5405050968412508,0.3551322813734333,0.10436262178531579,
0,0,0.5852493446070779,0.2690172347826921,0.14573342061023,
0,1,0.33428506131733826,0.5176237284153488,0.1480912102673131,
0,0,0.6383260858871732,0.25272361212127725,0.10895030199154947,
0,0,0.6331356348269714,0.21800354697956156,0.14886081819346703,
0,1,0.2290217305583259,0.6974748211547097,0.0735034482869643,
0,0,0.6044374276929396,0.220546110591869,0.17501646171519136,
0,0,0.6640166193331731,0.17063605619876973,0.16534732446805708,
0,0,0.9859497568852122,0.010870282010877762,0.0031799611039101433,
0,1,0.44284425530205773,0.4667148385426949,0.09044090615524729,
0,0,0.5309520516441162,0.39490355503224067,0.07414439332364323,
0,0,0.6453696400644751,0.33557883037140307,0.01905152956412195,
0,0,0.6606901642397398,0.24649507518485173,0.09281476057540844,
0,0,0.9929438848480441,0.002202296331131066,0.004853818820824884,
0,1,0.13766852288264564,0.6979699089937801,0.1643615681235742,
0,0,0.556060089350972,0.3093749719939092,0.13456493865511882,
0,0,0.45498098007541266,0.4170205052433271,0.12799851468126022,
0,0,0.6985797236277128,0.23966497849486323,0.061755297877423884,
0,0,0.4371987652530474,0.4156081966204521,0.14719303812650053,
0,0,0.6053233484101062,0.3600873652907037,0.03458928629919013,
0,0,0.7734184832549883,0.13464260642247025,0.09193891032254153,
0,0,0.7493525349366091,0.15600751012380748,0.09463995493958337,
0,0,0.589804814410733,0.3939196885678128,0.01627549702145415,
0,0,0.82254251330946,0.06492281892671418,0.11253466776382581,
0,0,0.809814028162614,0.10323393198725071,0.08695203985013517,
0,0,0.6721361441089523,0.19276923343212657,0.1350946224589211,
0,0,0.7768454439210997,0.10207353612696343,0.12108101995193693,
0,0,0.7778650128164714,0.13161528496398356,0.09051970221954506,
0,0,0.8828135086275122,0.023101675220169864,0.09408481615231788,
0,0,0.7497534323259811,0.10747352481036544,0.1427730428636535,
0,0,0.7763106990877068,0.1298545047282199,0.09383479618407331,
0,0,0.5803770802677549,0.2831665235399752,0.13645639619226985,
0,0,0.9975809332172016,8.0480193594725E-4,0.0016142648468511218,
0,0,0.9938658283306472,0.0035915348705237013,0.0025426367988289973,
0,0,0.7719610260591355,0.14466330431692678,0.0833756696239376,
0,0,0.5340135228286956,0.16269358719212434,0.30329288997918,
0,0,0.9877069407180349,0.01088965529402363,0.0014034039879416685,
0,0,0.3968345623652034,0.25323838104636764,0.3499270565884289,
0,0,0.6722973588023186,0.15730976770501995,0.17039287349266147,
0,1,0.2005856692696154,0.7302624706771689,0.06915186005321568,
0,0,0.995455034029517,0.0013916798657190078,0.0031532861047641274,
0,1,0.3866466498544488,0.4598959026185979,0.15345744752695323,
0,0,0.9953918836643828,0.0031283115528712075,0.0014798047827462182,
0,0,0.5848772653185177,0.24668034615391388,0.16844238852756827,
0,0,0.9829825944179661,0.012756203199929763,0.004261202382104243,
0,0,0.9966479989454556,0.0029255931240137157,4.2640793053067623E-4,
0,0,0.5405050968412508,0.3551322813734333,0.10436262178531579,
0,0,0.6561225014608892,0.3229128253410694,0.020964673198041312,
0,1,0.24927631965981858,0.6419179225215954,0.10880575781858597,
0,0,0.512263848055877,0.26493333257592583,0.22280281936819724,
0,1,0.3757979021695334,0.475658957587924,0.14854314024254267,
0,0,0.9292589121256021,0.05202008326258439,0.018721004611813447,
0,0,0.5324204588103303,0.3286616918892514,0.13891784930041837,
0,0,0.9067847982335758,0.011942580084658112,0.08127262168176605,
0,1,0.23682669133274128,0.5461099942576872,0.21706331440957147,
0,0,0.8432182838320182,0.15461886365060695,0.0021628525173747136,
0,0,0.9469849671294734,0.04601627774671955,0.0069987551238070425,
0,0,0.8029383953010896,0.16029565737896098,0.03676594731994939,
0,0,0.8168178020297394,0.07414448683528159,0.1090377111349791,
0,0,0.9622121917902762,0.03181295025790032,0.005974857951823391,
0,1,0.17405334320250823,0.49318188614423764,0.33276477065325416,
0,0,0.9992358580470171,5.766547396867898E-4,1.8748721329618154E-4,
0,1,0.12718005512702868,0.7879591035818874,0.08486084129108397,
0,1,0.318871267117068,0.391836755820806,0.28929197706212606,
0,0,0.9815402838678434,0.0057713895854310405,0.012688326546725425,
0,0,0.6329088875850402,0.1388634589807533,0.2282276534342065,
0,0,0.9868254845730916,0.010879937073790962,0.0022945783531175914,
1,1,0.235587836688611,0.6566784924617811,0.10773367084960793,
1,1,0.15613716245558124,0.6590075617372602,0.1848552758071586,
1,1,0.26914334811408824,0.5294424084421779,0.20141424344373385,
1,1,0.17300629375615537,0.7564525958557641,0.07054111038808057,
1,0,0.8453705249751247,0.06368919828469023,0.09094027674018502,
1,0,0.4263600131413195,0.3070201246702946,0.2666198621883859,
1,1,0.39057920196041274,0.4053387000002536,0.2040820980393337,
1,0,0.465563502826039,0.33525039936663137,0.1991860978073298,
1,1,0.20682241502798845,0.673843088144016,0.11933449682799564,
1,0,0.9396229686668174,0.020703759374081778,0.03967327195910081,
1,1,0.2965279789462687,0.5156642941662081,0.18780772688752337,
1,0,0.43184112533562136,0.34005378988422524,0.22810508478015334,
1,1,0.15209965069364656,0.738157025360726,0.10974332394562754,
1,0,0.6968384839806901,0.1913499143182645,0.1118116017010454,
1,1,0.3141426541320212,0.5731743982086204,0.11268294765935842,
1,0,0.4869846588076304,0.2376002732365637,0.2754150679558058,
1,1,0.2702722021929184,0.47785350312798697,0.25187429467909445,
1,1,0.20360244849897532,0.4071391733934895,0.38925837810753505,
1,1,0.3204635711975553,0.6035409159800728,0.07599551282237181,
1,2,0.3773141876192545,0.21244358097542365,0.41024223140532196,
1,1,0.22047035972173368,0.6145399757880354,0.16498966449023092,
1,0,0.4878730628481516,0.282415317016356,0.2297116201354924,
1,0,0.9443265699115655,0.049192613379984804,0.006480816708449716,
1,1,0.13008997042405623,0.4821219953202007,0.3877880342557431,
1,0,0.6331356348269714,0.21800354697956156,0.14886081819346703,
1,1,0.2221847179620886,0.6295626171884371,0.14825266484947427,
1,0,0.4627363151781727,0.3196107165849321,0.21765296823689503,
1,0,0.6784212544824515,0.3059934707266421,0.015585274790906255,
1,0,0.7183601613626995,0.18718577991987534,0.09445405871742515,
1,0,0.5567704960461279,0.3104587493608317,0.13277075459304044,
1,1,0.4045555035852121,0.46914271575307487,0.12630178066171313,
1,1,0.4025061932907094,0.5349499658288079,0.06254384088048263,
1,1,0.37797123372371766,0.3856683311029457,0.2363604351733366,
1,0,0.7408340072332046,0.11613612930870353,0.1430298634580918,
1,0,0.9596315660779519,0.028317900482148176,0.012050533439899922,
1,1,0.3685088605900177,0.42724785643653485,0.20424328297344743,
1,0,0.4296192079202756,0.2811562852711758,0.2892245068085486,
1,0,0.4519890896659948,0.3256471153309353,0.22236379500306988,
1,0,0.3589440668326011,0.28980742827239125,0.3512485048950077,
1,0,0.5169814412509532,0.33832887100157233,0.1446896877474745,
1,1,0.10962144583483703,0.8462102826707497,0.044168271494413165,
1,1,0.35695106346622946,0.3704397963406515,0.2726091401931191,
1,1,0.39436600173474073,0.5924646395405881,0.01316935872467106,
1,1,0.2996466663002243,0.5445566604155858,0.1557966732841899,
1,2,0.25525931751039593,0.24451983242153258,0.5002208500680715,
1,1,0.33242169483850803,0.5278457319764253,0.13973257318506668,
1,1,0.27614991383812637,0.63224886307417,0.09160122308770362,
1,0,0.5707098943254316,0.35066888912227623,0.07862121655229215,
1,1,0.27580998869713164,0.45235261475599264,0.27183739654687566,
1,1,0.3141426541320212,0.5731743982086204,0.11268294765935842,
1,1,0.20504467146336064,0.7231212290872293,0.07183409944941005,
1,0,0.5938393321869837,0.2699174082764376,0.13624325953657873,
1,1,0.2823508690044655,0.6323407656239929,0.08530836537154174,
1,1,0.1911463593247411,0.6376574681357842,0.17119617253947475,
1,0,0.6602929029683421,0.2025223735286402,0.13718472350301777,
1,0,0.8154745535028476,0.10689514893875754,0.07763029755839494,
1,1,0.20383168298829818,0.7300051959253002,0.06616312108640159,
1,0,0.9376469499553979,0.007805052810780799,0.054547997233821414,
1,2,0.1980161209132135,0.34877850629696583,0.4532053727898206,
1,0,0.5894282559663178,0.256779559152772,0.1537921848809102,
1,0,0.6331356348269714,0.21800354697956156,0.14886081819346703,
1,0,0.7440188755006066,0.06825122234822743,0.18772990215116592,
1,1,0.30333088022031673,0.47941743484044447,0.21725168493923888,
1,1,0.39057920196041274,0.4053387000002536,0.2040820980393337,
1,1,0.3818232598823353,0.4876163879301756,0.13056035218748913,
1,1,0.3108963571328126,0.5884733113824635,0.10063033148472386,
1,2,0.25525931751039593,0.24451983242153258,0.5002208500680715,
1,0,0.4008139835979262,0.3952223701474962,0.2039636462545774,
1,0,0.47776254345528857,0.40542850312694306,0.11680895341776826,
1,0,0.5707162237796608,0.41498706158951076,0.014296714630828348,
1,1,0.2916103067959094,0.5584570007559121,0.1499326924481785,
1,1,0.2168887832008594,0.7066400778469165,0.07647113895222414,
1,0,0.4119423197043068,0.3809555324782867,0.20710214781740666,
1,0,0.4453449685229636,0.40717542803368467,0.14747960344335168,
1,0,0.6556358512146557,0.25225942580196836,0.09210472298337588,
1,0,0.5616890075433132,0.4125407701476162,0.025770222309070456,
1,0,0.6015777509904469,0.21641892605612942,0.18200332295342375,
1,2,0.32792357844940623,0.3346014933039398,0.337474928246654,
1,0,0.45498098007541266,0.4170205052433271,0.12799851468126022,
1,0,0.6556358512146557,0.25225942580196836,0.09210472298337588,
1,0,0.6058561295252368,0.3027660425437629,0.09137782793100047,
1,0,0.6142143489567702,0.25872337444077204,0.12706227660245772,
1,1,0.17941601796333995,0.6726431074843623,0.14794087455229782,
1,1,0.16091119866560852,0.6791573192513337,0.15993148208305766,
1,0,0.5210017572666262,0.32323369577408695,0.1557645469592867,
1,1,0.3180522188003279,0.37830642603547066,0.30364135516420143,
1,0,0.47732194897488034,0.4545070417031429,0.06817100932197688,
1,1,0.26992260173230104,0.7156308134056072,0.014446584862091777,
1,1,0.2901739110330037,0.610016453308772,0.09980963565822427,
1,1,0.2578734297198407,0.6883548082092468,0.0537717620709125,
1,1,0.2628016357036003,0.5944284186142839,0.14276994568211573,
1,0,0.40691647421018273,0.37092597945704564,0.22215754633277174,
1,1,0.24419663196472172,0.6288370868580034,0.12696628117727482,
1,1,0.20921536337036817,0.7492863724062786,0.041498264223353266,
1,0,0.607804591631191,0.32030307962069826,0.07189232874811059,
1,1,0.23237785507343592,0.7237899928561335,0.043832152070430445,
1,1,0.3018423733277076,0.655058141941236,0.04309948473105637,
1,1,0.4309594120064617,0.4916300432071852,0.07741054478635315,
1,0,0.7264842128868104,0.20903898571315685,0.06447680140003269,
1,1,0.12718005512702868,0.7879591035818874,0.08486084129108397,
1,1,0.2804732030232009,0.6077078851886526,0.11181891178814643,
1,1,0.46266767303822465,0.47617837164141835,0.06115395532035699,
1,0,0.9042244612691699,0.08951217750592524,0.006263361224904727,
1,1,0.18392595111746424,0.7248089404686239,0.09126510841391194,
1,1,0.21606087420153175,0.6122106447372666,0.17172848106120173,
1,0,0.7967995064377408,0.09182303019246635,0.11137746336979275,
2,0,0.5255115811120247,0.20091542464978315,0.27357299423819215,
2,1,0.26969956984493654,0.6119967717781434,0.11830365837692022,
2,1,0.3416148733382946,0.5308785920248329,0.1275065346368724,
2,0,0.7209482451487047,0.1430861077629883,0.13596564708830702,
2,0,0.7655060626900453,0.1530695509515903,0.08142438635836458,
2,1,0.2563637192974215,0.631755331137147,0.11188094956543146,
2,0,0.554309286266923,0.3608047066289286,0.08488600710414845,
2,0,0.44848335056187066,0.314620886852073,0.23689576258605627,
2,0,0.589767837091329,0.26075628718223975,0.14947587572643134,
2,0,0.593274096362551,0.1804826590817089,0.22624324455574005,
2,1,0.2804732030232009,0.6077078851886526,0.11181891178814643,
2,0,0.64249628646531,0.16312076149001192,0.194382952044678,
2,0,0.7671234108928898,0.07641981007946155,0.15645677902764865,
2,0,0.6071191591969983,0.19779706133801914,0.19508377946498257,
2,1,0.26297426228993886,0.5817760940023632,0.1552496437076978,
2,1,0.3950989752714395,0.46379543096925463,0.1411055937593059,
2,2,0.41275326849657307,0.1390151410773622,0.4482315904260648,
2,0,0.6216745453034106,0.2111427892650926,0.16718266543149693,
2,1,0.21086100599127236,0.6870011232925828,0.10213787071614483,
2,1,0.3489581844772474,0.4716234653095021,0.17941835021325045,
2,0,0.5597692359231287,0.20721999111797365,0.2330107729588977,
2,1,0.23151798594274753,0.5762122753827786,0.19226973867447383,
2,0,0.9236484110727292,0.03989786038090402,0.03645372854636676,
2,1,0.41110370099028215,0.5203465925292982,0.06854970648041968,
2,1,0.32495600903159505,0.6238095454361201,0.05123444553228491,
2,1,0.39756586566704155,0.5892118839035075,0.01322225042945089,
2,0,0.45438523489848126,0.3810892520689924,0.16452551303252633,
2,1,0.2434041676964156,0.5206563960358467,0.23593943626773775,
2,0,0.4060314176163158,0.3817176421696504,0.2122509402140337,
2,0,0.7671234108928898,0.07641981007946155,0.15645677902764865,
2,0,0.8411163850234056,0.02778516985619824,0.13109844512039612,
2,0,0.7621217003965058,0.044832921277372866,0.19304537832612134,
2,0,0.6714004298522177,0.19721550836803112,0.13138406177975112,
2,0,0.4530642181044489,0.4201348660087749,0.12680091588677614,
2,1,0.3921154287142803,0.45225660231435466,0.15562796897136513,
2,1,0.3244706230796493,0.4759595400490255,0.19956983687132535,
2,0,0.4821793937595972,0.31189467587599895,0.20592593036440382,
2,0,0.5892530979674696,0.15173475770878583,0.25901214432374453,
2,0,0.4352055067351292,0.4091447427035408,0.15564975056133007,
2,0,0.43029890789307956,0.1536891779049144,0.4160119142020061,
2,0,0.4816413934979448,0.17771569741237922,0.340642909089676,
2,0,0.4683719295502245,0.1797254698124099,0.3519026006373657,
2,0,0.7275646136384728,0.027869433713335886,0.2445659526481913,
2,0,0.45620229567921977,0.36791712346627625,0.1758805808545039,
