0,0,0.9991321767051329,9.534233870101494E-15,8.678232948576773E-4,
0,0,0.9925421972707711,3.309287320146147E-15,0.0074578027292255605,
2,2,2.4073882874149426E-4,1.5454599821927437E-16,0.9997592611712582,
2,0,0.9877343044485791,2.089120079808775E-17,0.012265695551420798,
0,0,0.995971238970918,1.263138730830125E-16,0.004028761029081748,
0,0,0.994712677471051,6.741422063635699E-14,0.005287322528881555,
2,0,0.7078308392303199,7.108120022920409E-15,0.2921691607696731,
2,2,0.008998903984274706,6.530244778798014E-15,0.9910010960157186,
0,0,0.9880054633560887,3.8353714024964944E-13,0.011994536643527684,
0,0,0.9979899348143387,7.708424252764631E-11,0.0020100651085769197,
2,2,2.407320721743979E-4,4.8590423179660646E-18,0.9997592679278257,
0,0,0.9914300965686147,6.511896549826739E-15,0.008569903431378673,
2,2,1.443119686149228E-5,1.114543751368939E-14,0.9999855688031273,
0,0,0.9434498285951244,5.223399415793865E-9,0.05655016618147616,
2,0,0.7217542144257438,6.90416290173556E-7,0.27824509515796597,
0,0,0.946814363662375,1.5849090403339822E-12,0.05318563633604011,
0,0,0.8805974597447976,2.6613597899737352E-14,0.11940254025517578,
0,0,0.839147080490484,6.208763900491769E-14,0.16085291950945385,
0,0,0.9813742435438662,1.3609560683432858E-6,0.018624395500065595,
0,0,0.999632543028363,2.4990381161046124E-17,3.674569716369634E-4,
0,0,0.9832170089628972,7.793344996223025E-15,0.016782991037094946,
0,0,0.9908397618508686,3.198572217653528E-11,0.009160238117145484,
0,0,0.9997112695833967,8.73888668121214E-11,2.887303292145336E-4,
0,0,0.9967423729233377,1.9882457957614538E-13,0.0032576270764635828,
0,0,0.9935529268754969,1.7071295331499145E-12,0.006447073122796042,
0,0,0.9802101383676136,5.894396850848872E-7,0.0197892721927014,
0,2,0.4960239721026593,8.612671728475622E-15,0.503976027897332,
0,0,0.9916938578593826,6.37787086921516E-15,0.008306142140611006,
2,2,0.014326005301468747,4.671142595419831E-15,0.9856739946985266,
2,0,0.8871144610345211,1.458761447114602E-11,0.11288553895089133,
2,2,0.00897717732227003,1.2502504211689565E-13,0.991022822677605,
2,2,6.150177402942095E-4,3.4367313307802385E-13,0.9993849822593621,
0,0,0.9963865310573637,1.5568002992544614E-9,0.0036134673858359678,
0,0,0.9986349993663753,1.8224387080688185E-11,0.0013650006154001552,
2,0,0.9794088488346354,2.533497314068695E-10,0.020591150912014834,
2,0,0.6492854369657717,5.7159067742886915E-12,0.35071456302851234,
2,2,0.007933875322876274,5.515810157494603E-13,0.9920661246765721,
0,0,0.9978885358482847,2.977904194846042E-10,0.002111463853924707,
2,2,0.0014925674653822757,3.452743720938868E-14,0.9985074325345833,
0,0,0.9973270570652243,1.611878829704432E-10,0.002672942773587919,
0,0,0.9920376521537176,2.4366772460967864E-10,0.007962347602614547,
2,0,0.94623613595844,6.04237102903833E-11,0.053763863981136265,
2,2,9.065659651849995E-4,2.3920438879680423E-12,0.9990934340324229,
2,2,0.3892881148881089,1.0558525444500888E-10,0.6107118850063059,
2,2,0.0029390041060287446,3.739825802243796E-13,0.9970609958935973,
0,0,0.9987729899603777,6.048755544078447E-12,0.0012270100335734964,
0,0,0.996781118915849,6.160326128484608E-11,0.003218881022547902,
0,0,0.991451228231805,3.6671107778866726E-9,0.00854876810108421,
2,2,3.401509859568232E-4,3.5788935834749203E-14,0.9996598490140074,
0,0,0.998218357653112,1.9248410712951417E-11,0.0017816423276395756,
0,0,0.9983268702239101,6.675205422864826E-11,0.0016731297093378888,
0,0,0.9940771507344808,3.2053619665935974E-10,0.005922848944983068,
0,0,0.9986249826205166,2.520606153226873E-9,0.001375014858877194,
0,0,0.9981242719626214,1.5517666752407912E-10,0.0018757278822018864,
0,0,0.9987722666755349,1.2300654658654146E-12,0.0012277333232350023,
2,2,5.03718433326661E-4,4.161017181741085E-15,0.9994962815666691,
0,0,0.9973890315376008,3.0833193585216766E-9,0.0026109653790798272,
2,2,0.004835281974649885,2.6527001647972526E-11,0.9951647179988231,
2,2,0.023578428974196507,7.181698280546104E-11,0.9764215709539865,
0,0,0.9994999870462403,1.0509811833400728E-10,5.00012848661538E-4,
0,0,0.998778305336856,6.297311369146411E-10,0.001221694033412786,
0,0,0.9999228287085917,4.5295896274729976E-11,7.717124611234525E-5,
0,0,0.9840770084450581,1.9261333167167376E-11,0.015922991535680605,
0,0,0.9810476645436746,1.1082527354525695E-10,0.018952335345500143,
0,0,0.9863338927445039,1.8926694048418604E-11,0.013666107236569365,
0,0,0.9993150574086717,3.505555125333548E-11,6.849425562728536E-4,
0,0,0.990778699301965,8.844428619970785E-10,0.009221299813592257,
2,2,5.469665691956473E-4,3.384977036290052E-14,0.9994530334307705,
0,0,0.9961167730461087,5.307646888169125E-10,0.003883226423126755,
0,0,0.991354521874918,5.380003411605422E-9,0.008645472745078576,
0,0,0.9818287928145755,1.6189891779269464E-8,0.018171190995532747,
2,0,0.9461760719028096,9.61838993191486E-9,0.05382391847880055,
2,2,0.013432132029449925,5.476004477252839E-10,0.9865678674229497,
2,0,0.592571466108997,3.750147921041855E-9,0.407428530140855,
0,0,0.9928915349226753,7.042545128612972E-9,0.007108458034779526,
2,0,0.9711286992673489,6.738171122313363E-9,0.028871293994479973,
2,2,0.2979964208163957,7.186919808442449E-10,0.7020035784649122,
0,0,0.997859190406005,1.4767111652619252E-9,0.0021408081172838195,
2,2,0.005429104444562575,2.261230332263494E-11,0.9945708955328252,
2,2,0.003960220169035061,1.1841200555558009E-11,0.9960397798191236,
2,2,0.004689906720354047,1.2392178556439361E-11,0.9953100932672537,
2,2,0.0013426437563851847,4.342840210590294E-11,0.9986573562001865,
2,2,0.02028523350043932,4.011407156861473E-11,0.9797147664594466,
0,0,0.9894303444301147,5.508087005929235E-9,0.010569650061798337,
2,0,0.9534824239349897,3.4907340306163276E-11,0.046517576030102994,
2,0,0.6752813123760117,1.3311913186162854E-8,0.324718674312075,
2,2,0.03792319655574316,5.352165178697165E-10,0.9620768029090403,
0,0,0.9997119500672439,1.9061414056968786E-10,2.880497421420931E-4,
2,2,5.247103182033998E-4,6.152719475098223E-13,0.9994752896811814,
2,2,0.07576110590610312,1.2222204416872795E-5,0.92422667188948,
2,2,0.454480508352091,2.5685301400875242E-9,0.545519489079379,
2,2,0.0025677636967174986,1.6447714576280775E-11,0.9974322362868349,
2,0,0.9524877863849114,2.2680086814824433E-8,0.047512190935001794,
0,0,0.9928038017365445,1.269117196048742E-8,0.007196185572283711,
2,2,8.405814341376094E-4,1.5884714251222874E-12,0.9991594185642739,
2,0,0.703973333798368,4.487455548146885E-8,0.29602662132707636,
2,2,0.0019401817255081247,6.044771631128105E-10,0.9980598176700146,
0,0,0.9962629206721093,2.6050731997285385E-9,0.003737076722817543,
2,0,0.8515570938297017,3.3853225598837043E-7,0.14844256763804217,
2,0,0.5815673450556408,0.398950296728227,0.019482358216132204,
0,0,0.9957597322895222,1.1289032819991525E-7,0.004240154820149422,
0,0,0.9868639503733008,6.62128440276902E-8,0.013135983413855403,
2,0,0.5153892115112167,1.8745052272874328E-7,0.48461060103826054,
2,2,0.0020512087950968266,1.6036237145931102E-10,0.9979487910445409,
2,2,8.010560773371967E-4,3.303112265585781E-13,0.9991989439223325,
2,2,0.31460403426593503,7.579536472384521E-8,0.6853958899387003,
0,0,0.9975556300030388,2.6738820297911775E-8,0.0024443432581408467,
2,2,0.02828534998320869,1.0107081256328993E-8,0.9717146399097101,
2,0,0.9780456876869154,1.8448895371585832E-6,0.02195246742354759,
2,2,0.0908691845200189,2.8594603509291958E-8,0.9091307868853776,
2,2,0.0033757397893384774,2.254215888578886E-11,0.9966242601881192,
0,0,0.9924367883810881,6.603925708164819E-7,0.007562551226341215,
2,0,0.9838219139826874,1.2491853656446098E-7,0.01617796109877595,
2,2,0.09508551679883422,1.1188750815503638E-8,0.904914472012415,
0,0,0.9909809908598894,5.993285427369757E-8,0.009018949207256401,
2,2,0.019760044169306313,4.215110633695195E-9,0.9802399516155832,
2,0,0.971214759735333,2.3708175843212513E-8,0.02878521655649115,
2,2,0.03214678941755588,1.3559933273332272E-11,0.9678532105688842,
2,2,0.08500446112347543,1.4402523988748729E-9,0.9149955374362723,
0,0,0.9980666689242882,3.438540288286618E-8,0.0019332966903087528,
2,0,0.9960128252543239,1.907942959920375E-7,0.003986983951380287,
2,0,0.9848508016767186,3.708833826208812E-7,0.015148827439898878,
0,0,0.9948498087727842,6.4061073203641E-7,0.005149550616483809,
2,0,0.9956583544003453,1.0468791585695665E-7,0.004341540911738909,
0,0,0.9983828607114481,3.064694757747856E-7,0.0016168328190762655,
2,2,0.006610838638964531,2.865844497985204E-9,0.9933891584951909,
2,2,0.014973158430363473,1.7884322746463726E-8,0.9850268236853138,
0,0,0.8955881776697205,2.346130353450638E-6,0.10440947619992605,
2,2,0.0025202749000740334,1.5857118620942896E-11,0.9974797250840689,
2,2,0.014264915578622243,1.246001321543031E-11,0.9857350844089178,
0,0,0.9985089238454099,4.827790823279897E-7,0.0014905933755078803,
2,0,0.9649880028258182,4.9803013145702525E-8,0.03501194737116867,
2,2,0.012547331450939808,2.9043673768283346E-9,0.9874526656446929,
2,2,0.003620049599167278,5.628336307962417E-10,0.9963799498379992,
2,2,0.004382237750286779,6.350346612530476E-9,0.9956177558993666,
2,0,0.8193966199317456,4.7434492897522956E-7,0.18060290572332527,
2,2,8.420053207213921E-4,6.216723737305213E-12,0.9991579946730618,
0,0,0.9948210202574601,1.2369137937461942E-5,0.005166610604602446,
0,0,0.9876089425695229,3.999302976701399E-7,0.012390657500179354,
0,0,0.9943518694006181,1.260237467548384E-6,0.005646870361914203,
0,0,0.9772000471577189,5.18476757011922E-7,0.02279943436552411,
0,0,0.9899428634542506,3.853817172271277E-9,0.01005713269193217,
2,2,0.14626603616628708,1.2178249582323668E-8,0.8537339516554634,
2,2,0.01541592160330434,3.4014742642932346E-11,0.984584078362681,
2,2,0.01728886623925767,1.3059204295127828E-9,0.9827111324548219,
0,0,0.9888322920655623,1.6389599712828337E-7,0.011167544038440554,
0,0,0.9943433770798814,3.617972004291353E-7,0.005656261122918187,
0,0,0.9995990364460904,4.641602494212534E-9,4.00958912307226E-4,
0,0,0.9918189180566589,1.1854994315908224E-8,0.008181070088346747,
2,2,0.01065484758990963,2.183916462650396E-11,0.9893451523882512,
0,0,0.9987120207900799,8.866065319971069E-8,0.001287890549266716,
2,0,0.5954565171498172,6.641511696344007E-9,0.40454347620867104,
2,2,9.326981605812162E-6,3.47419091073732E-21,0.9999906730183942,
2,2,4.815470442285266E-4,5.0182167143280965E-18,0.9995184529557714,
2,2,1.2024044284275061E-5,5.376032226092413E-22,0.9999879759557156,
2,2,6.512294087671077E-6,1.4088967914281333E-19,0.9999934877059125,
2,2,1.8656174946347903E-4,4.1748135948482856E-18,0.9998134382505365,
0,0,0.9977393334612916,3.2556285868712675E-15,0.0022606665387051588,
0,0,0.999484816644205,6.611856877661609E-13,5.151833551340262E-4,
0,0,0.9793434044616806,6.609770064901977E-13,0.020656595537658362,
0,0,0.9944975897076657,5.014804114344035E-13,0.0055024102918329555,
0,0,0.9847784932137389,2.1109879995048245E-14,0.015221506786239868,
0,0,0.9670281417324327,1.7419619834153514E-12,0.032971858265825424,
1,1,0.023077237999947934,0.5435615523129068,0.4333612096871452,
1,2,9.366750640298554E-7,3.645864960558979E-12,0.9999990633212902,
0,0,0.9406433960365532,3.1966806500511612E-12,0.059356603960250005,
0,0,0.9975703968226254,2.478462591070284E-11,0.002429603152589936,
2,2,1.0871696682046038E-4,2.8764473578754392E-18,0.9998912830331796,
2,2,0.0013494200872908456,7.719530549534698E-16,0.9986505799127082,
0,0,0.9986465195425148,2.7693311993012026E-13,0.0013534804572082582,
2,2,0.034079482713443784,3.6895810205801856E-17,0.965920517286556,
2,2,0.003912732134049828,4.1639911549998453E-19,0.9960872678659503,
0,0,0.9962917604978526,3.294512941188663E-13,0.0037082395018179014,
2,2,2.650029757107234E-5,3.611192908492643E-22,0.9999734997024289,
2,0,0.9908262642363022,6.494455977592513E-13,0.00917373576304829,
2,0,0.8759084267711471,2.4378778960106486E-12,0.12409157322641502,
2,2,3.4910223486040976E-5,1.1212060022883084E-13,0.999965089776402,
0,0,0.9974715704718097,3.61040504021263E-14,0.002528429528154162,
0,0,0.9906347416143428,5.26708179248834E-13,0.00936525838513029,
2,2,2.674286408063954E-4,7.455567778535896E-21,0.9997325713591936,
2,2,0.18425590084159021,3.255980597860198E-14,0.8157440991583772,
1,2,0.006474898996648426,0.025981299108045645,0.967543801895306,
1,2,0.05741029409628225,0.07235579909174514,0.8702339068119725,
0,0,0.9999299471437297,3.2454010162634877E-18,7.005285627016014E-5,
2,2,0.0456800838465743,7.099796634526495E-18,0.9543199161534256,
2,0,0.9280046554957294,3.563541934826919E-15,0.0719953445042671,
2,2,1.2156080899736336E-4,3.667948064243631E-21,0.9998784391910027,
0,0,0.9982923744947936,6.27588890625863E-15,0.0017076255052001913,
2,2,0.014334809403700069,4.2852502055102475E-17,0.9856651905963,
1,1,0.2973105771105802,0.43182774576407473,0.27086167712534515,
2,0,0.8726192060464637,1.6380660440808563E-14,0.1273807939535198,
2,2,0.37798996205567525,5.120866688597838E-15,0.6220100379443196,
0,0,0.9939247328803265,3.5531078664164175E-14,0.006075267119637908,
2,2,9.520703131166006E-4,1.8197390977213066E-18,0.9990479296868834,
2,0,0.6756173767867385,6.957685700435846E-14,0.324382623213192,
2,2,9.417167989287853E-6,1.3104432836369955E-20,0.9999905828320107,
2,2,0.006069965946918112,2.0806359591941853E-17,0.9939300340530819,
0,0,0.9998670436086289,2.337862518256536E-15,1.3295639136863237E-4,
0,0,0.9998499513189503,1.8822897584021406E-14,1.5004868103076318E-4,
0,0,0.5020666850014489,1.3787009009528313E-13,0.49793331499841326,
2,2,6.543665834461209E-4,2.480286828830676E-12,0.9993456334140736,
0,0,0.9621324952052546,1.374611310688578E-13,0.03786750479460803,
0,0,0.9601742028581365,3.037005237430132E-13,0.03982579714155997,
2,2,1.7399404479741194E-4,3.5112662728282417E-19,0.9998260059552027,
0,0,0.97627105535458,3.4453957962642497E-13,0.023728944645075575,
2,2,0.012491912002500603,3.524546974087891E-17,0.9875080879974993,
0,0,0.7580601658020178,1.8487093292672795E-13,0.24193983419779738,
2,2,4.141156667517205E-4,1.300271150177351E-18,0.9995858843332482,
1,1,0.19432357316273724,0.8047632587479111,9.131680893516983E-4,
2,2,9.620119358969879E-4,2.1620617502512863E-19,0.9990379880641032,
0,0,0.9961472063820815,4.190958569161168E-14,0.0038527936178766307,
2,0,0.7883033724194228,1.1647671078504776E-14,0.21169662758056548,
2,2,0.0025344115088250826,3.858175542612089E-21,0.997465588491175,
2,2,1.654545153435868E-4,1.9885604771269366E-20,0.9998345454846564,
0,0,0.9324312351844334,2.7202892269501953E-12,0.06756876481284627,
0,0,0.9829454329627517,2.8289186274878995E-13,0.017054567036965448,
0,0,0.9991460287088195,1.3665158418707407E-12,8.539712898138501E-4,
2,2,8.080049442967017E-4,7.569515964949561E-20,0.9991919950557033,
0,0,0.9452170778370251,1.1821217074610255E-14,0.05478292216296312,
2,0,0.9979496244544503,9.475936391663405E-20,0.0020503755455497778,
2,2,0.007351285590608993,2.8577627667274286E-12,0.9926487144065332,
2,2,0.002611503879695532,2.642687193362203E-12,0.9973884961176618,
2,2,0.0057252241081996325,9.146968275946607E-10,0.9942747749771036,
2,2,2.1067694484578156E-5,3.815641379108073E-15,0.9999789323055116,
2,2,0.009291182929366246,3.0263603989672834E-8,0.9907087868070298,
2,2,3.5584048515692023E-4,3.64801422852964E-12,0.9996441595111951,
2,0,0.9244744884976205,1.1598323269359983E-7,0.07552539551914678,
0,0,0.9947976607526279,4.174423655261228E-8,0.005202297503135724,
0,0,0.9940238807829838,3.1902550158023978E-9,0.00597611602676122,
2,0,0.985958626020123,1.724289163445669E-7,0.014041201550960725,
2,0,0.9629380962096017,7.023527492985517E-8,0.03706183355512328,
2,0,0.9420186195710221,1.0839996459706057E-7,0.05798127202901324,
0,0,0.9861195069582925,1.7898356208293224E-7,0.013880314058145321,
2,2,0.0019916790501308557,1.298202432202941E-10,0.9980083208200489,
0,0,0.997179656368596,1.2386379562980196E-8,0.002820331245024454,
0,0,0.9836323630115927,5.882294617915072E-9,0.01636763110611281,
0,0,0.9989634016166485,8.104490059799726E-10,0.0010365975729024293,
2,2,3.1482235948850117E-4,4.709653315460846E-14,0.9996851776404645,
2,2,8.56076922963906E-5,8.046441109248098E-14,0.9999143923076231,
0,0,0.9872015820456306,1.4647273561117623E-8,0.012798403307095996,
0,0,0.9959118012743908,2.9671685216815538E-9,0.004088195758440617,
2,2,0.01078778754451886,5.355788437235737E-11,0.9892122124019231,
0,0,0.9961592617247325,1.7081066916683029E-9,0.0038407365671607714,
2,2,0.025568846343931327,5.649393078852572E-10,0.9744311530911295,
2,2,0.0049224639674789305,1.2511663852856075E-11,0.9950775360200094,
2,2,4.228625636760576E-4,3.2927005093401085E-11,0.9995771374033969,
0,0,0.9291165897479278,8.212055310791215E-9,0.07088340204001699,
0,0,0.9669717039217997,4.381539129994138E-8,0.03302825226280909,
0,0,0.9127984892160114,7.39302435211959E-9,0.08720150339096434,
2,2,0.0010206514940860275,2.5865878386187712E-12,0.9989793485033275,
2,2,0.0018354430009616027,3.927787823718318E-12,0.9981645569951105,
2,2,4.451873030442802E-4,5.800870256550524E-14,0.9995548126968978,
0,0,0.9989644628128963,3.4111013176578137E-9,0.0010355337760025052,
1,0,0.7839572211608705,0.07358721567826323,0.14245556316086622,
2,0,0.9534226135324658,2.6413447282405553E-7,0.04657712233306137,
2,2,0.005274999831332079,5.109059401879381E-11,0.9947250001175773,
2,2,0.0012583056783179289,7.885824382048486E-10,0.9987416935330996,
0,0,0.9931900175008698,1.3020810960260974E-9,0.006809981197049186,
2,2,0.2996480417683427,1.8641618782949305E-9,0.7003519563674954,
0,0,0.9988028749813749,9.582697468284015E-10,0.0011971240603553567,
2,2,1.2994684844471133E-4,2.3402045097568993E-13,0.9998700531513212,
0,0,0.9957711094538563,6.765562117074217E-8,0.004228822890522706,
0,0,0.9996912622219959,1.0088345210854762E-9,3.087367691696338E-4,
2,2,0.001365413160944406,6.902595171851217E-11,0.9986345867700297,
2,2,7.946562704763535E-4,6.546455074293116E-13,0.999205343728869,
0,0,0.9800389012952554,6.982198508715074E-9,0.01996109172254615,
0,0,0.9772553901150869,6.97401067036647E-9,0.02274460291090253,
2,2,0.016260923549014334,3.2590823018045447E-9,0.9837390731919035,
2,2,0.01035569472083636,7.85223044887606E-11,0.9896443052006413,
2,2,0.007780360356060333,1.1143696580673803E-9,0.99221963852957,
2,2,0.007926302873459587,1.824729337035044E-13,0.992073697126358,
0,0,0.9343604101196905,1.7276965163345588E-8,0.06563957260334426,
0,0,0.8125618947214581,8.469879592628955E-8,0.18743802057974596,
1,1,0.3180392180902578,0.6067435174015842,0.07521726450815794,
2,2,0.43169709891598745,1.4434166473233965E-9,0.5683028996405959,
0,0,0.9823251933812108,3.1259758318411976E-9,0.017674803492813335,
2,2,0.0026212426962430022,1.4541859858717967E-11,0.9973787572892152,
2,0,0.5097676512662775,1.3976333478677657E-9,0.49023234733608906,
2,2,7.590071216235861E-4,7.082236866253082E-13,0.9992409928776681,
0,0,0.9775889599584708,2.5657133887245866E-7,0.0224107834701901,
0,0,0.9971987501204375,3.0258063325401705E-8,0.0028012196214992164,
0,0,0.9699030165227099,1.1698423033929213E-7,0.030096866493059638,
0,0,0.9917116641694335,4.200077850784513E-8,0.008288293829788079,
0,0,0.9960999567890975,5.4286826141537266E-8,0.0038999889240763346,
1,0,0.6297423730750291,0.1297879115714808,0.24046971535349004,
2,0,0.7479840697797939,0.010228130931206855,0.24178779928899913,
2,2,0.0012312547045474527,4.434542757702664E-12,0.9987687452910179,
2,0,0.9952293656780566,8.908610900992584E-8,0.004770545235834305,
0,0,0.9838227021028378,8.012340025425325E-9,0.016177289884822168,
0,0,0.9989841742444534,1.152936800098349E-8,0.0010158142261786115,
2,2,0.07736772416280659,4.994005511999588E-11,0.9226322757872535,
0,0,0.9841543775682278,8.436837820614297E-7,0.015844778747990118,
2,2,0.02186312850282341,9.523324247393069E-12,0.9781368714876534,
0,0,0.945662863478065,2.1807192505994345E-7,0.05433691845000979,
0,0,0.9924854374963394,5.200579841025844E-8,0.007514510497862123,
0,0,0.9964996873050683,8.271564449569037E-8,0.0035002299792870535,
0,0,0.9902945158220716,1.4204025348250907E-8,0.009705469973903166,
2,2,0.02232884008531642,2.051124930234088E-9,0.9776711578635586,
2,2,0.0016628534247682496,6.079200875928308E-11,0.9983371465144397,
0,0,0.9986374867860498,9.347940871813708E-9,0.001362503866009334,
2,2,3.0977948262464933E-4,6.137732466577804E-13,0.9996902205167616,
2,0,0.9661463025065703,7.76639525303024E-10,0.03385369671679002,
2,2,1.4331062312315763E-4,6.437132008990144E-14,0.9998566893768125,
2,2,6.385882482554332E-4,1.89115151141859E-12,0.9993614117498535,
2,0,0.8402575265095485,0.012488739579134414,0.1472537339113171,
2,2,0.2731680926483272,4.466242012312875E-9,0.7268319028854309,
2,0,0.7186571338348647,1.0015708234480941E-9,0.2813428651635646,
0,0,0.9919180978558113,6.372296722293367E-10,0.008081901506958958,
0,0,0.9937168365815868,8.030164671204387E-10,0.006283162615396806,
2,0,0.9966365425933864,1.5976923910305424E-11,0.003363457390636833,
2,0,0.9932430703270908,2.4381726712366546E-9,0.006756927234736605,
0,0,0.9999779217606422,2.609904201517906E-8,2.205214031583353E-5,
2,0,0.9998905394687476,2.2656643587805747E-7,1.0923396481640924E-4,
0,0,0.9999727044299875,6.3798510550562684E-9,2.7289190161324136E-5,
2,0,0.9999274248246657,1.435871835788021E-10,7.257503174713002E-5,
0,0,0.9999864829088033,4.6798337791668304E-8,1.3470292858644417E-5,
0,0,0.9999932291522533,1.902302349220984E-8,6.751824723090619E-6,
0,0,0.9999713036846469,1.9481914141832136E-9,2.8694367161740457E-5,
2,0,0.6246357346326036,2.0134866420886306E-8,0.3753642452325299,
2,0,0.9994333439902028,1.0932803527055494E-7,5.665466817620304E-4,
2,0,0.9999013649143984,9.720881199285562E-7,9.766299748174572E-5,
0,0,0.9999967459864834,1.0496763502220539E-9,3.252963840447154E-6,
0,0,0.9999914640181492,1.824348490820038E-7,8.353547001618398E-6,
2,0,0.9999420745358448,8.319948889031667E-7,5.709346926639953E-5,
2,0,0.5357670227575172,9.6453702996459E-10,0.4642329762779457,
2,0,0.999913681821309,1.0066620982669483E-8,8.630811207000997E-5,
0,0,0.9999947357978088,1.900490903281922E-9,5.262301700370731E-6,
0,0,0.9999923549909904,3.843510570760966E-9,7.641165499032439E-6,
0,0,0.9999557286210695,8.408265246435494E-8,4.4187296278163863E-5,
0,0,0.9999665704796835,2.2490562563848505E-7,3.3204614690835514E-5,
2,0,0.9891379701134824,2.1178479824031746E-7,0.010861818101719295,
2,0,0.8873561945753514,7.956267085741018E-10,0.11264380462902183,
2,0,0.9990697034628732,1.5608449504558074E-9,9.302949762819527E-4,
2,0,0.6932742291335072,1.9288593328677525E-7,0.30672557798055955,
2,0,0.8754782324338851,2.845839487157447E-7,0.12452148298216618,
2,0,0.96961357031994,7.4032644908199315E-9,0.030386422276795687,
2,0,0.9977552802944684,7.035583534351095E-9,0.002244712669948309,
0,0,0.9999964461697873,3.4465016434600244E-9,3.5503837110824364E-6,
2,0,0.9578680047714816,2.9438261067219374E-9,0.042131992284692395,
0,0,0.9999915433657967,6.919237278664605E-10,8.455942279449998E-6,
0,0,0.9999929208264424,1.9764172858545507E-9,7.077197140315282E-6,
2,0,0.6962165386734248,3.043354711373123E-7,0.3037831569911041,
2,0,0.6821132015270619,1.2601375244335839E-7,0.31788667245918567,
2,0,0.958200854104396,3.551341702951639E-5,0.04176363247857461,
2,0,0.9692404493695471,2.3233729679108035E-7,0.0307593182931561,
2,0,0.9980332399062267,3.3343510595336326E-8,0.0019667267502626773,
2,0,0.9360749092719818,1.3956332127992657E-7,0.06392495116469692,
2,0,0.9240801956003434,6.76031819725716E-9,0.07591979763933851,
2,1,0.09979944367524012,0.49608231806908487,0.40411823825567494,
0,0,0.9999763688171026,2.915769158425572E-7,2.3339605981534315E-5,
2,0,0.9996588180683286,4.224039220532892E-7,3.4075952774936113E-4,
0,0,0.9998438656408491,9.962539832515844E-7,1.5513810516752392E-4,
2,0,0.999894547973031,4.4073559408875817E-8,1.0540795340965837E-4,
0,0,0.9999246533056846,8.400940508766265E-7,7.450660026456965E-5,
0,0,0.9999664419371765,1.3044125244874687E-7,3.34276215712127E-5,
2,0,0.9998263343922454,2.520498106037498E-5,1.484606266941327E-4,
0,0,0.9999062826318087,1.0331079653681122E-5,8.33862885375518E-5,
0,0,0.999969429947029,5.600950334030942E-8,3.0514043467551345E-5,
2,0,0.9940002612774581,9.240263293892273E-7,0.005998814696212512,
0,0,0.9999858427191282,2.778588979449249E-7,1.387942197397422E-5,
0,0,0.9999821521320462,4.3953150109033E-7,1.74083364525348E-5,
0,0,0.9999790216565343,5.14835210666986E-6,1.5829991359084996E-5,
2,0,0.7645060488708489,6.133737632473162E-5,0.23543261375282626,
0,0,0.9999923293818959,1.660795841276642E-8,7.654010145762661E-6,
0,0,0.9999955474876464,2.4368352743984894E-8,4.428144000700542E-6,
2,0,0.5311469602305737,1.6090967474444303E-6,0.4688514306726788,
0,0,0.99992424916654,3.310723305067912E-8,7.571772622686221E-5,
0,0,0.9999795420754458,1.0186420586172483E-7,2.0356060348168492E-5,
2,0,0.5702700588567886,1.0910446954580482E-5,0.42971903069625683,
0,0,0.9999961631348