0,0,0.9935449396382844,0.0029440762621085943,1.8083426739069966E-20,2.6582670794304496E-6,0.0035083258325275023,
0,0,0.9975573883382023,4.4437411265469896E-5,7.461845722212765E-21,4.38532784400604E-18,0.002398174250532175,
0,0,0.9823402569598813,6.31513913195371E-4,7.56601416571468E-21,1.2983311669259687E-4,0.016898396010230788,
0,0,0.9995340877873952,4.739274679778148E-6,4.461529335380574E-21,7.461163010323689E-23,4.611729379250234E-4,
0,0,0.9932885753430116,0.002477833036108588,1.0714069171856916E-20,1.6345070897862525E-5,0.004217246549981934,
0,0,0.9787089718053607,0.006179912984228743,1.8199526122295424E-20,5.275179268420294E-7,0.015110587692483702,
0,0,0.9924102770806958,0.0024189058880523385,1.0391937725830295E-20,4.951703880932382E-5,0.005121299992442744,
0,0,0.9925045292869054,0.0016910632433736969,1.118176031333151E-20,2.147588595200818E-7,0.005804192710861416,
0,0,0.9976493413865987,7.264083294118365E-4,8.334106279246712E-21,1.1159516111072137E-9,0.0016242491680379233,
0,0,0.9958380557363706,0.002223478229784748,1.2870297273516629E-20,2.438141577936937E-9,0.0019384635957032297,
0,0,0.9991109463793759,1.92898636584119E-4,6.183546340615554E-21,6.5607517837491976E-15,6.961549840333197E-4,
0,0,0.9997378189814057,2.72563991380168E-6,4.379891141462548E-21,9.773836600005165E-30,2.594553786805929E-4,
0,0,0.9999952148195826,7.235740514541557E-9,1.6716437283740165E-21,2.513414694129722E-47,4.777944676913701E-6,
0,0,0.9999999100539049,5.264370605546762E-10,8.067785333810039E-22,1.5177065185340422E-61,8.941965810002895E-8,
0,0,0.9999999999981946,1.1926150709178332E-17,4.2773447744969396E-23,1.8663346792958432E-104,1.80533680343199E-12,
0,0,0.9994283145138895,2.3357660576937965E-5,5.212742014734689E-21,8.469533635862377E-24,5.483278255335821E-4,
0,0,0.9919030024035946,0.0020623024307093074,9.563685783122214E-21,4.169868487511949E-5,0.005992996480820909,
0,0,0.9939843197034816,3.932964952314628E-4,8.012551970568377E-21,1.083675465204693E-9,0.00562238271761152,
0,0,0.9949041917638662,0.0014629837363407232,9.704019912520206E-21,1.4274616206661107E-7,0.0036326817536307837,
0,0,0.9998692705893029,2.1333234570936945E-5,3.503427399754737E-21,2.1668449945479358E-23,1.0939617612616444E-4,
0,0,0.9998883223398282,6.3967969446984645E-6,4.079561497265559E-21,1.938205184382617E-28,1.0528086322719873E-4,
0,0,0.9996733552598088,2.6939149026349293E-6,3.85838538114644E-21,9.304424284606875E-24,3.239508252885799E-4,
0,0,0.9999968458196884,8.521764583863049E-9,1.860075432070479E-21,9.801459391693675E-49,3.145658547012271E-6,
0,0,0.997884140959431,3.65267896400117E-4,7.297653604544054E-21,2.005861441852503E-21,0.0017505911441690063,
0,0,0.9978288382695922,1.0730123032638585E-5,6.466024242459511E-21,1.0072735518819388E-17,0.0021604316073751237,
0,0,0.9928625465095501,0.0032977842581631456,1.2208463181968971E-20,6.911289913862168E-5,0.003770556333148253,
0,0,0.9961633177645272,6.227899641997389E-5,9.045996548804502E-21,3.0635972956409214E-16,0.0037744032390528387,
0,0,0.9691676908072274,0.015569439152430142,3.0628483268045754E-20,5.024325073001663E-8,0.015262819797091563,
0,0,0.999402048129251,7.803665223679231E-5,4.504378594863858E-21,3.3244466294734145E-18,5.199152185121406E-4,
0,0,0.9996801858447916,6.609014336786199E-5,6.600370458579555E-21,2.787624407083614E-24,2.5372401184057484E-4,
0,0,0.9994983417269265,6.861921616783998E-5,6.383809276118051E-21,3.80476904820584E-20,4.330390569054301E-4,
0,0,0.9563919546561176,8.382541372084574E-4,1.4359387536083936E-20,3.5873300846246156E-11,0.042769791170800806,
0,0,0.9850689210800012,0.0012892829027675021,1.1955895487179266E-20,2.9382572270944516E-9,0.013641793078974129,
0,0,0.9845757998491554,0.00255920372793735,1.1997847937977551E-20,2.357438010064187E-6,0.012862638984897206,
0,0,0.9810278331025283,0.017705779535487184,1.7397072943188848E-20,3.3050951440333284E-8,0.0012663543110330246,
0,0,0.999999999853407,3.2309236428079786E-15,1.474725916356254E-22,4.787451283708655E-92,1.4658958254211635E-10,
0,0,0.9999999998872056,6.411444446351331E-15,1.2174455375339784E-22,1.124274791520956E-89,1.127880179389723E-10,
0,0,0.9979002642207606,0.0016165603745739994,1.2425491229686635E-20,2.117693655707118E-21,4.8317540466528904E-4,
0,0,0.9665407897339248,0.004112211277486254,1.4627205296083667E-20,3.8949299454849226E-5,0.02930804968913412,
0,0,0.9980854541503387,4.3785628542916205E-4,9.622644449661455E-21,5.100050783255298E-17,0.001476689564232085,
0,0,0.9941100284342794,0.0018930174831216636,1.3629329564794463E-20,2.884094100299726E-12,0.00399695407971474,
0,0,0.9992229674830547,3.222080030765109E-4,9.02737268847597E-21,4.360931883190709E-18,4.548245138689287E-4,
0,0,0.9897572040805763,4.665670209396068E-5,9.395232352312456E-21,5.529073602922309E-16,0.010196139217328837,
0,0,0.9893507648342126,0.0010937843943014255,7.759165917396521E-21,9.648814625184635E-6,0.009545801956861001,
0,0,0.9941690476503013,0.002069568948395681,1.1994774910554642E-20,2.3496614711367435E-7,0.00376114843515595,
0,0,0.9948178846411625,3.7111418744591065E-4,8.649338820842923E-21,1.7350660678192424E-10,0.004811000997884852,
0,0,0.9905168061086657,0.0011397514762600206,7.801579641273753E-21,2.912275844546933E-6,0.008340530139229821,
0,0,0.9916771750275992,0.0014150092686666337,1.0754126597066126E-20,6.148830247255033E-9,0.006907809554904058,
0,0,0.993777638465983,0.0010447652183428557,9.36213599833654E-21,1.5752725685998875E-7,0.0051774387884175365,
0,0,0.9931498372573357,2.1969231537361916E-4,8.649169971185987E-21,1.2250029151533958E-11,0.00663047041504046,
0,0,0.9943638050978589,0.0011640354445635348,8.330947139498502E-21,1.0607480945871368E-6,0.0044710987094829,
0,0,0.9010407789321798,0.03884752748207027,3.341762986214659E-20,0.01696516285452754,0.043146530731222196,
0,0,0.9903235853488432,0.003845574627953654,1.435164094407242E-20,2.986207687640906E-7,0.00583054140243412,
0,0,0.9965643862527012,3.222673684492291E-5,4.3795357518115106E-21,1.453989552393713E-12,0.0034033870089996646,
0,0,0.9492543697973505,0.002847712687517802,1.3803328640197763E-20,0.0010799016091348889,0.04681801590599674,
0,0,0.9974600297975574,8.934923495286779E-6,7.647881552356899E-21,2.600077933460765E-22,0.0025310352789472846,
0,0,0.9977401910843119,6.895325372760225E-4,1.186464495181786E-20,2.644495292216599E-15,0.0015702763784094884,
0,0,0.9571584695296019,9.143583310916207E-4,1.135669781288576E-20,1.063607316812743E-10,0.04192717203294575,
0,0,0.9564968546225269,4.068083302258395E-4,1.5156313257198488E-20,9.368451895563759E-13,0.04309633704631043,
0,0,0.9716935615652749,0.006006067368021647,1.9799744445923493E-20,7.362727688605907E-7,0.022299634793934653,
0,0,0.9916137272316101,0.0013578441636609867,1.054204815632349E-20,5.60574258184234E-10,0.007028428044154749,
0,0,0.9936448578575418,3.845307678328993E-5,8.842197899539107E-21,8.588892543905228E-17,0.006316689065675014,
0,0,0.989219972294621,0.0021684315845031396,1.1851315729627833E-20,2.171237138873811E-8,0.008611574408504357,
0,0,0.9997229658444893,2.44464983061246E-5,4.384329534027117E-21,1.5173008593238788E-20,2.525876572046082E-4,
0,0,0.9980555958026891,2.594408177940795E-4,6.311567126306872E-21,6.276699675046634E-15,0.0016849633795107777,
0,0,0.9974002540226048,0.00161892010398354,1.5873005866636543E-20,4.099262906339577E-15,9.808258734075122E-4,
0,0,0.9968823247946708,5.4821851369872736E-5,9.785702181318288E-21,5.532114933207809E-19,0.003062853353959248,
0,0,0.9916931632994709,9.203700910427164E-4,1.1286493408083082E-20,3.0699928973761434E-6,0.007383396616588999,
0,0,0.9984859405869849,1.9696079204158513E-5,6.31504594086691E-21,9.827806744447973E-18,0.0014943633338109635,
0,0,0.9907290680026195,0.008719386342810574,1.7726736092170517E-20,2.569812299342645E-10,5.51545397588454E-4,
0,0,0.9991742076449597,5.182506711172684E-4,6.747121914295478E-21,7.83962631137964E-21,3.075416839231801E-4,
0,0,0.9613028635158928,0.0056817339957463,1.6945747186968507E-20,1.622298871144968E-5,0.032999179499649506,
0,0,0.999849021275791,1.589936244255468E-5,3.200256704846257E-21,5.962916298615495E-24,1.350793617664814E-4,
0,0,0.9963561952626785,9.016481876290345E-4,8.253539209760088E-21,3.374975315265473E-8,0.002742122799939179,
0,0,0.988469242313995,1.2221592545905123E-4,9.03117547779855E-21,1.2445423901332543E-13,0.01140854176042159,
0,0,0.9991632477984459,2.0302795970449946E-4,9.46044876662419E-21,6.052854805948466E-20,6.337242418496311E-4,
0,0,0.9797136462976905,3.9605289291738953E-4,1.601009877997266E-20,1.369387880785229E-11,0.019890300795698097,
0,0,0.9999628465649099,8.261596948285122E-6,3.3382062661844967E-21,2.35293559963979E-27,2.8891838141806174E-5,
0,0,0.9998598490478352,1.513259937827109E-5,4.1139266877710755E-21,4.716889920261085E-21,1.250183527865996E-4,
0,0,0.9987249107981558,4.138055488884877E-4,7.953757805799815E-21,9.818504116037606E-15,8.612836529460302E-4,
0,0,0.9989126845077819,1.8302870550758148E-5,6.80460854182639E-21,1.5018249801556549E-22,0.0010690126216673825,
0,0,0.999679765485843,2.7143370310480676E-4,5.214171516888671E-21,4.0039482778166664E-28,4.880081105208683E-5,
0,0,0.9896380714622787,0.008162053997589494,1.360263306585231E-20,6.3398843973785595E-6,0.002193534655734442,
0,0,0.9999999998148239,4.1820700344176105E-15,1.4502629471215962E-22,4.312568610035414E-92,1.8517192623026817E-10,
0,0,0.9999991553803897,7.50505287559088E-10,1.193175849894283E-21,2.7134079009061607E-56,8.438691051490175E-7,
0,0,0.9964945533482051,5.421086340821899E-4,6.835840397759742E-21,2.0863723770032982E-11,0.002963337996848998,
0,0,0.9898017555926113,4.672335387507559E-4,1.606971969084626E-20,4.659377007187923E-15,0.00973101086863338,
0,0,0.999901429680711,1.7896967778948068E-5,3.717790653668298E-21,6.620483863786605E-31,8.067335151004308E-5,
0,0,0.9999999999587967,1.3921138649724646E-16,8.221590146593779E-23,5.547905654191599E-96,4.120294324816416E-11,
0,0,0.9842499860410371,9.369181936856453E-5,7.04472248566107E-21,2.8516167332187113E-11,0.015656322111078265,
0,0,0.9690005473286292,0.0025900345285378686,1.3590685312575355E-20,1.0536726632688044E-5,0.02839888141620035,
0,0,0.9981115495213984,9.53078997803818E-5,4.711167711428031E-21,1.1049634679143613E-14,0.0017931425788100819,
0,0,0.9875219780974089,1.5336814505658304E-4,8.524945507472774E-21,9.32426314128303E-11,0.01232465366429173,
0,0,0.991474431777179,0.0019944722307887004,8.93399433014959E-21,1.0253815156725494E-5,0.006520842176875593,
0,0,0.9965156067611347,4.323490462986153E-4,8.946589554434887E-21,4.653363430483422E-15,0.003052044192562031,
0,0,0.9902737270954751,0.0024819427841246437,1.0692131071524479E-20,1.669351608304867E-5,0.007227636604317121,
0,0,0.9840450307931251,0.0011570048121733569,1.516438406008866E-20,1.6357374176868319E-7,0.014797800820959694,
0,0,0.9901696508869597,1.5151766055637942E-4,6.353994237035767E-21,1.7120584982047727E-9,0.009678829740425382,
0,0,0.9726411787959293,0.0017999699583680759,1.247053107484706E-20,3.7349651323879187E-4,0.02518535473246367,
0,0,0.9826911451186948,7.231828133714415E-4,8.55374512468466E-21,5.757682133809724E-7,0.016585096299720402,
0,0,0.9925433950060095,0.005310917057104172,9.506012460882938E-21,3.7923330396465576E-7,0.0021453087035821754,
0,0,0.9886660554281954,0.006818413753144235,1.3310298465375105E-20,6.324628935008688E-8,0.004515467572370958,
0,0,0.9854068053156506,0.0022893259789033976,1.236866905619323E-20,8.064681130744012E-8,0.0123037880586346,
0,0,0.9997249150026789,7.723544287939263E-5,5.4950018677650186E-21,4.759447607663575E-23,1.9784955444169874E-4,
0,0,0.9992983495317869,5.647283108433358E-6,4.0217314499050775E-21,9.755396276507775E-20,6.960031851046359E-4,
0,0,0.9890102249181774,1.7308844827607995E-4,7.099315878043562E-21,2.9953615213914225E-12,0.010816686630551194,
0,0,0.9903364211071208,2.9660174049571305E-4,1.0099693211635056E-20,1.5374942071976195E-13,0.00936697715222971,
0,0,0.9652996017574235,8.601976360059487E-4,1.7897822814476804E-20,7.620123361221303E-11,0.0338402005303694,
0,0,0.9998884462187948,1.535190177224337E-5,3.586777448008385E-21,2.250394995530915E-28,9.620187943299653E-5,
0,0,0.9999772155104861,7.607415737859892E-6,4.002466070865745E-21,2.582463418404653E-40,1.5177073775970454E-5,
0,0,0.9843512778385978,9.004168708843036E-4,1.2648236747846427E-20,2.709507518579345E-7,0.014748034339765955,
0,0,0.9880653213075357,2.4274591669355122E-4,6.6678150994887616E-21,4.043119572200586E-9,0.011691928732651331,
0,0,0.988495872782944,0.004291065474871962,1.5433403954505262E-20,1.174728529256177E-9,0.007213060567455461,
0,0,0.9989847038475035,4.551677206754611E-4,6.802242907443611E-21,6.201687270204759E-22,5.601284318212708E-4,
0,0,0.9991679809051025,3.9562643752056264E-4,5.8245064158593804E-21,6.6589860932669E-17,4.3639265737699926E-4,
0,0,0.9923695134242284,0.003057768056728106,1.0497122674496597E-20,4.693979769476732E-6,0.00456802453927429,
0,0,0.9992484861428025,1.9388390849880518E-4,8.589858090272673E-21,3.4546432478929594E-27,5.576299486986474E-4,
0,0,0.9999991236445589,9.098992608798512E-8,1.6040380767737365E-21,7.695505233308063E-54,7.853655151240211E-7,
0,0,0.9935402646021151,0.0019420992890696641,9.613043338212945E-21,4.055909609690387E-6,0.004513580199205612,
0,0,0.9946478289012032,0.0010571928049959436,1.2753373855728557E-20,8.714467271591523E-16,0.004294978293799997,
0,0,0.9999880752780703,2.972894791869902E-6,3.628110813521525E-21,2.5472689380947993E-49,8.951827137813975E-6,
0,0,0.9999951115157718,2.617462205685102E-7,2.100027095866019E-21,9.465432239556881E-48,4.626738007607439E-6,
0,0,0.99998701806444,3.1903631554178666E-6,3.0218161456198687E-21,1.9723931109619846E-34,9.791572404624401E-6,
0,0,0.9956280712996972,4.785041832390149E-5,6.7059712494434965E-21,1.5685270366620032E-14,0.004324078281963152,
0,0,0.9955101561562814,0.0013367047361485195,7.557277659672939E-21,8.084538646169537E-10,0.0031531382991161973,
0,0,0.9992808273906139,2.2977166626353042E-5,7.007261180635024E-21,2.906170652445846E-26,6.961954427598333E-4,
0,1,0.002295963283865329,0.9977040367161345,3.3557281090873142E-22,3.636718637670972E-103,1.45677961489278E-16,
1,0,0.6781273969388988,0.24359376572327748,4.1806708908816464E-20,3.058892162863377E-15,0.07827883733782058,
0,0,0.9999744538653424,2.5305455188451512E-5,4.517004686060637E-21,7.810213857955771E-65,2.406794690726135E-7,
0,0,0.9999973259536756,2.6740463224794412E-6,1.2261827641379675E-21,5.870139817297439E-152,1.8210508698933327E-15,
0,0,0.9999983706253436,1.6293494019745076E-6,1.5888665607900424E-21,6.554996098477905E-101,2.5254456984351647E-11,
0,0,0.9763602565007928,0.02152311743806194,1.8703919810131047E-20,5.948557721997876E-9,0.002116620112587563,
1,0,0.9803576819586891,0.006998082151704296,2.080295380107157E-20,6.767230671714082E-9,0.012644229122375832,
0,0,0.9847587005789317,0.004338882468932165,1.9720529787038492E-20,2.179480416134924E-10,0.010902416734188305,
0,0,0.99594976589807,3.0467305962256803E-5,8.493186895420878E-21,7.456889958837101E-20,0.00401976679596768,
0,0,0.9961243633104618,4.903687881896957E-4,9.517816012220616E-21,5.5774099384352564E-14,0.0033852679012926624,
0,0,0.9969606349627903,6.456062447075898E-4,1.0427497560691705E-20,1.7817541162898266E-16,0.0023937587925018057,
0,0,0.9804177002397659,0.014044687721937744,2.68316324706307E-20,1.026194594348129E-7,0.005537509418836794,
0,0,0.8633921362446119,0.022939664996170207,2.5126068639987876E-20,0.0033184489118721744,0.1103497498473457,
4,4,0.0760486533510576,1.6778689671379485E-15,1.1628200451565434E-20,0.20126693263969206,0.7226844140092487,
4,4,0.02450273116973588,1.0265584577889987E-13,6.3486969134986944E-21,0.09107462596168098,0.8844226428684804,
0,0,0.9924821268347437,0.006146993401380394,1.3016984673988408E-20,2.630552871054073E-9,0.001370877133323111,
0,0,0.8306017974079054,0.019376902195090483,1.8586489944028397E-20,5.4934455437498295E-5,0.1499663659415667,
0,0,0.8415794414154998,0.012685071228007872,1.5017774101741637E-20,3.450617877479028E-5,0.14570098117771743,
0,0,0.960058039966421,0.03949707520043326,2.4286636352467044E-20,2.267751993811974E-10,4.4488460637025196E-4,
0,0,0.9999999999883862,5.996906316322492E-16,7.926465728266499E-23,3.007513378781474E-100,1.1613158794835551E-11,
0,0,0.9999980635360868,5.430393786718495E-8,2.1569172616681726E-21,2.427929931071041E-59,1.8821599754394167E-6,
0,0,0.9999999788678406,6.491608404963989E-11,4.643711038454843E-22,5.423230821734949E-66,2.1067243377971106E-8,
4,4,0.39873256036906934,9.897029343952528E-5,1.411882750887921E-20,5.003713886485542E-9,0.6011684643337772,
4,0,0.904639460051032,0.006329210481822567,7.836473018348587E-21,2.7434966720744407E-13,0.08903132946687106,
0,0,0.9988923844034979,2.6846193614641506E-4,7.311469218081008E-21,9.953705688651918E-14,8.39153660256135E-4,
0,0,0.996200266178984,2.5689709465875806E-5,6.5618950824542816E-21,4.0448675648169185E-18,0.003774044111549988,
0,0,0.9855926604376878,1.2920740431818882E-4,5.211701704280963E-21,4.5648879237996934E-8,0.014278086509114916,
0,0,0.9818261034438902,0.0011662031955490357,1.1457696335787984E-20,2.965875754388494E-6,0.01700472748480655,
0,0,0.9993544036007572,1.0685093512439911E-5,5.148499353461121E-21,4.664441914551115E-24,6.349113057304205E-4,
0,0,0.9866176558405942,0.004182014940299771,1.1107477967918217E-20,7.12824729996141E-5,0.009129046746106427,
0,0,0.9966596552231686,0.0012580109084240005,9.425097346526852E-21,2.091678677084688E-12,0.0020823338663158446,
0,0,0.9932728687618109,0.004335499787914355,1.2174767177748303E-20,6.022406844001436E-6,0.0023856090434308105,
0,0,0.9847672568036022,0.01386584805289157,2.2564339364997292E-20,8.938020531097024E-5,0.0012775149381952437,
0,0,0.9995366495495647,1.783556352179309E-4,6.6531634745504735E-21,2.418983845209552E-16,2.849948152172109E-4,
0,0,0.9977084748692013,1.1356027267371237E-5,5.307831579686678E-21,2.2765554685128554E-21,0.0022801691035312997,
0,0,0.97401177189792,0.00219943872692204,1.2564724153726092E-20,6.779356563751724E-10,0.02378878869722232,
0,0,0.9765586818253674,3.5699416151979343E-4,7.301041192704823E-21,5.375227739657995E-7,0.023083786490338747,
0,0,0.9999997956866857,1.2892475353382093E-9,1.0550287137515916E-21,6.493262527002527E-61,2.030240668221945E-7,
0,0,0.9881072261900941,0.00782017031093331,1.9360058475796107E-20,9.532148320932679E-8,0.004072508177489399,
0,3,0.35059054126232825,0.2160137950471184,4.5603718515406367E-20,0.43325304187860264,1.4262181195066512E-4,
0,0,0.9985979089331928,1.3010585799541073E-5,5.347835998441682E-21,8.706562845767477E-22,0.0013890804810075949,
0,0,0.9993203568023409,3.652316205824241E-6,3.6414269320989205E-21,1.2012829304116597E-22,6.759908814534507E-4,
0,0,0.9592827409254854,0.0013182963313306203,1.0539171718027109E-20,2.700916953016359E-4,0.0391288710478826,
0,0,0.9991036440017282,1.1661749644098281E-5,3.966192091517791E-21,4.90924398625048E-17,8.846942486277025E-4,
0,0,0.9920278057203976,0.0011324777418699988,1.1500805646281373E-20,7.448870117242845E-6,0.006832267667615148,
0,0,0.8636683628533902,0.13609145130643333,1.9203933618813594E-20,4.2753106946868854E-13,2.4018583974904934E-4,
0,0,0.9996069185967466,9.46951753288877E-5,7.886777012209694E-21,4.266645787933528E-23,2.9838622792475805E-4,
0,0,0.9975711638727148,0.0013154366939833507,1.4310230131224864E-20,3.318557670666741E-15,0.0011133994332984752,
0,1,0.4775752021035068,0.5216010321541421,4.142018069384576E-20,5.394551328058482E-4,2.843106095452399E-4,
0,1,0.10082232311534182,0.8991776593466823,1.0849506584855219E-20,1.2687291273358388E-28,1.7537975918968468E-8,
0,0,0.531157943330921,0.3078942846942471,4.730161443053856E-20,0.15915915160466218,0.0017886203701697868,
0,1,0.44975160090602345,0.4727726878002212,4.7144729985001973E-20,0.0773690873540242,1.0662393973119143E-4,
0,0,0.8917190272273239,0.10554862539593723,3.038610185070744E-20,0.0018587029488541739,8.736444278847823E-4,
0,0,0.42150580681317673,0.1824005213302793,4.470890803818489E-20,0.394717476154864,0.0013761957016798282,
0,0,0.9998416144106717,1.0753870272553838E-6,4.0447958386966824E-21,6.923802781419508E-31,1.5731020230115906E-4,
0,0,0.9999997567837396,1.722151421532807E-8,1.7131656902579603E-21,2.8881998822787984E-63,2.2599474619453063E-7,
0,0,0.9730298326765284,0.0015061235931800492,1.1065899660772187E-20,4.067985916247057E-5,0.025423363871129024,
0,0,0.9974891187630263,6.0548439210880065E-5,6.375065598292007E-21,1.705368327428115E-15,0.0024503327977612654,
0,0,0.9815065634422178,9.345741820165044E-4,1.0522838393571405E-20,1.7380995369643106E-5,0.01754148138039599,
0,0,0.9577407388713587,0.0067438181629564786,1.978678623284448E-20,2.4791011064367596E-5,0.03549065195462077,
0,0,0.9940999390836881,0.0034321808113786855,1.2443853953356998E-20,6.204664487771294E-10,0.0024678794844667806,
0,0,0.9965508181791067,7.427520338128087E-5,6.986408279297059E-21,9.25125952013394E-14,0.003374906617419372,
0,0,0.9809051447037723,0.001460003277593373,1.3213548602281322E-20,3.4858040571515295E-10,0.017634851670054165,
0,0,0.9935587116547251,9.217919115373392E-4,8.00548998193355E-21,1.2610141791528011E-7,0.00551937033231976,
0,0,0.9899841961486645,0.003092086759901172,1.0152456969634814E-20,2.875454831917196E-7,0.006923429545951267,
0,0,0.9984940512355176,5.799570816007645E-4,6.441103679990083E-21,2.363907527105033E-13,9.25991682645155E-4,
0,0,0.9804370378328063,0.014296034850123488,1.8866327503113998E-20,1.2275603464124777E-9,0.005266926089509682,
0,0,0.9582185143511099,0.040640821388240524,2.2845586217924973E-20,7.072468057144715E-13,0.0011406642599423211,
0,0,0.8653553586434644,0.12738916030270095,3.44069309563218E-20,4.198168508586733E-10,0.00725548063401785,
0,0,0.9189080721260234,0.07668860132425859,2.752810583191608E-20,3.851521911401023E-11,0.004403326511202938,
0,0,0.9824436968197848,0.017281409333860312,1.803752481492594E-20,4.721319952519369E-34,2.748938463550336E-4,
0,0,0.9816298221242528,0.015656632538167643,2.0179408204779673E-20,2.8139827313396496E-12,0.002713545334765539,
0,0,0.9983755512923184,9.620886381073212E-5,8.832419027455285E-21,9.742054414615304E-20,0.0015282398438710126,
0,0,0.9887778121792411,3.753508793812862E-4,5.1408621200801234E-21,1.8274544184292426E-8,0.010846818666833367,
0,0,0.9280982227177897,0.032061068306846054,3.1694518431304196E-20,0.015999021599554342,0.02384168737580989,
0,0,0.9998294245358516,1.5842070422338366E-5,3.7589023217538214E-21,1.0865121548046145E-21,1.5473339372591393E-4,
0,0,0.9611504351972685,8.291243297601663E-4,1.2816387184344277E-20,1.6384541345142923E-10,0.03802044030912576,
0,0,0.9941580445897018,5.915391459425092E-4,6.327323981459562E-21,5.44201493678425E-10,0.005250415720154042,
0,0,0.9996475800906425,4.460063025874495E-5,5.034738984019481E-21,1.6673606756569913E-21,3.078192790987561E-4,
0,0,0.9747662767729874,0.024373801761244204,2.0627646634214604E-20,6.307064458458854E-17,8.599214657682255E-4,
0,0,0.961187285915162,0.03780689291736483,1.6198229821728294E-20,3.1042139764546604E-11,0.001005821136430897,
0,0,0.8635354308088398,0.13581360333685652,3.0823876320491515E-20,1.4871961513815356E-10,6.509657055841199E-4,
0,0,0.9572606586625071,0.04178404956932751,2.601871088220573E-20,4.510991491205225E-11,9.552917230554499E-4,
0,0,0.9097755161342791,0.058999510518512176,2.4785702489855884E-20,5.969123768052884E-12,0.031224973341239404,
0,0,0.9941563681630922,0.0036766609001696185,1.3471180626379394E-20,9.52786914961734E-13,0.002166970935785431,
0,0,0.9872277772197303,0.012609956812228127,1.6467932025501054E-20,1.0663164257676709E-14,1.6226596803089669E-4,
0,0,0.9999999150683857,3.4904231184039716E-10,6.878241924268375E-22,1.131236592020975E-61,8.458257195937785E-8,
0,0,0.9990781103660845,3.557901730938775E-5,6.891457065576128E-21,8.788700188138615E-27,8.863106166060228E-4,
0,0,0.9944123278421619,5.633180446316358E-4,6.1713376030455604E-21,5.145941983544711E-10,0.005024353598612008,
0,0,0.9950430014444285,4.3620243190285567E-4,6.4904382877009034E-21,5.75322103421542E-14,0.004520796123611357,
0,0,0.9658225667132624,0.013300983449686943,1.646330413491706E-20,4.463609282966949E-7,0.02087600347612219,
0,0,0.9999999999994711,3.079406741485296E-16,4.65985107805038E-23,3.624081117100509E-110,5.287915170175733E-13,
0,0,0.9959311015926139,0.0010540682896475015,1.0452849065650897E-20,1.754477612196658E-11,0.003014830100193825,
0,0,0.9984500412868116,3.5624120364355794E-5,4.7150483253805076E-21,7.399713616485301E-18,0.00151433459282407,
0,0,0.9999341124489218,3.7463358955044665E-7,2.1840623401798657E-21,5.0455315980794046E-27,6.551291748854954E-5,
1,1,0.4153543561686091,0.5845503456099461,1.9257708113597748E-20,4.5097974734723026E-29,9.529822144464838E-5,
0,0,0.9993123364513778,3.858242850093344E-5,4.613240572807293E-21,6.700215744999862E-21,6.49081120121276E-4,
4,4,0.01616372366832872,1.934807533424872E-6,4.182713278845755E-21,0.004694261518320753,0.9791400800058171,
0,0,0.9984721858286838,3.822161613007181E-4,9.126591412751422E-21,1.4112874010045446E-17,0.0011455980100154946,
0,0,0.9919455504044846,0.007430191908879209,1.2866904736956635E-20,9.519966360819673E-11,6.242575914367074E-4,
0,0,0.9916153883527964,0.0014785151418969667,1.2687664859256285E-20,8.415713542712144E-13,0.006906096504465099,
4,0,0.5569062805609437,2.0110661412429797E-8,2.199576448223775E-20,0.0049670078043538264,0.438126691524041,
4,4,0.34934686720804525,4.6584648119916116E-7,2.1554376884978216E-20,0.001080901433044265,0.6495717655124292,
4,4,0.027671677715778165,2.2089147056175612E-7,4.890438691036033E-21,9.720375906584924E-6,0.9723183810168448,
0,0,0.9980247158226856,1.784000192753669E-4,1.0326409507566037E-20,3.347015506644942E-19,0.0017968841580389935,
0,0,0.995729352744309,0.0014605901832930842,9.061604990432321E-21,1.0534087673018323E-8,0.002810046538310425,
0,0,0.9983907133043934,5.013547306697544E-4,1.0817585045856451E-20,2.0928728782582377E-17,0.0011079319649368337,
0,0,0.9948067595868118,5.7651721033212195E-5,7.728468682180207E-21,5.810571794973496E-14,0.00513558869209702,
0,0,0.9996653287576854,2.919762165600989E-5,4.0358840087416E-21,1.1766924987787977E-18,3.054736206583433E-4,
0,0,0.9974639161405755,5.492528463878647E-4,8.888760069217028E-21,1.4587410255945727E-11,0.0019868309984492046,
0,0,0.99413901723485,9.951925907064338E-4,9.785017458672993E-21,1.862683027150455E-7,0.004865603906140823,
4,0,0.5777273233317887,2.6140805329847086E-4,1.2025062412394605E-20,1.2087757006310975E-8,0.422011256527156,
0,0,0.9994412702007206,2.738745656157306E-4,7.465435053955006E-21,3.9903305901795126E-21,2.848552336638155E-4,
0,0,0.9999720998264735,9.294321409322913E-8,2.5846029016878343E-21,2.3127222127002517E-42,2.7807230312466855E-5,
0,0,0.9999844118016835,1.2321300413143595E-7,2.523617618496896E-21,8.3315128207706955E-44,1.5464985312205706E-5,
0,0,0.9995911662366644,1.6366349950102532E-4,7.541716130038296E-21,9.688588404238344E-43,2.4517026383463075E-4,
0,0,0.9558081037208559,0.004956182036194018,1.786815349141995E-20,5.2468779776397525E-5,0.03918324546317362,
0,0,0.9923360569961344,0.0011665832772028396,8.928951406115922E-21,1.280631436754579E-7,0.006497231663519297,
0,0,0.9996700020014142,4.750254753120516E-5,4.621778386784633E-21,3.794749224832163E-22,2.82495451054804E-4,
0,0,0.9995134584160699,7.255977212785157E-6,6.1061981547327426E-21,1.4351140670730481E-24,4.792856067173567E-4,
0,0,0.9980024404962676,7.068682846110772E-5,5.4926003423729695E-21,2.833597865291465E-13,0.0019268726749878944,
0,0,0.9718136129921084,7.048629620686101E-4,8.69893394405082E-21,7.728831311690827E-5,0.027404235732705874,
0,0,0.9705732636145097,0.0011569620975393656,1.2063742267596025E-20,2.125777607342133E-7,0.02826956171019029,
0,0,0.6825773609638677,0.2506416507546635,5.519221229126238E-20,0.04988158197416388,0.016899406307304934,
0,0,0.9988861837238711,7.030571494807144E-4,9.326292006131276E-21,6.749771256472556E-13,4.1075912597332245E-4,
0,0,0.9951348384510977,0.003544836297501924,1.4141849787178057E-20,1.113232543793782E-12,0.0013203252502871656,
0,0,0.9612239054254186,0.03759293918967064,2.802561084809121E-20,5.8738363846616E-6,0.0011772815485260144,
0,0,0.6544613425387089,0.3176375177773524,5.205548458720955E-20,0.02031570760807428,0.0075854320758644974,
3,0,0.5485415285320795,0.06760442953092081,4.1220998867014305E-20,0.3788981933583069,0.004955848578692757,
0,0,0.531157943330921,0.3078942846942471,4.730161443053856E-20,0.15915915160466218,0.0017886203701697868,
0,0,0.9999999991808102,4.46898916969793E-13,3.4295962392792003E-22,1.3224888295086188E-84,8.187428569118748E-10,
0,0,0.9979548457317358,0.0017322533798615535,1.3703906737656218E-20,2.718234050712877E-21,3.129008884026928E-4,
0,0,0.9963317947451221,1.2795326465261524E-4,1.0083914209119471E-20,1.297059221656128E-14,0.0035402519902122146,
0,0,0.9703192623456418,0.02019587450848373,2.868587553588766E-20,4.14727450945076E-4,0.009070135694929454,
0,0,0.9850282012955877,0.011758192595741438,2.720239727143432E-20,1.2535353303034993E-6,0.00321235257334055,
0,0,0.9950078139430444,0.001234509873208622,1.212207979115754E-20,2.917389790674506E-9,0.00375767326635722,
0,0,0.9984575858995238,7.934304810189129E-4,7.552925618064023E-21,3.289487769899381E-13,7.489836191283224E-4,
0,0,0.9872199982328291,0.0076409468507373755,1.428646991434312E-20,0.0016162134073739258,0.0035228415090594882,
0,0,0.9997212487317689,2.291121155902555E-4,7.042821462709616E-21,8.68304095403905E-22,4.963915264086235E-5,
0,0,0.9936128032811451,0.0011822087948670905,1.6811568598466102E-20,9.298126851077948E-16,0.005204987923986755,
0,0,0.9921916255081343,0.00755412809853136,1.39825340706312E-20,1.924897536116119E-21,2.542463933345138E-4,
0,0,0.9978124599827742,0.0020808137616417782,1.1044589385583957E-20,8.924208858960473E-19,1.0672625558393441E-4,
0,0,0.9852773255715543,0.014545577114888214,1.7509716698538075E-20,6.662431529141578E-22,1.7709731355741517E-4,
0,0,0.9915965550700969,0.008285141777850464,1.4476761084861993E-20,8.067427607922722E-19,1.1830315205274179E-4,
0,0,0.9630964336852824,0.03295981924456569,2.5781820961752756E-20,9.266697446288584E-11,0.003943746977485101,
0,0,0.9824683902511147,0.017035170370108176,1.8896592391063046E-20,3.6107445594906165E-16,4.964393787766605E-4,
0,0,0.9972261860279946,0.0025728023646498753,1.0977713662079445E-20,3.0921999490916696E-26,2.0101160735549258E-4,
0,0,0.9387849715909888,0.060403519783831475,3.059676413623621E-20,2.6133404494117395E-9,8.115060118392827E-4,
0,0,0.94834867269011,0.05068004008061961,2.6736491375160292E-20,4.390131719794206E-11,9.712871853691755E-4,
0,0,0.9733513492434278,0.023667210763487552,1.905748667300427E-20,3.581051278120347E-12,0.00298143998950367,
0,0,0.9615811122829758,0.005675083743624228,2.603136045669308E-20,8.185988720419234E-12,0.03274380396521391,
0,0,0.9709628515555897,0.0034405297138454427,1.3863131501275496E-20,3.3690133992694453E-6,0.02559324971716584,
0,0,0.998835344861432,6.651049167516102E-6,6.6593944195677594E-21,2.4046885335800137E-21,0.0011580040894004855,
0,0,0.9898849452852769,2.9320072274980583E-4,1.0175509895822663E-20,4.096470373339109E-13,0.009821853991563614,
0,0,0.9597323443784401,0.0011684485155849399,1.1910216134253522E-20,8.144460007673333E-8,0.03909912566137485,
0,0,0.9929667325410138,8.592186440458269E-4,1.8574495380805184E-20,1.1592577869611361E-16,0.0061740488149402304,
0,0,0.9730524517805901,0.01861295620279262,3.304960979621099E-20,1.8127018549025697E-7,0.008334410746431781,
0,0,0.9590733224680184,0.026547481781986685,3.330606014193972E-20,1.6073741534392901E-6,0.014377588375841407,
0,0,0.9994200418860287,2.033952152622789E-4,8.769654787992232E-21,4.805628472986763E-19,3.7656289870912447E-4,
0,0,0.9778247522865336,0.0028795423231707065,1.2474407667815917E-20,8.397289484129916E-6,0.019287308100811466,
0,0,0.9368553358273175,0.011839067367945924,2.427251602692585E-20,8.352743821934005E-12,0.05130559679638386,
0,0,0.9904495910164228,0.002408441075995127,1.6845520565486666E-20,3.865492718585786E-19,0.007141967907582174,
0,0,0.934124136793423,0.02141679057115499,1.8587706248993185E-20,1.022230662428301E-11,0.0444590726251996,
0,0,0.998366702559156,3.0896828515398806E-4,7.537479544558079E-21,2.805930874077457E-17,0.0013243291556898754,
0,0,0.9977238238845367,4.440892963875267E-4,1.1418604310172225E-20,6.690511901630854E-24,0.0018320868190756343,
0,0,0.9808147955737311,0.018909648420816293,1.9377017982634817E-20,2.143502908795759E-19,2.7555600545260065E-4,
0,0,0.9980861845454116,3.610388577192214E-4,1.0214136857962581E-20,2.0318883883892622E-18,0.0015527765968692097,
0,0,0.9952127283109591,9.61279289308636E-4,8.096225276069817E-21,1.0101271292614207E-7,0.0038258913870191807,
0,0,0.9973474953310368,3.8077866544940656E-5,4.625546338413468E-21,2.3339602669493647E-13,0.002614426802184958,
0,0,0.9994951810255014,1.5085059113553391E-5,4.520346138264409E-21,1.4042589929576855E-18,4.897339153849527E-4,
0,0,0.997304655169728,0.001424006950713062,1.07878135374898E-20,5.652556871654658E-9,0.0012713322270023412,
0,0,0.9961621205348117,0.0013244245313564224,9.54845621551725E-21,1.4109275146894468E-7,0.002513313841080445,
0,0,0.985539938933983,5.974402811004643E-4,9.107960782788275E-21,3.600409981263146E-5,0.013826616685103777,
0,0,0.9980042075426774,1.0573711449373625E-4,9.326890100372895E-21,6.237404131175507E-16,0.0018900553428281468,
0,0,0.9933595419750038,0.00587271124427636,1.4348830375805796E-20,1.287657447888581E-18,7.677467807199184E-4,
0,0,0.9867279962887401,0.013255675076143938,1.3573808599637083E-20,2.6108864914466454E-25,1.6328635116112683E-5,
0,0,0.9938917248020008,0.006094771791842969,1.3839510150444017E-20,2.6588812404140367E-25,1.3503406156202567E-5,
0,0,0.9999212545578609,1.3231216442779146E-5,5.477885099614608E-21,2.0267043860077034E-37,6.551422569642034E-5,
0,0,0.9974602690180567,3.6435590362869034E-4,9.632823859313238E-21,6.384691278093342E-8,0.0021753112314017936,
0,0,0.9876796715698919,0.001376524556953103,1.2147621049382815E-20,4.6248153547846446E-7,0.010943341391619631,
0,0,0.9916008964090021,1.697155127545883E-4,5.335112659889257E-21,1.5697754807810826E-8,0.00822937238048836,
0,0,0.9906335279514094,1.9991934678901591E-4,5.490972405216048E-21,4.09773006251981E-8,0.009166511724501017,
0,0,0.9464316923460143,0.0047797015205413235,1.8368588913895217E-20,7.839129421635421E-4,0.048004693191281006,
0,0,0.999872881689035,3.826428469229923E-6,4.751146787938907E-21,8.833681066413893E-32,1.2329188249559262E-4,
0,0,0.9971915855631531,4.051174852104216E-4,6.289928094282401E-21,4.5622646197885797E-17,0.00240329695163649,
0,0,0.999413830962733,1.5012704116826525E-5,6.13793297441717E-21,2.9262834721687634E-22,5.711563331501001E-4,
0,0,0.9998962864505528,1.034457736154616E-6,2.824083690447505E-21,3.048423566363927E-34,1.0267909171103675E-4,
0,0,0.9999967270586138,2.5309383685946377E-8,1.995712529628225E-21,3.0010974891714984E-49,3.2476320026833213E-6,
0,0,0.9590606962502111,0.0016924496084630568,1.8485155030589596E-20,6.172477394387868E-9,0.03924684796884848,
0,0,0.9954335547533686,0.0035566856086826065,1.3224203087431042E-20,8.760321882746154E-13,0.0010097596370729212,
0,0,0.9655956240504753,0.002906594583378107,1.6777646881262538E-20,4.4074303602655555E-9,0.03149777695871611,
0,0,0.9951792617333243,8.555076049721283E-5,8.631950083212138E-21,1.5112322388336781E-15,0.004735187506176963,
0,0,0.9811081161947105,0.011035913852388992,2.669860298715801E-20,3.3378220386306213E-10,0.00785596961911845,
0,0,0.9982629134653973,1.0426834816197195E-5,6.89503247893309E-21,4.0859736239030833E-25,0.0017266596997864612,
0,0,0.9988009115923541,1.132047301094341E-5,4.4234266081201504E-21,3.1678446210505858E-15,0.0011877679346317697,
0,0,0.9885676729223312,4.8208043528401355E-4,9.078250355083481E-21,4.9649992280517124E-8,0.010950196992392596,
0,0,0.9879686741434215,0.004878128045796928,1.921146471257553E-20,6.567551293828795E-8,0.007153132135268872,
0,0,0.9999269347372896,7.967479317080115E-7,4.067833320141155E-21,1.750387274835473E-32,7.226851477873752E-5,
0,0,0.963749035151459,0.008019940827419915,1.8300678583593198E-20,1.6528080351251794E-5,0.028214495940769874,
0,0,0.997542697352797,0.0010550641525303387,1.0610795849324961E-20,5.437705840639521E-12,0.001402238489234899,
0,0,0.9823258970214123,0.012324024478755063,1.6823697028042372E-20,4.875650596942543E-4,0.004862513440138388,
0,0,0.9124870535550784,0.020277658869310818,2.1314179360905156E-20,7.336788927087884E-5,0.06716191968634001,
0,0,0.9875095239607841,0.005709035500274307,1.8305346177299812E-20,2.7234410202701724E-15,0.006781440538938853,
0,0,0.998902114534026,2.4067774484089793E-4,1.210902694388735E-20,5.615893523986719E-25,8.572077211332357E-4,
0,0,0.9845762687459318,0.013567368632150684,1.362392367041658E-20,2.914160595471334E-5,0.0018272210159627827,
0,0,0.9697613466500478,0.029700881103348883,2.1460318375869328E-20,4.318406985171143E-12,5.377722422848676E-4,
0,0,0.9939881193281276,0.002565069267263578,7.74330370051495E-21,8.193101432062017E-10,0.0034468105852985477,
0,0,0.9909026540697378,0.008963111589613095,1.378606794118755E-20,2.7083387081928866E-17,1.3423434064920836E-4,
0,0,0.9751265744262498,6.155759362417383E-4,1.1557373540703507E-20,2.222057259158129E-8,0.024257827416935586,
0,0,0.999882496151232,2.5122487517910445E-5,4.434328205539941E-21,9.424540662826771E-32,9.238136125003654E-5,
0,0,0.9828179505703679,0.0027865436040210136,1.0004110629369613E-20,4.463421341026388E-4,0.013949163691508648,
0,0,0.9834719555753354,0.0013740275107610846,7.309116422883112E-21,7.484467458817103E-5,0.015079172239315299,
0,0,0.9829396121401074,0.009316742765025319,2.0368030433009237E-20,6.412728204835837E-5,0.007679517812818892,
0,0,0.9962729584007918,9.533062870478406E-5,8.99241308123602E-21,5.471413906519846E-18,0.00363171097050332,
0,0,0.9985191671134608,5.871581465518867E-4,9.042799566726136E-21,3.6116659333775882E-16,8.936747399868423E-4,
0,0,0.9984653140528563,6.282947890541851E-4,8.710896447540227E-21,3.956107551566494E-11,9.063911185284484E-4,
0,0,0.9986949575873594,2.65514006052911E-4,8.555055015734854E-21,4.2909728410437655E-18,0.0010395284065877152,
0,0,0.990974667012508,0.006236336586474788,1.375378922579294E-20,1.0759378372943494E-4,0.0026814026172878856,
0,0,0.9999996142080957,5.234918213900566E-8,1.2609716842865503E-21,4.777661234774914E-49,3.3344272213846726E-7,
0,0,0.9817988912659095,0.017556403978128875,1.6949259900336635E-20,4.582907823914187E-9,6.447001730540173E-4,
0,0,0.9999999999550921,3.731560683995589E-13,2.313283684617789E-22,7.74718412244531E-96,4.4534517079713376E-11,
0,0,0.9689981391295237,8.920563747287672E-4,1.3311763092944448E-20,1.980744007178433E-8,0.030109784688307467,
0,0,0.988317193798277,3.8353066535192957E-4,7.453737885008343E-21,1.3518705199328323E-6,0.011297923665851207,
0,0,0.9858610961682167,3.181263983263452E-4,7.392726432399674E-21,4.9108042336588945E-9,0.013820772522652612,
0,0,0.9948116759793376,2.522784592341407E-4,8.307268414288371E-21,6.51797331749447E-11,0.004936045496248707,
0,0,0.9980445174916527,1.226343212198763E-4,4.459668055233502E-21,3.266925772759029E-14,0.001832848187094857,
0,0,0.999500526666554,6.501112471645528E-6,5.4350803444645455E-21,2.205582462454638E-28,4.929722209742886E-4,
0,0,0.99997852082134,1.556103033242841E-5,3.7846969053855974E-21,9.90995950772728E-38,5.918148327671618E-6,
0,0,0.9781082883841627,0.006370153633678867,1.979643769137287E-20,6.512847228686711E-8,0.01552149285368608,
0,0,0.9800256340636372,0.019162169750229035,1.663318801265184E-20,1.0848349671433316E-6,8.111113511668121E-4,
0,0,0.9999999999951952,2.928252304893195E-16,5.869754725321836E-23,5.4212282578351296E-101,4.804615406373083E-12,
0,0,0.994865000550566,0.002614836365970476,1.374860857245294E-20,9.089751158228826E-9,0.0025201539937123973,
0,0,0.9939305582927661,1.6137184837785402E-4,8.761791729289506E-21,1.4951071474187094E-11,0.005908069843905012,
0,0,0.9895502773394393,0.005940909108267131,1.5960062085264175E-20,1.1801600866535668E-4,0.00439079754362826,
0,0,0.9918782480194848,0.0012630409344678625,9.960393966962275E-21,1.7561717631114483E-7,0.006858535428870958,
0,0,0.9975377987139595,9.2579525974363E-4,9.937532308508378E-21,5.941787029301896E-8,0.0015363466084265564,
