0,0,0.9999977989935961,1.7307611209878705E-11,1.941248190472491E-6,8.779453279060274E-12,2.4744237671978585E-9,8.071596688823533E-9,1.0242636838292073E-7,1.576664979795888E-11,2.2322424256181915E-8,1.2442154662876674E-7,
0,0,0.9999999164784418,2.0610271693820015E-14,8.5153279201207E-9,5.719695476391446E-14,7.779306226078844E-9,1.393237736704496E-11,6.70643519584487E-8,7.832959261422961E-14,7.87490398777083E-11,6.973421083338745E-11,
0,0,0.9999995690744691,5.383500182272529E-13,4.729758690173534E-8,4.369652053062401E-11,2.7525283500158282E-8,1.734349394765225E-9,1.0987239726362311E-7,3.038939138845974E-15,3.145775297422707E-8,2.1299392244075742E-7,
0,0,0.999999978017432,1.379984874987008E-12,5.465829238361165E-12,4.745379848766215E-15,2.759000574384235E-9,2.6213226516850456E-10,1.2533762723173677E-8,1.2774360206847138E-11,2.9038650330688093E-10,6.117660868177894E-9,
0,0,0.994970637298309,2.1854463240979772E-8,1.024672099871872E-6,2.3128393560688766E-13,0.005028206348043956,5.347730591803173E-13,2.1692823651118082E-8,8.228703665414345E-8,9.023152145277022E-10,4.94414215828015E-9,
0,0,0.9999990543638069,1.6574908483641087E-12,2.1137010173487913E-9,6.181693836645351E-15,8.893382269260169E-8,8.172198733700812E-11,8.504738101178095E-7,1.4975377417484053E-14,4.5578190717864345E-10,3.5756769742558514E-9,
0,0,0.9999989391879489,3.6178314835154545E-17,1.0161682018634597E-6,6.264201844774965E-14,1.5471390621201406E-8,2.5123368042227766E-14,9.192920387339006E-9,2.328755266473337E-14,3.376351543452608E-10,1.9641791937211527E-8,
0,0,0.9999998666451246,4.500977488611896E-15,9.308037053062841E-11,1.1180036664148746E-13,7.90625215153307E-9,3.459957249688584E-9,7.927134283124348E-8,8.556705002777723E-14,6.539997598143575E-9,3.608404313644931E-8,
0,0,0.9998819371228775,3.3282400662744666E-7,5.545767128789459E-8,1.4004750099887718E-10,1.143243673587006E-4,1.251660738155642E-7,3.2225843760023966E-6,6.362776569096599E-12,1.7760667644365066E-11,2.3134652314967646E-9,
0,0,0.999884882397879,7.792058093989261E-10,1.4148388799858195E-7,1.3400224988628934E-10,1.2792939921399453E-5,5.040728865177405E-8,8.949633382717147E-5,9.143209453353685E-8,9.975468417247817E-6,2.5686234757902013E-6,
0,0,0.9999921289459597,7.509840179017716E-16,4.735949960578535E-6,2.0237802865677524E-11,1.2815421355363646E-8,1.9345526609933746E-10,2.2030069628835138E-6,4.307013483209906E-13,1.0235897898019895E-7,8.167085920902182E-7,
0,0,0.9997274659590363,1.7294204441442847E-4,1.980918422659521E-6,9.579241624641624E-12,7.305581038859295E-5,1.2578704922996344E-8,9.159018077710261E-8,3.0228922123568486E-6,4.870275488856113E-7,2.0941169511686543E-5,
0,0,0.9999998968068291,1.3707728745591427E-14,2.1727250758230328E-10,1.1413642041900579E-15,2.636408002274289E-11,2.1578438598905776E-10,8.455425696787642E-10,4.525838926844012E-12,6.542211393974982E-10,1.0122944551740078E-7,
0,0,0.9999999882462279,5.843495257600001E-14,3.6781332376129337E-9,7.58343731345191E-14,1.551384139566243E-9,7.676048991841448E-12,4.275865410015527E-9,1.0174745578857948E-13,1.9634545330738073E-9,2.7702269850043055E-10,
0,0,0.9999996974732355,4.986556915437441E-15,2.259971952061113E-15,1.0571153493925801E-16,1.1957789413419297E-7,3.595650061563251E-13,1.1846380740684522E-7,1.585055104373834E-12,6.524610930042363E-9,5.795850077817287E-8,
0,0,0.999999440983233,8.76892412223075E-17,2.0235543566626058E-7,2.2546144876900713E-13,3.8079055913127657E-10,2.996157940725717E-11,3.079529246856257E-7,4.235323055449992E-11,2.1392825467109827E-9,4.611579357559763E-8,
0,0,0.9999994857725816,2.623441212004251E-11,4.3348850877509554E-10,6.069360765176524E-15,8.455618786681003E-10,4.210654793500106E-10,7.899229627684056E-9,7.397911468179203E-13,1.48783900840504E-9,5.031132535891157E-7,
0,0,0.9999994828074591,9.992250832895458E-17,2.871556865524466E-7,2.423356390013467E-15,4.018771936584734E-12,6.423811460587787E-9,2.281841653879175E-8,6.305708736474408E-12,4.8184775399665166E-8,1.5259952410162997E-7,
0,0,0.9999998944998185,2.2998679791182605E-13,1.3281649607835717E-10,2.870636613664476E-12,6.51808782027159E-10,1.1377918715009297E-9,1.1462665452268136E-8,1.0274115959218458E-11,1.6502165461694043E-8,7.559955861532142E-8,
0,0,0.9999999966844113,1.404593829023552E-12,1.30553557346434E-12,2.761377315276337E-17,3.2325190868502346E-9,2.0767859998798105E-13,3.7236974855129944E-11,2.270410398600704E-16,1.4678850907495532E-13,4.2767697467930974E-11,
0,0,0.9999932044134935,2.2540525305171164E-14,6.222642952890255E-8,2.1573671731020713E-14,1.3241922704948513E-8,1.5239182170552896E-10,3.3072796608010602E-6,4.8030955028501314E-14,4.4367589060309374E-7,2.9690101192035626E-6,
0,0,0.9999988673218136,1.1647605549743305E-13,7.809376224832238E-7,2.626367067787209E-7,1.8312776983861638E-9,7.352179050184323E-15,6.205919282388996E-8,1.9210638471670574E-8,6.0020066688160836E-9,6.174402714277354E-13,
0,0,0.9999373953423026,1.2695947289290922E-8,2.534177022180097E-12,2.7611163056725535E-16,6.259081847253554E-5,8.775838668226707E-13,3.901201629798176E-10,4.061115282867588E-13,2.394061119494678E-10,5.099329303828316E-10,
0,0,0.9739705966661522,1.2138196459906555E-10,3.058631206844112E-9,6.260855551864975E-14,1.9076126287158426E-6,5.909093103514059E-7,5.618330717705244E-5,4.59100214563953E-9,6.841418049392763E-6,0.0259638723156048,
0,0,0.9996748246994203,1.2116144698987835E-9,4.473106939309578E-8,3.0886161545559886E-13,2.259290990346159E-4,4.6224562675151166E-10,1.545646176052897E-7,2.208567548344344E-10,5.263753615148369E-7,9.851863547104157E-5,
0,0,0.9999978662474468,5.956531831583289E-14,1.3333967150868915E-6,9.027689144993414E-15,8.002273771627561E-7,9.172150892942615E-15,4.366035401511972E-11,6.62842491057843E-11,6.761243984413209E-12,1.1677466294635034E-11,
0,0,0.9999999783816567,8.20492548084067E-15,9.924858356000848E-9,1.5044757347019973E-9,2.5774108595244313E-9,4.947883400194357E-14,2.741409811233464E-10,2.288467865162917E-9,4.9713823005244265E-9,7.754941556627288E-11,
0,0,0.9991648142927991,7.667770543111844E-11,2.3997020553056974E-4,1.3903544790349366E-11,2.9585813892407534E-8,3.88993135324488E-5,1.991020280916863E-6,7.264863507408236E-9,3.7105029442627174E-6,5.505777236542586E-4,
0,0,0.9999948551402928,2.3139935345607126E-12,3.973376505615559E-6,5.236165416570997E-12,6.429590187772836E-7,9.314948537283544E-11,1.5701492946635425E-7,1.3193676941858866E-11,3.583452327515735E-7,1.3050127245589133E-8,
0,0,0.9738742379136383,6.813665528298002E-7,8.525519314205732E-6,5.4600300888732686E-8,1.2873273529377693E-8,5.720718489978816E-6,2.210774746038613E-9,3.8925007076400385E-8,1.949812100106764E-7,0.026110530891438822,
0,0,0.9999999350026969,1.3763257454877313E-11,7.47953806667544E-14,3.0219110739263615E-13,1.9741374065036773E-8,3.72679142058522E-10,1.2514473911647441E-9,4.5066198333414286E-12,1.4129882521586827E-10,4.347185673161747E-8,
0,0,0.9998581823208889,3.138598647766423E-7,4.816871313509326E-6,6.196628985301254E-8,1.263546050400674E-4,6.586581896624204E-12,3.217826187921031E-8,8.35373882911173E-9,1.1975429821817546E-7,1.0110083717118756E-5,
0,0,0.9998914004784147,7.941925367008485E-13,2.455496626719734E-5,4.8762297668606915E-8,1.8252776759163694E-8,2.2916275990444687E-10,5.222412929163472E-7,2.1009162681239535E-12,1.4255834251781313E-8,8.34408110586944E-5,
0,0,0.9999926337508184,9.363998833650836E-15,9.19749100751827E-12,1.117833694300998E-15,1.6973650610745944E-6,6.348716408865891E-10,5.654165261099692E-6,2.5477231478523865E-12,1.4004444161264492E-8,6.77881529812964E-11,
0,0,0.9999999975770548,1.088716936872395E-20,7.406360934258009E-14,3.995822732675407E-18,1.7457300935575047E-11,3.58628373089753E-18,2.3923356244610425E-9,7.576380765178668E-16,1.3074782638636763E-11,2.4649396290015453E-15,
0,0,0.9999996138671764,5.586620027970214E-19,7.711040659006307E-8,8.633582739869769E-16,3.4065749865767994E-11,1.3815333912926524E-12,3.059769674224679E-7,2.5811971852936217E-12,2.9734111074604196E-9,3.400894296664025E-11,
0,0,0.9999993840898896,1.1122437709331099E-15,5.957389886821094E-7,4.3955472241589123E-10,1.4909807894914033E-8,3.102418713747467E-13,1.0278819254770635E-10,3.436497758833087E-9,1.3660920694932434E-11,1.2685007406517783E-9,
0,0,0.9999621559543294,1.0372694625910445E-10,2.6479471561872684E-9,4.4273540940986164E-11,1.0210055623878546E-7,4.787663616898313E-8,1.4621089150549898E-6,1.2179688496494244E-10,2.946635687126392E-5,6.762684947649269E-6,
0,0,0.999628767079923,2.000303569094415E-9,3.3799884583406615E-11,1.1535736009614429E-20,3.712304186620621E-4,8.39897922596884E-20,1.958053776382312E-12,8.752856063302726E-12,1.480200574623598E-11,4.4179840665225387E-10,
0,0,0.9999999865060398,2.2365886421980484E-19,2.503335575432422E-10,1.2673137131942916E-17,4.058301357607969E-11,4.751266987937535E-14,1.26168703920049E-8,3.377216715835485E-14,2.31686183195783E-10,3.5440568942341996E-10,
0,0,0.9865904830640152,1.3064950760371147E-8,2.251222131193242E-5,2.0200280483566773E-11,1.1555785114044226E-5,3.72782270187975E-5,1.081432850090324E-8,1.2030609921340816E-8,6.851214752924727E-8,0.013338066260303141,
1,1,1.363627465888608E-11,0.9709925161140424,1.1545593711515844E-5,2.141364920120653E-5,7.534808803735628E-4,1.358693213013768E-9,1.0879779258728577E-9,0.028011293487190544,2.0959544996228263E-4,1.5236521108889198E-7,
1,1,3.666136697500668E-12,0.9647683540827591,6.616024010878239E-4,5.485465441335634E-7,9.836327127138019E-11,3.558364907457134E-12,3.796772459436745E-11,0.033170692739761656,0.001398418686083404,3.8340020797289174E-7,
1,1,1.1594614631988108E-8,0.9966103303244532,0.0033364318099483995,9.095492730976665E-6,2.928941256168641E-5,4.748200577731503E-8,9.235115879314258E-9,7.888552162918681E-6,4.381327030587689E-7,6.457963703470661E-6,
1,7,1.7473200721980927E-11,0.23626024439098794,7.171291418285814E-4,0.002239757850076173,0.007450223945537651,0.0026192057951219413,1.669639012886163E-6,0.7383222987913126,0.01106094301458651,0.0013285274140626138,
1,1,9.022026059039212E-13,0.9959727707022917,3.534008420765619E-6,2.573241969547183E-7,1.0664883391142533E-5,6.845530926811298E-13,7.188187514102801E-9,0.003921282529764633,9.128152778791996E-5,2.0183437241394143E-7,
1,1,1.6536095888166434E-12,0.9592464425325683,4.5417289877477466E-5,2.9622351927036624E-6,5.97410676392696E-5,6.58844018604217E-11,3.702252192476297E-8,0.04046137313691784,1.8401303574085316E-4,1.3612003482182059E-8,
1,1,2.2033070501199103E-10,0.9847379853946097,0.0046326458761053995,2.5741189507657714E-7,4.793986028645895E-5,2.2103327899589773E-12,2.0539195930533277E-7,0.010345652394516855,2.3456116870034617E-4,7.522793858981668E-7,
1,1,5.16542282044713E-10,0.9990646321622909,2.7626451913250764E-8,5.530267750038826E-6,9.245544658543674E-4,9.877821309798867E-12,1.706735224111113E-13,3.4046394540833414E-6,1.2754856181596798E-7,1.7227630459761823E-6,
1,1,1.5288859340463514E-8,0.9991870255086323,2.620463334130081E-7,8.563711467953558E-6,8.064249550766148E-5,5.734486725377651E-15,2.421069501258087E-12,7.149664005047331E-4,6.722837161770571E-6,1.801709106106709E-6,
1,1,1.0264974740143089E-14,0.9949342191577938,3.0139157358537974E-4,2.956638903676202E-7,2.6641601236511845E-9,1.936620408691835E-12,4.643717833495991E-13,0.004762852154910878,3.7519989044801155E-7,8.635833577698101E-7,
1,1,5.520104751658941E-10,0.9997051082498678,7.246618690167532E-7,3.7993627967458205E-5,6.599182911049537E-8,3.4533188397369157E-7,2.6127656508498267E-8,2.543666398391914E-4,1.684583699142421E-7,1.2003587063942137E-6,
1,1,7.35281794726639E-12,0.9998197235020887,5.1575645757224195E-8,4.06463482259077E-6,1.0524193525195419E-4,4.757319619222607E-10,2.5192167267463033E-14,5.437687464346745E-5,5.638514657976909E-6,1.0902479779757371E-5,
1,1,1.9529344779460256E-9,0.9908360995321173,2.0149180023508757E-7,1.8612463541194358E-7,2.1409243114443193E-5,1.9818545999389766E-10,3.070096557880478E-7,0.009141270484533563,5.033041868966875E-7,2.0658836391544084E-8,
1,1,6.658137786956628E-10,0.7843036201591678,0.012081033198654431,0.16061582448310233,2.552004914666821E-5,9.139829517275697E-7,4.512842724093232E-6,2.981322422146101E-4,0.042665341065732665,5.101310491754218E-6,
1,3,3.2832822695272428E-6,0.06765950833629894,0.0033036974424018282,0.8631794387073579,2.743081749633345E-5,1.1805210196273779E-4,1.4832400114720295E-7,1.3099254183247676E-7,0.020235352139046245,0.045472957856623544,
1,1,1.3347143560384618E-8,0.9916066035922908,2.6198684631656878E-9,0.003329935825561376,0.002635280330492057,2.7281601250571625E-10,1.8303470877192458E-12,1.706283391721126E-5,0.001380373479117083,0.001030727696963036,
1,7,1.324559220738427E-9,0.35538891524029237,0.028981576978800716,5.21819909205525E-6,9.871615539339604E-4,0.010150328151474632,1.0927578898686088E-4,0.6033144154247257,0.0010292635207523782,3.384381738217553E-5,
1,1,5.577111446945373E-11,0.9775547531245733,0.001602371657062907,1.0940962572058743E-7,1.945373935299096E-9,7.430330085976636E-14,3.841442013095211E-10,9.450378900097451E-4,0.019897529176752665,1.963566121683687E-7,
1,1,5.035921985828318E-12,0.9935926672994176,0.001152963681968397,1.338103289733936E-5,3.500459178321179E-8,7.469316432065119E-7,1.1059999666328233E-8,0.005181743715967385,4.670097994863245E-5,1.1750288530353577E-5,
1,1,3.3099685340764086E-13,0.9991050148981315,8.104961135268252E-10,2.9088152402139447E-6,8.907008006574369E-4,1.144894373880109E-12,1.714612555315601E-13,1.0688620064304601E-8,3.8587770806541864E-7,9.781074992114031E-7,
1,1,1.6562029305520143E-10,0.6306979074754632,4.073291062406257E-5,2.1274065639141277E-4,0.0014364907515496102,1.9124619083513419E-4,2.007009025112747E-7,0.36613893857421864,0.0011686343763215646,1.131081980736919E-4,
1,1,1.7288584404172524E-13,0.9151431087466165,3.295869957047334E-4,4.8631681740761346E-5,4.175808289976619E-4,5.504379237281719E-7,2.1625454501750287E-6,0.08377542915745635,2.751800138608546E-4,7.769592076325747E-6,
1,1,1.6326742020573115E-9,0.9725015591181612,4.0224208925656786E-8,1.0326923378908804E-6,0.02734260950331522,4.4003434322357216E-7,3.3887302831163887E-7,3.0267405316940058E-6,1.2588092475006302E-4,2.5070256648995264E-5,
1,1,4.723229399336742E-9,0.9900316235478037,2.6658124360354437E-8,1.2550746314286563E-6,0.008638497221598596,1.9023760628094904E-9,1.694092222976515E-9,5.212039199555583E-6,2.379272546802993E-4,0.0010854498842639711,
1,1,2.7504866719897177E-8,0.9801194105074613,4.248167549546342E-8,1.5522400812285017E-6,0.019769797208131677,2.1391998510100282E-10,2.7317763469601856E-10,2.0481439079178506E-5,3.2710288511355837E-7,8.836102872148068E-5,
1,1,4.106278639034891E-11,0.9924000656743368,1.492502439359647E-6,8.512236975861508E-6,0.007295257018129311,4.293509644551217E-9,1.1727487141333179E-8,2.3838154643322177E-4,1.8896027190581147E-5,3.737893243529217E-5,
1,1,1.7678597601540866E-15,0.9997353680773933,9.36682500727306E-5,1.7061607616254552E-4,7.11636200522931E-11,3.082248473417127E-8,7.311371329124496E-10,6.893828108304259E-8,1.6730857567226982E-8,2.3030244559585035E-7,
1,1,8.329059455449876E-9,0.9976129581951261,3.286310642084743E-7,0.0011610633865816468,1.0160913185475057E-4,2.160952073248972E-7,1.6128474587351208E-9,9.941063732539564E-4,1.1341333620450232E-8,1.2969690367157605E-4,
1,1,6.14038762600375E-11,0.9597844113029999,1.3175823091022732E-4,1.0262433483239503E-4,2.2607276871823754E-4,1.4989135727118345E-4,3.385042241332163E-7,0.038619195298990855,9.704140671013518E-4,1.5294073547548913E-5,
1,1,7.269730077192622E-7,0.9969449248691756,1.1498207374476232E-6,1.4478074805944877E-5,1.1287944718326423E-5,2.993236341355738E-9,1.7826519548590395E-8,0.0029009014421745552,1.2646578279522412E-4,4.427282916673865E-8,
1,1,6.988249512023092E-13,0.9019240142342659,5.229467023055359E-5,5.7082261193600575E-5,9.530636652400596E-4,1.2590949994667408E-5,3.5506652626873894E-8,0.09699845473409281,1.8499064545530708E-6,6.140711763347956E-7,
1,1,7.010092400897199E-11,0.98615710123282,3.6445006599987715E-5,4.2824974043590273E-5,0.001469108874198725,3.141190919845682E-10,2.3884745071207138E-8,0.01201371416531662,3.4660607755745606E-7,2.8043487197806894E-4,
1,1,5.122051800673238E-11,0.9991055429777702,6.120065823899111E-12,3.080873495825183E-4,5.590255035049371E-4,2.7456695351048237E-11,5.2723342008623473E-14,6.842759287470303E-7,1.8136085628343692E-9,2.665799475502223E-5,
1,1,2.5862189532226513E-9,0.9801277443966665,3.284241117621086E-7,2.3938260056933694E-6,3.7842853846911364E-6,9.03392740039817E-10,1.90030770072975E-8,0.01978790951853903,7.337309852903002E-5,4.443958074524243E-6,
1,1,2.378771208026972E-8,0.999878010371103,6.113258210087861E-7,6.143496528977243E-5,4.646488298388748E-6,1.775395629521058E-8,2.55083898644345E-8,4.318194309284295E-7,1.5885670684848073E-5,3.8912309314079256E-5,
1,1,4.054726677480487E-6,0.9994195872995462,4.841858488847511E-8,3.5697933679688827E-6,5.13807881255134E-4,1.5437743987059447E-15,8.956202267584681E-11,2.9206768661609495E-5,3.519823090112367E-6,2.620519925315716E-5,
1,1,7.498628275248983E-13,0.9716612840428498,1.2355472294044633E-6,7.846937043716805E-5,2.837961585039537E-5,2.5735259213094504E-7,8.508793610839655E-9,0.028224800733546822,2.869632868510849E-6,2.695195082034878E-6,
1,1,4.0132582082709944E-10,0.9291863170452263,0.01412005134173676,0.05649441398632785,5.8993715246622996E-6,1.1374182707904116E-5,9.095349410012139E-6,5.026590455206228E-6,3.7852939971224354E-5,1.2996879131422186E-4,
1,1,3.618704212549555E-8,0.8949404488576663,3.831320886205188E-6,3.185985970203031E-4,0.1047000957219498,6.771793705473805E-11,1.1856915219600905E-9,2.418891197962593E-5,4.911556556312389E-6,7.887593489952042E-6,
1,7,1.13406844099714E-12,0.04711429265224545,0.03266662962201355,2.534814514451446E-4,1.3103527287830503E-8,8.246844653375891E-9,2.903562782457874E-10,0.7654994063456309,2.843825886041627E-5,0.1544377300279423,
2,2,1.421967012283827E-10,3.9402945216357845E-9,0.9998422730215941,3.9913878929169616E-8,1.1223673417797614E-14,8.659807162308517E-11,3.483016436010523E-8,1.864489111145559E-11,1.5764448582508434E-4,3.5607922440262054E-9,
2,2,1.651135985478898E-5,0.005731557617502678,0.9568329866635565,1.0831253340276383E-7,1.3584030101241348E-4,2.927977090158838E-4,1.7116335403186755E-7,2.0308271273625355E-5,2.6675583870955014E-5,0.036943043018025715,
2,2,1.8999399706578057E-7,9.130004054818766E-9,0.9993950927757039,1.5042757565645497E-4,1.1203716309872663E-9,3.182255319949437E-9,8.961151269844484E-9,4.814617198295492E-5,4.0612097322428214E-4,1.1565329697068404E-10,
2,2,9.215668344858886E-6,1.7880592017201383E-5,0.6271152993481454,0.017172708115389925,2.81563890763252E-9,4.5990079298841984E-7,1.6477173606153746E-8,0.35239296484794064,0.003291446646848074,5.587708336614442E-9,
2,2,5.094918903431255E-5,9.241569734370237E-5,0.5306248199742615,7.254767302396809E-9,0.4691381158200435,6.549570781494499E-8,3.489868505919182E-5,5.774450930969464E-5,9.531277456140415E-7,3.024672723201133E-8,
2,2,3.761938413702145E-12,7.736750876568298E-13,0.9924145199093821,1.3388046203313373E-6,2.9220770615001764E-13,1.6494785412219986E-10,3.2777503807144394E-9,4.015242895758466E-6,0.007579913222695434,2.0937288012987105E-7,
2,2,9.758921103715722E-11,3.026917663045949E-4,0.8707222255169752,1.6519608616946566E-5,4.929358991164899E-5,1.7375107877659563E-5,2.7789438879803545E-6,0.002219817032899087,0.0887243508830211,0.03794494745291653,
2,2,1.2778574667411654E-6,1.6956106204108985E-5,0.991930206607846,2.807731471186698E-7,1.803515701938257E-6,0.003345016400606166,5.361458727476554E-6,0.004453644202448208,2.454491644152879E-4,3.91343710285326E-9,
2,2,2.019188606071397E-8,0.09678250162732809,0.8533931335509505,2.324591745047354E-7,8.129239546746281E-6,1.024326989929123E-5,5.621039414562111E-5,2.7256090770365967E-4,0.048759388323178984,7.175800361864516E-4,
2,2,1.8904233840623813E-6,3.2906867372491367E-6,0.9998704699633683,2.4431984302976717E-6,4.972921522786423E-10,1.6751957530710643E-7,1.774178856368228E-5,7.829293821832042E-8,1.0385906751833417E-4,5.856219253799291E-8,
2,2,2.55940909167187E-4,2.580815600235086E-10,0.7316523314052108,0.22304831183412335,9.969356599921598E-8,1.4675043937620953E-5,0.04267782742590329,6.559098713212061E-4,0.0016948320651379498,7.149355114651112E-8,
2,2,1.5641946129478493E-8,4.1565491584160725E-4,0.9782554209351163,8.27651569347788E-5,3.690892445254156E-8,5.010558704855858E-4,2.4801687779937233E-7,0.003160020287274843,0.017489693451881883,9.508881471656909E-5,
2,2,2.6058601198092628E-5,1.0164808374400729E-7,0.999491616803717,1.465625329126712E-4,5.977004935983869E-10,3.0038210617668494E-6,4.2397438564147374E-5,1.9771266692198014E-6,2.882813908764007E-4,3.921676087325654E-11,
2,2,1.9542302484832305E-11,2.3255630666309883E-5,0.9991377884522775,1.0500743846340647E-6,4.250098300257692E-7,1.2350468560724121E-8,2.81527082058018E-6,2.1415894074177095E-9,8.346503542454875E-4,6.961752911459993E-10,
2,2,3.213024716670969E-7,0.0012847466916846358,0.9983585138424328,1.0856611302596936E-6,4.782863932755555E-8,1.4790287334361136E-9,1.5936615765038716E-4,6.369430262259997E-7,1.9526071100151672E-4,1.9382934535154573E-8,
2,2,2.069853008258638E-11,2.3962409902445328E-8,0.9999993526356666,9.188271834897111E-8,3.095461998213779E-10,5.792849542375563E-11,2.3539713075881277E-11,4.532667083102854E-7,7.784077011708885E-8,1.3717013143735533E-14,
2,2,5.542342825674042E-4,0.33112245871898216,0.6643872822721252,7.491037429629023E-9,2.1550795277848038E-7,2.160071443511674E-9,1.1486673542228762E-5,0.0029726191779494366,5.5555581124418334E-5,8.9613813464761E-4,
2,2,3.9118233858932105E-7,2.0940641209847087E-9,0.9974465969703645,3.923829137497765E-6,0.0018874034210979035,4.262065578919383E-8,1.4678973638726614E-4,4.774203878776552E-4,3.7429738369075575E-5,1.9707199943945917E-11,
2,2,1.8652192759315314E-6,3.0321970509374305E-6,0.9975753364618657,7.88960762137789E-5,2.4971664985260747E-11,5.20139699185471E-6,8.89134937285537E-6,2.6253224952540667E-9,0.0023263394165432575,4.3523239138735204E-7,
2,2,1.863460762573326E-7,3.288198709780071E-6,0.9984570313771622,2.7009227708365806E-5,8.947018139672073E-12,4.373880580775038E-7,1.3242762573021792E-8,6.099040969004777E-6,0.0015058929602648284,4.2209341831765156E-8,
2,2,4.932468117262579E-9,6.880315256140052E-6,0.9837525336752059,4.4747860323610264E-11,1.2656727828894552E-5,2.5502469162061675E-4,3.711937575957397E-5,5.261750865092611E-6,0.01578072892353856,1.497895627091365E-4,
2,2,3.211189282786876E-8,1.9749194602479652E-5,0.9982388198205536,0.0017210899218276779,1.2388710972700586E-8,7.292518054651811E-7,9.01514157163034E-6,1.0483058942267158E-6,9.499207370895727E-6,4.6557701610747035E-9,
2,2,1.6959892249290214E-5,6.177354689393248E-7,0.9996745871452082,7.413858827886167E-6,5.086579234447529E-9,5.231044218351568E-8,3.4884257566028793E-6,1.4991994382756348E-7,2.9670980991290305E-4,1.5815611191134536E-8,
2,2,7.4642468178274186E-6,1.5558873450997724E-9,0.9999522937750842,2.1420912710691972E-8,8.950003762101447E-15,4.46419316727743E-13,3.239028049097725E-9,1.0938386531109834E-10,4.005368420841027E-5,1.6196822220903105E-7,
2,2,9.801975045064365E-13,0.019656120774227185,0.8086450073109803,0.0038952133468869907,7.647042755373894E-6,9.903522027425101E-8,5.7086019275710713E-11,0.1677954325187701,2.163542386143934E-8,4.5827766956576185E-7,
2,2,1.6220802168318528E-11,9.436444569593858E-9,0.9999958617889352,1.115193468835901E-6,7.745853276834595E-9,9.309242655329003E-9,9.815950805704264E-8,3.1300623384029956E-11,2.89830239277084E-6,1.6633470364975494E-11,
2,2,3.110225003892264E-6,8.769659890104415E-8,0.9999862546396736,5.739218336367324E-8,2.259127776423379E-8,8.932323639818157E-14,6.141788018667907E-9,3.555084190173252E-8,1.0425760753889564E-5,1.789557269737166E-12,
2,2,4.184476533506215E-7,2.8947267063084565E-4,0.9744513642744884,0.025187047535588036,8.162011255573622E-9,3.4852328385601276E-6,4.205794142449781E-6,3.576386866875832E-5,2.8133908116539587E-5,1.0010586175449233E-7,
2,2,5.245432883937882E-7,1.082034456842591E-6,0.993204893960279,5.956715713854753E-4,2.9582722923054343E-10,2.4256394285057964E-6,0.003528615519865921,1.029385742516446E-6,0.002665755033230537,2.0164957873497864E-9,
2,2,1.0970183152108236E-10,5.119137138345807E-7,0.9934135906582829,0.006570638427034972,4.735202808385233E-9,6.382771910158145E-7,2.067370006790189E-10,1.1551113415164677E-5,7.712675254216596E-8,2.987431968012467E-6,
2,2,1.2208452404069167E-9,7.048935981549806E-4,0.9992206536459755,3.0492571396010663E-6,4.624323355387878E-9,4.1825968796193164E-5,7.162231975913858E-7,4.374611530539093E-9,1.5009512308292327E-5,1.3841574647939044E-5,
2,2,1.367084865164375E-7,6.599232660723023E-6,0.9956412904546512,2.434930749518206E-6,1.1118047044759821E-6,6.193118283546018E-4,1.3900792872359485E-4,6.830903108656326E-7,0.0035844287728132615,4.995248545170852E-6,
2,2,7.921504778710833E-10,2.4669286964731235E-4,0.9835922668829578,1.3945295402861352E-9,7.940659721522681E-5,1.038245244233053E-5,7.486704007005014E-5,0.01597920495597204,1.7167671093524254E-5,9.343921837451326E-9,
2,2,2.988626828749224E-13,0.002087115380287622,0.8975357794378196,0.07216993080701031,1.0982528896125426E-7,2.031186063631343E-9,1.6655763189459116E-8,0.028204320242975082,1.0807304037255406E-6,1.6448889666974144E-6,
2,2,1.7658001655460161E-7,4.3685134628649125E-10,0.9982373663837507,2.204485082602178E-6,9.736139524593582E-9,1.3680646544785444E-4,0.0013617923478496977,1.8070025919640354E-5,2.4357236797841486E-4,1.1709639112285873E-9,
2,2,1.8904830614815904E-12,2.6802023186132978E-5,0.9993218390350699,1.7125720557982768E-7,1.0549321863358995E-10,1.4626258465161514E-5,2.1604992604942823E-8,4.697726518549955E-5,4.617345709529317E-6,5.849451028015644E-4,
2,2,8.412336050503236E-11,5.67518169378145E-7,0.9940556903386326,0.0050277795086381034,5.2091545692547544E-11,8.677888365909751E-10,1.913156574390717E-12,7.833119008981447E-4,1.2158814580890637E-4,1.1061581935838357E-5,
2,2,2.3471182159572844E-7,0.08674412288221812,0.9112388410288157,9.062391337729816E-4,2.2546084410139336E-9,1.4073092673647888E-7,4.533254776676536E-8,7.785167531163186E-4,3.318563291749901E-4,8.429972850576078E-10,
2,2,6.161450095123617E-4,6.034959655189372E-7,0.9699503202877634,0.008791891581260028,1.7457635572909076E-4,0.0011263401580447945,0.019311994004704815,9.992697392677227E-7,2.5769115931398314E-5,1.360721349305351E-6,
2,2,3.047847297735907E-8,0.009412742337642907,0.9894550860486091,1.0976628892640046E-5,1.725651525714092E-9,8.901186511275537E-4,1.1305489240080873E-4,1.6348010461633409E-7,1.1782508582588664E-4,6.712719575227039E-10,
3,3,6.980080146764043E-14,6.033239745510645E-9,7.802948290028691E-7,0.9999809758474897,7.316762040735313E-13,1.2984887987648315E-8,2.193451409195483E-11,1.7512334772198893E-9,1.0851873858931572E-6,1.713787819851675E-5,
3,3,3.9560357669885765E-9,1.1120463160529319E-8,3.0217547724242994E-5,0.999774485747481,1.5049061488258102E-9,1.0370326906693097E-6,6.990422242985381E-11,2.430158768135532E-6,1.6083016247843987E-4,3.0982699548191736E-5,
3,3,9.942602062575633E-11,7.232630573501052E-6,1.1257663173121977E-5,0.9999786581425539,2.0874556329466694E-8,2.10463172272786E-6,3.6158876142895926E-10,7.957466614753035E-9,7.101311493111185E-7,7.50778935822113E-9,
3,3,1.5459417541522755E-10,1.9125869913727967E-11,2.0143919301920157E-9,0.9999475194798327,1.0126266753459783E-15,4.371908741427E-8,9.07786289548819E-14,5.659714910925648E-10,2.765725280997755E-7,5.215747437641394E-5,
3,3,4.519678837180915E-6,3.541131734689753E-10,5.058769515792754E-6,0.9999832381764227,8.998939535046626E-12,2.616056731993307E-7,5.894438214698175E-12,1.3079298622626445E-8,1.1929450139031665E-7,6.789026744405779E-6,
3,3,1.9623174248220962E-11,0.019517552331378047,1.844878310660689E-8,0.9796520881669872,1.5017699574149963E-5,6.737171725995547E-7,7.85646219300983E-10,8.098381698633658E-7,3.050212702963703E-5,7.833368656360866E-4,
3,3,4.1601023534288716E-16,6.171489129079777E-8,1.2489982541076908E-10,0.9999966654324179,1.4423381197151438E-11,2.4555300811884583E-6,1.07015186347643E-9,3.0935763196205687E-9,7.949418024169362E-7,1.8077755082285495E-8,
3,3,7.642639772869574E-10,0.003529683728017923,4.2562143227089914E-8,0.9094472021442913,7.088038761409507E-6,1.1288162302911019E-5,9.585712901629654E-7,2.330657248113642E-8,1.918820794517054E-5,0.08698452451441127,
3,3,7.492462983220446E-12,1.2658505075951812E-6,1.0837988427231018E-6,0.9998782804898546,1.448491058348371E-9,9.61549814987319E-8,4.978304885763489E-10,1.3033738566642054E-7,1.1776691319624166E-4,1.374501417687545E-6,
3,3,6.175186931545987E-14,2.962811817593867E-14,3.3076446833399218E-9,0.9999591252372514,1.0163653402657166E-15,5.729288938500601E-9,2.714435697382925E-13,8.73031810206047E-6,7.825414877811525E-6,2.4309992471063256E-5,
3,3,1.1816109921894177E-8,0.07000208404472655,0.0015769880010333102,0.9025954570877182,1.1082417030603272E-8,2.408471278983336E-4,5.4427320543245154E-8,6.661933502654462E-6,1.044425464398597E-5,0.025567440224629485,
3,3,9.9203514948003E-13,3.0669814470219106E-5,3.671782904862806E-5,0.9916619398026839,1.5117716851472272E-8,6.430191661247233E-4,5.038897977889767E-8,8.728566139473311E-8,0.007332491587197648,2.9500900712479174E-4,
3,3,3.882681944953368E-11,6.068091076551772E-8,3.9797401321610444E-8,0.9999974709828945,6.88034361970583E-11,1.2256421716551712E-7,1.9105919774156984E-12,4.2810896296728934E-8,1.3069232791355837E-6,9.561308600623422E-7,
3,3,3.66655201100053E-13,8.273600022724951E-9,7.107028007317499E-7,0.9999934463266488,1.0102319812189307E-11,2.491294032916778E-8,1.483469353732136E-12,2.9020914229193707E-8,6.859642543410009E-7,5.094786888941135E-6,
3,3,1.831264789209522E-8,1.8355890606462253E-8,1.989559794578296E-5,0.9936970180020482,5.068497386149681E-10,8.553943176877673E-5,3.759866775335437E-9,5.1559060994528275E-6,1.946108922596398E-5,0.006172889037656554,
3,3,2.735694790384436E-10,2.605328242932853E-7,1.7353018967284664E-6,0.999992873845706,1.1827224642816147E-9,3.569062527389859E-6,5.296476567246375E-12,4.261748897788351E-7,6.406575225701594E-7,4.9296304508537E-7,
3,3,1.3281808677249737E-7,8.777616042814204E-9,0.00971198736746565,0.9902241011979828,6.924484440983401E-7,5.05196851253629E-7,8.051137423008752E-10,4.6896885248333E-6,5.7853692439982445E-5,2.8007475226424943E-8,
3,3,2.972989265670315E-8,5.756171749036455E-7,8.765082078731749E-6,0.9995784978662857,5.57755534450359E-12,5.203135171473347E-5,7.229019319603674E-9,8.46966563423654E-12,2.1966798138638402E-4,1.4042512840020568E-4,
3,9,4.601774181954595E-11,5.759522901447206E-7,5.305566157295671E-4,3.038391655694165E-7,1.5406506549510123E-7,0.05287527378015162,2.3352138941398044E-7,3.724492711198663E-8,2.923630043972824E-5,0.9465636286348236,
3,3,5.4262573248893445E-11,2.883984658084664E-7,6.685712176858981E-7,0.9998525950504762,2.0396045474206152E-8,1.2067450794097601E-4,2.9865586793041744E-9,2.6198295540411178E-8,9.641115010991109E-8,2.562742558691589E-5,
3,3,1.8536301671025937E-11,0.0010833935818918522,3.251607421048197E-5,0.9957737458543596,9.460200706797927E-5,3.4811952990952466E-8,2.157997928787868E-8,7.175321859460436E-5,0.0029438792385587773,5.361484821153982E-8,
3,3,5.437574792001947E-15,0.003875472446108063,2.4121370429856436E-6,0.9957320701571009,7.234315047972554E-7,2.8031118867163045E-4,3.2267910883441675E-9,3.144766877319955E-7,2.0337001931158198E-5,8.83559341566162E-5,
3,3,2.399457873900894E-15,2.860473582938636E-10,1.0333358195986952E-7,0.9999997724335394,1.0164574100349008E-11,3.100909855045398E-10,1.4898077947853608E-10,2.03729959555785E-10,1.1946156489868636E-7,3.812297563020317E-9,
3,3,1.397829703089521E-10,2.0933117248399562E-5,3.994279437500283E-6,0.9999271371912163,8.041090051203924E-9,1.3124327548895681E-6,1.1168786491069984E-7,1.0522438235095423E-5,1.2017872623662642E-5,2.3962799746362503E-5,
3,3,1.45773359890381E-11,1.4162837008448479E-9,2.4089119239987618E-8,0.999753633395004,6.6651829633405744E-12,2.560852586308656E-7,2.5162614894628698E-12,1.5000142109289347E-8,1.0596176327494357E-6,2.450103728006878E-4,
3,3,2.829078266060095E-11,5.6332899032410885E-9,1.804387740346476E-9,0.9873691360781088,4.619365514719734E-9,0.012450587191628924,2.566999217242312E-7,1.3444921842763197E-4,3.117188872201399E-7,4.5247007691458916E-5,
3,3,4.5358667877052244E-8,2.116624616991086E-4,1.9318730331614765E-5,0.7390314047861095,2.1762561645167696E-7,0.25988974374773954,2.0573039266132373E-5,1.7413462782001748E-8,5.847139063026411E-6,8.21169698044077E-4,
3,3,1.009210883418401E-9,2.712208658796684E-9,5.865268411533831E-7,0.831441519326455,7.219000310067618E-11,0.16853448906478163,1.2339224560622625E-8,8.837432180597532E-8,1.0835710062048976E-5,1.2464864703982799E-5,
3,3,4.620819959295507E-12,6.992611774752486E-4,1.036080040385894E-4,0.9990583257326155,6.072532693184788E-6,4.892908191713189E-6,8.396151293800922E-6,1.4459702951596671E-6,1.1799244543788775E-4,5.073338027265479E-9,
3,3,9.576277521427366E-13,6.836009280205715E-10,1.5880367859540877E-11,0.999999389344893,3.966695255279419E-10,6.899754125029015E-10,2.322204391446461E-13,4.4948566780595893E-7,1.5633113246459376E-7,3.0509906521308183E-9,
3,3,7.352065123757179E-7,1.2135832841482013E-5,0.040553002143125245,0.9582353953399838,2.941222030264354E-7,3.6524853422186634E-6,3.069733009179638E-5,7.372259931691178E-8,0.0011625876697041867,1.4261475968561448E-6,
3,3,1.8754320007389785E-13,1.979801792552766E-5,8.330182690548234E-6,0.9884194139210966,8.387103936046465E-6,2.703186629225564E-7,0.010342551163459062,3.5131239352981124E-6,0.0011977359133247554,2.547817776762929E-10,
3,3,4.089300478693134E-13,1.6818095628274019E-9,2.8720748051029485E-8,0.9999577343384456,1.8682935795143455E-9,2.917631351863674E-9,1.502400448996687E-12,5.960478035816148E-10,4.217996823897492E-5,4.990687403676376E-8,
3,3,1.507276077941782E-11,4.115988727252442E-7,3.295445931717335E-4,0.9980649265472259,5.429472910049308E-8,1.2800123459084508E-4,1.5522096105526825E-6,1.3827558464071448E-8,0.0014691526799008037,6.342999267169983E-6,
3,3,1.6663830046015325E-11,1.968267452146352E-6,1.8588153403528011E-6,0.9974045901364424,1.2657051406500852E-7,3.602512003153947E-5,7.18197297504049E-6,6.116662902760507E-4,0.0019365815603767857,1.2499275549963025E-9,
3,3,9.438923644517245E-13,2.6140520611379284E-4,3.830396461526734E-6,0.9897741740505461,3.3534733790440807E-7,4.532632386841827E-5,6.443149744687387E-9,0.009898101484402786,1.6608534580269067E-5,2.1221259540793804E-7,
3,3,1.0027792444017718E-10,1.3411496918751708E-9,2.304407602193511E-7,0.9982982888204497,1.1860307540614843E-10,8.305627484201628E-7,3.927883833465642E-12,0.001676885979163351,2.7315982109901183E-7,2.3489473098674922E-5,
3,3,1.2214497691360893E-11,4.159617228883609E-10,1.1809825733699015E-13,0.9956574778331034,4.391406254548517E-8,1.1564673224746534E-6,5.501182158508014E-11,0.004331908483194796,1.32456022632761E-9,9.411494450412998E-6,
3,3,9.534164689468019E-8,2.591123259675023E-7,5.182359960346147E-5,0.934211572669947,3.389630938170991E-8,0.06392409816987686,6.751307561819868E-8,8.55689632439874E-9,3.205525094916768E-6,0.0018088356152232304,
3,1,1.6870224088668036E-6,0.6415767902936094,0.001334814857616643,0.2743079950808558,0.013727965140950255,6.332399731196981E-6,1.2111357464203018E-8,1.5009686025071863E-5,8.339083242511752E-5,0.06894600257502026,
4,4,1.4969734751080566E-7,2.615411918842425E-4,1.1306079258001031E-9,4.124188940608771E-9,0.9997301339780367,4.9758207259427864E-11,5.792779700859114E-10,8.143609370659167E-6,2.4993184186386023E-8,6.463436808866713E-10,
4,4,1.0529850220277956E-12,2.4903603292395415E-4,7.338360579727512E-8,3.1590947837907525E-11,0.9987547645846937,3.3353807917268625E-9,8.11860420723173E-5,6.455538655659862E-4,2.6938220322164365E-4,5.198918173915142E-10,
4,4,1.5957445625662825E-9,4.79218639327465E-11,3.2500905545675034E-10,1.238126413208884E-16,0.9999987464303299,1.6697377963149437E-8,1.2215656211494787E-6,1.2872708932490925E-8,1.4998773314561516E-11,4.5028738170332837E-10,
4,4,2.964717811222249E-4,5.056628854759882E-8,2.881156429125585E-10,2.873213416290157E-10,0.9669348145712189,1.0978772252339688E-5,1.1029330598186624E-9,0.0010448440236952598,4.223960388541388E-8,0.03171279636744894,
4,4,2.7015362249001865E-4,3.350664629941482E-9,2.074797084313289E-12,1.6549001368578426E-14,0.9996546497097357,4.2730052645848747E-10,7.518981750922415E-5,2.7474576446479086E-9,3.2274696834946717E-10,4.003314080242199E-15,
4,4,4.205955678918454E-8,0.0346006108890712,3.5976644037213747E-9,1.2355350495537902E-6,0.9306927455875645,3.380775917138865E-10,0.0343248824735937,3.767945907709884E-4,3.684754148520239E-6,1.7450276735570994E-10,
4,4,2.1983933917173676E-10,5.52497196454967E-6,1.1256025476878336E-11,6.663228210413334E-10,0.9999887439442394,3.238072249943296E-8,9.821869229343276E-7,4.670742030124192E-6,3.9444034031933126E-8,5.432668253606229E-9,
4,1,5.3437384950631454E-5,0.8032976012038483,4.0150326929356136E-8,7.054132301449573E-10,0.060901970004467065,1.4627412772285852E-10,3.2236714007542733E-7,0.13574031162571523,5.33909095050284E-6,9.77320913611586E-7,
4,4,1.4203597866255031E-8,1.6035501241486462E-10,2.5125202579611123E-13,4.770432691914852E-17,0.999999956546567,2.421107081475817E-8,3.578806800838755E-9,1.3094756233491946E-11,2.9535025335195287E-12,1.2833030648037746E-9,
4,4,7.381031764189062E-9,3.3491205158947805E-11,3.3465109272641056E-14,9.153372386272906E-16,0.9999997927697869,3.7116667049721174E-9,1.9599453280709288E-7,6.929272190454113E-11,9.720595847550262E-12,3.0442818488446434E-11,
4,4,1.4812893153513356E-9,7.21007873169722E-5,5.193060807562063E-11,7.374041965735732E-11,0.9888421163711689,4.926373269296083E-5,4.443692602451018E-6,0.010715048532688395,1.0900949817438619E-6,3.1593518158809096E-4,
4,4,2.9033898876402125E-8,7.664208481115906E-4,3.897247288813294E-9,1.1897844847520518E-13,0.9567299381277142,1.095744836517247E-5,0.04248469574576742,7.839028581596129E-6,1.1585226584305665E-7,1.7929116879351808E-11,
4,4,1.0517949038569958E-8,3.489834456904504E-4,1.1778576365040502E-7,1.831383933725523E-8,0.9988723057766251,4.642766824064618E-7,4.4405210191026474E-4,3.2838523108378074E-4,5.661169297406108E-6,1.3811585314241092E-9,
4,4,3.8942961132163435E-12,7.945690293379089E-8,1.7182491650723475E-7,1.8476226709349258E-9,0.9997357327149566,6.658611159149615E-5,4.993757698623677E-9,1.9548990881697054E-4,2.20335098866012E-8,1.9111040308836703E-6,
4,4,0.018713359800331446,0.018368951160742972,1.8965564456895076E-4,7.418060136308491E-5,0.9618287210292328,2.8577749460164317E-15,5.210275782735506E-8,5.809280941823154E-7,8.23722377358156E-4,7.763555479003256E-7,
4,4,7.752306423281957E-9,3.77292301898178E-7,7.160225904908896E-12,2.235240350340126E-12,0.9999992882430934,2.876431799509956E-7,3.209117933807475E-8,3.6036825711096328E-9,3.8022833406082763E-10,2.984632759094529E-9,
4,4,5.990808114501521E-6,7.791336200330495E-4,1.5906781553841234E-10,4.042745206470188E-15,0.9988390967475282,7.708077761817315E-8,3.7173803225658655E-4,3.960940459468681E-6,2.611565524531804E-9,1.9318101258050642E-13,
4,4,8.36190913058707E-12,6.429278847597727E-10,2.1691956190987317E-13,5.762513547550688E-17,0.9999999916107069,5.3345944913489827E-11,7.679064323074835E-9,4.78088678733968E-12,5.84627809703104E-13,1.0503643404783826E-14,
4,4,5.540600635154139E-7,3.9856269174442875E-8,4.924961277496875E-16,7.679707774258196E-12,0.9999994048181279,7.212168543265882E-13,2.607978238974862E-10,9.948697366114155E-10,1.3997493521260204E-12,7.051349780601948E-14,
4,4,9.724211460380733E-10,2.212021374537397E-7,2.4222030752370223E-9,1.0611657499151056E-8,0.999049950883806,6.694334924218537E-8,9.48288402363314E-4,5.196968049434936E-10,1.4580392388195985E-6,3.126691516796143E-12,
4,4,9.66636717307694E-8,1.3179371113275133E-8,7.065206776877233E-13,7.848404006647738E-13,0.9999510640141107,2.542061697462996E-5,6.06406066761013E-10,3.0614185618533237E-7,7.649389208184701E-10,2.3098011179220376E-5,
4,4,0.0032172834415845233,3.754779340564632E-8,3.684504997138333E-12,1.7722911812148327E-10,0.9967506778197001,3.038112678987202E-6,2.8943161105253782E-5,5.606885731285714E-9,1.412249145649136E-8,6.847075120226578E-12,
