5,2,0.03969008683141483,0.0013991520810001513,0.5353054675121022,0.1406783928852608,0.002393880049199056,0.28053302064102303,2.5515943960578224E-18,
5,0,0.5029482768283575,0.03091946264844239,0.007327788469954293,5.762779026541165E-8,0.4537643151928516,0.005040099232603878,1.0135778774738666E-18,
5,2,0.11048992033247891,0.002175465677620198,0.8307284740887566,3.345287459579705E-5,0.004616906800610058,0.05195578022593837,2.5814357156982712E-18,
5,2,0.22267958489318582,0.017645425056376063,0.5600857454145564,8.83079777607878E-4,0.03260535472763103,0.1661008101306427,6.515262083795699E-18,
5,0,0.6483811486321556,0.010034947291057873,0.02287906077470689,7.348120674959242E-5,0.3075819873456457,0.011049374749684442,1.1179046551990383E-18,
5,0,0.3166005465009195,0.04216349950652383,0.08563695997014853,0.11933474755347859,0.2917704269479859,0.1444938195209437,5.530993923772247E-18,
5,0,0.5059615503442588,0.01777659680542546,0.1507231462318413,1.732514661980834E-4,0.28157350958898497,0.04379194556329142,3.1975585598525117E-18,
5,0,0.6764646018208466,0.026779210864628658,0.008398527336258036,1.109908739374852E-8,0.2798035885057702,0.00855406037340929,1.0385085289085728E-18,
5,2,0.05401541109308332,0.008381014559311761,0.46772009073581783,0.22676490867402516,0.037883393504089584,0.20523518143367242,5.015445791194113E-18,
5,3,0.10129255642861751,0.009706806075017864,0.0940346977390906,0.6508838704876023,0.01758447464005576,0.12649759462961607,4.258251049040156E-18,
5,5,0.2700386388197501,0.011422751056821692,0.21707066835934288,0.007413694791921264,0.10412320810672185,0.38993103886544206,5.945357236513558E-18,
5,2,0.11330898957254554,0.00624405330723242,0.6265001253539809,0.016027022913156542,0.023694411303295825,0.21422539754978867,5.1217126945837715E-18,
5,1,0.19200934026060748,0.383198333026031,0.203315933925746,0.005237961885786016,0.09567355535710716,0.12056487554472207,8.036807726008896E-18,
5,2,0.034704826624189285,0.0142521902882024,0.6073712256588976,0.0063962842724575,0.007621786396381046,0.3296536867598721,5.528193131536616E-18,
5,3,0.010564720213231415,0.13688504267325838,0.04766695994391583,0.6155899503017696,0.17654786112303816,0.012745465744786764,3.5036720941933415E-18,
5,1,2.2914595495747925E-5,0.9922811993582777,8.23891151619068E-5,0.0018278016597702389,9.091297228116044E-4,0.00487656554848248,4.3371508439876815E-19,
5,5,0.11821741226342981,4.013870612789008E-4,0.022813226723783754,0.0012771461465191784,0.012033278892479491,0.8452575489125089,2.10720250371496E-18,
5,0,0.8676998626925039,0.010185799192934254,8.238668657329093E-5,1.7493107642993479E-10,0.030242924885154576,0.09178902636790295,2.367384750871724E-19,
5,5,0.21399817626107717,2.3231633424185025E-4,8.274425271072591E-4,2.488204928388705E-8,0.0013770019931278361,0.7835650380023965,3.8175833483692032E-19,
5,5,0.4578344761300494,0.002733140720764022,0.002685123722743549,1.8786931391663213E-5,0.023004259329534763,0.5137242131655166,1.042922046018522E-18,
5,0,0.7161948033046883,0.008887345071927307,6.599936368507526E-5,4.937100282636878E-7,0.1954630658762741,0.07938829267339688,3.090702974427751E-19,
5,5,0.43317078813757764,0.022669615896431163,0.0037613228523614094,3.52049732077031E-7,0.0029957536340427158,0.537402167429855,1.8749257401789534E-18,
5,5,0.026771670528723403,3.636719044845521E-4,0.0016671587387296594,5.824240665376825E-6,0.00938236259535522,0.9618093119920419,7.720490977412721E-19,
5,4,6.635526326526912E-4,0.22057789795844965,0.0018687026736901268,2.156178366537545E-5,0.5895993318217354,0.18726895312980665,3.474678082885628E-18,
5,4,3.080376054368523E-4,0.15785491033642932,0.003561627103449474,1.5105161815242917E-5,0.6557727976913468,0.18248752210152225,4.559668430394344E-18,
5,5,6.824091117070135E-4,0.0316995610914965,0.002824202171749416,0.0013359885292514818,0.3120231695754166,0.651434669520379,3.128549181098877E-18,
5,5,0.0015380742425766675,0.00626095720216407,0.02669885907071392,7.437923086824773E-6,0.3704057563061152,0.5950889152553432,4.2049396257125594E-18,
5,5,0.43339964298111544,0.001176770744050368,1.6653249722228081E-6,1.1741694103501551E-5,2.8530334674358766E-4,0.565124875909015,1.3424368848084844E-18,
5,5,0.1282941295816485,3.104463386825348E-4,9.00486005105636E-5,5.640902760545138E-10,0.002042065491996816,0.8692633094230714,4.70279044131053E-19,
5,5,0.07009324237302048,0.02591730298148976,0.0011073129319642062,1.096933393905598E-4,0.0535429341672502,0.8492295142068849,5.6246452827110896E-18,
5,5,1.4350674192646206E-4,0.33042623878260097,3.2280562620573344E-4,9.722875278835588E-29,0.06980104075390964,0.5993064080953572,4.377187509982822E-18,
5,5,0.08907789030764522,0.0033249882528108418,8.832477962917037E-6,0.010852923928476978,1.5218645377443386E-4,0.8965831785793297,4.0191358955640403E-19,
5,5,0.014076372132927215,1.0086068072273617E-4,6.756748246110865E-5,2.301994699925549E-9,2.0574022000625517E-5,0.9857346233798937,4.3091297997863677E-19,
5,5,0.03717893651578723,8.15979008107026E-4,7.851230347085322E-5,1.158375140417961E-4,5.733733638238162E-4,0.9612373612947692,7.538174018991832E-19,
5,5,0.004431821523846964,0.08603085511520943,2.2719263894975022E-5,0.25298946085637225,0.2969996503740701,0.35952549286660634,2.5852964425981624E-18,
5,1,0.11236318959555458,0.7776029697605022,2.7478042461927233E-7,9.890979293166352E-11,0.1029122909302758,0.007121274834333066,2.377970565637976E-19,
5,1,1.1945841356160005E-4,0.9963095578063241,9.585721558348242E-7,5.447648012729778E-8,5.49964278812039E-4,0.003020006452666126,1.0543009935538815E-19,
5,1,0.10424949192897591,0.7646686655555269,7.177153464232096E-7,9.682631956784873E-7,0.09738460576729337,0.03369555076966167,5.289227296836377E-19,
5,1,0.006081647074152327,0.9640521010655688,1.0429835850089463E-5,6.602179815132104E-13,0.0043002222055173785,0.025555599818251232,4.990403972325019E-19,
5,1,0.040834087122796986,0.6703942024120692,3.2632745203825157E-4,6.165757594372396E-5,5.256259695282748E-4,0.28785809946762364,4.702181302929488E-18,
5,5,0.030324597734969212,0.010849218171747872,1.0774678238861407E-4,1.174548775629362E-10,2.2632156919737552E-4,0.958492115624242,1.5170422776267154E-18,
5,1,0.018876393680755537,0.6837574138299279,1.5737251596365719E-4,3.384732418345855E-5,3.089965204816989E-4,0.2968659761286877,2.564262883019222E-18,
5,1,0.011827568367287322,0.9474509150641967,2.0388161603449843E-6,2.4880468080254107E-6,0.03643687310439994,0.004280116601147926,3.650083646834459E-19,
5,5,0.0835995209108142,0.1099685556327841,1.8636586075832233E-4,1.4216249526182266E-5,0.0014194825751672495,0.8048118587709499,3.039491690415801E-18,
5,1,0.126015571005752,0.8169627092957022,5.366461065620797E-6,4.341735380674532E-6,0.005112314967704352,0.05189969653439504,1.4400166591025473E-18,
5,5,0.29991170791217914,0.32831629647613364,1.7697863708406007E-6,0.00404240239343851,0.009110665354220037,0.3586171580776578,2.2067367943878848E-18,
5,5,0.0337187148114917,6.262415536030501E-5,2.2221923233572204E-4,5.862739992255966E-8,1.3961290584947296E-5,0.9659824218828273,3.00818930406187E-19,
5,5,0.3037886641850335,1.8639820922784607E-4,8.604879648978576E-4,1.6315293580557734E-10,2.0522116487697967E-4,0.6949592283128108,3.542580470765848E-19,
5,5,0.04518275219168979,2.439775907265837E-4,6.9667842016939E-4,2.5025767075550185E-5,2.2165278039654236E-4,0.9536299132499422,3.165611372378637E-19,
5,5,0.04098563202604938,1.0965288616998577E-4,0.003160111967621755,2.4284093786186647E-8,1.555155944598673E-5,0.9557290272766191,3.1605113133088184E-19,
5,5,0.11159575713267096,8.4851291835465E-4,0.004237929967658606,9.256601401321908E-9,3.4468336852427634E-4,0.8829731073561902,9.578373115620721E-19,
5,0,0.8727458147793573,0.07345806022358878,2.401914495757995E-6,4.948152996215199E-7,0.02199064293202839,0.031802585335230275,1.456260437488243E-19,
5,5,0.28321385739228866,0.00964014180311708,3.784996774696456E-4,2.3567783992630976E-8,5.816318737440576E-4,0.7061858456855966,6.300896660456064E-19,
5,5,0.21326432804636977,0.0028228699222352122,1.040161674840393E-4,4.980481944562023E-5,0.003602460017333686,0.7801565210271316,4.06415369265009E-19,
5,0,0.8227700777125249,0.008617408558590034,8.145575839687523E-5,6.106526419669452E-7,0.02089048766789029,0.14763995964995608,5.408731210254366E-19,
5,5,0.08825331276419336,0.00377644457425806,2.2824104583796538E-4,3.15108628205178E-4,7.251775570139212E-4,0.9067017154304915,7.482792344255424E-19,
5,0,0.5150618487398123,0.0012598763536806974,4.930957650912468E-5,6.0967764764882865E-5,0.010140027882390185,0.47342796968284284,3.8117525945557574E-19,
5,5,0.14558462733518202,0.007403291340101252,9.726306318873702E-4,2.4227796533687535E-4,0.0014043012989075616,0.8443928714285849,1.7653996309637455E-18,
5,5,0.001963071886757695,0.002373212136861516,0.002499737609493579,8.598382515518286E-13,1.3343704314495322E-4,0.9930305413228824,1.2608253235565224E-18,
5,5,0.20642840760885536,5.675482162297238E-4,0.002878164399516027,2.7389232199604154E-8,1.2699693191641767E-4,0.7899988554542502,7.98920628899576E-19,
5,5,0.03069082843922368,0.011027223494108224,8.891940900628926E-4,2.192996097322555E-5,0.011614029401121707,0.9457567946145103,1.8849211918908016E-18,
5,0,0.6228139305299175,0.0017362162367526024,1.9779561554325367E-4,3.5829899620084577E-6,0.016634199888457275,0.3586142747393675,5.897737228559518E-19,
5,0,0.7435868854678817,0.009046699283082533,4.783065227975406E-4,7.589263462684336E-9,0.01020266576698235,0.2366854353699924,1.1126635069505742E-18,
5,5,0.24311059496703089,0.001873152475647814,0.001224190411608793,7.604115983989478E-6,7.894947205374554E-4,0.7529949633091911,1.3525823284534887E-18,
5,0,0.9494667511802856,0.030093781392321856,2.878992840238675E-12,6.08544285393512E-7,1.004211097437757E-4,0.020338437770484274,1.2865473649939335E-19,
5,1,4.178841696388778E-5,0.9207759266387249,1.5038655252168943E-11,0.007835082571409958,0.035602904936722746,0.03574429742114,6.390185572631333E-19,
5,0,0.6962781051776515,1.706007466053236E-4,1.2605817881626797E-6,1.7694805317950302E-7,3.621015893297341E-4,0.303187754956572,6.582251114714214E-19,
5,0,0.49660089492615095,0.008223298282690963,7.684338393911845E-7,9.582764645992471E-4,0.08756751365621267,0.4066492482365068,2.0400739105008726E-18,
5,5,0.018569268052850908,6.560950808767662E-4,0.04250975475426972,9.83737451771723E-6,0.002001120670549472,0.9362539240669353,1.1996928623601939E-18,
5,5,0.15848544453297336,0.0014325461322723435,2.2506044502287493E-5,0.038493158874328484,5.149487980048318E-4,0.8010513956179186,6.18154249618198E-19,
5,5,0.45041956217336515,0.0012216322671428478,8.141810500929549E-5,0.006943197021147744,0.010694905363427099,0.5306392850699078,9.311094527908959E-19,
5,5,0.09382093131762848,2.717402671556694E-4,1.4358771475088134E-4,0.009390906393399836,1.9051038820212533E-4,0.8961823239188631,5.89005513856155E-19,
5,5,0.19196629942071855,6.013157937797807E-4,3.9664553670774814E-5,0.008145961483240411,0.0010090814806878107,0.7982376772679027,6.58945981844295E-19,
5,5,0.20332989330528706,0.03882434575053752,5.007656234755032E-4,2.0642368502380054E-8,0.11604271004712448,0.641302264631207,1.220821055873246E-18,
5,5,0.09253844497145178,0.003973616619534198,0.010183805757811526,2.0118503980696368E-4,3.0761934591142957E-4,0.8927953282654841,1.3063698638661003E-18,
5,5,0.05400080161456188,3.026623664612061E-4,0.007879484233902893,3.0513947131004428E-5,8.12287671701724E-5,0.9377053090707728,6.79438484935188E-19,
5,5,0.031262459541757215,2.3967798055273088E-4,0.0097912783140633,1.0835457285041156E-6,4.6743250311718994E-5,0.9586587573675867,5.323999661710346E-19,
5,5,0.022464000946180635,0.007398332659938625,7.801545021650026E-4,9.332655545218186E-6,0.003857225350480668,0.9654909538856898,6.258908665704697E-19,
5,5,0.04232197160801506,2.506973142561522E-4,9.915284006777757E-4,0.0019204670893760323,2.2333800188549185E-4,0.9542919975857895,2.755050713180198E-19,
5,5,0.07096553334497954,0.007837038959331848,0.0017330321334767611,0.02232670852261388,0.0016499424910766986,0.8954877445485213,1.4412852670768056E-18,
5,5,0.08446241696246704,0.00812510946117661,0.0038950415892953804,0.0020848889154447777,3.188595447328153E-4,0.9011136835268834,1.2993895848161944E-18,
5,5,0.060995564833081654,0.006237835249228886,0.002457587752942815,4.815198789330609E-6,5.401772435922544E-5,0.9302501792415981,6.889777003681669E-19,
5,5,0.09899570312525137,7.851845436765522E-4,0.006461102268429376,1.3436961324060943E-4,4.1885166187006725E-4,0.8932047887875321,8.893476278337621E-19,
5,5,0.08684133812885135,0.003512832317464075,0.003101257745143494,0.001631960358472032,4.398504848626426E-4,0.9044727609652065,1.1969083964885109E-18,
5,5,0.05486119317875157,0.002110062027620851,0.004190900971630513,0.003679084959170156,7.238077750067655E-4,0.9344349510878202,1.1561041623282941E-18,
5,5,0.062490018394559574,0.0033479640915977265,0.011264546372910477,7.829446670974929E-6,0.0024636535955661976,0.920425988098695,1.1786900418602089E-18,
5,5,0.046332398917595975,0.0013304028467037035,0.021622487868987166,1.1445454512286185E-8,5.5808493729568716E-5,0.930658890427529,9.602670924195975E-19,
5,5,0.10056739959022891,0.009075843077453597,0.0010577846077643427,0.00800683390439417,0.005794416269262163,0.8754977225508968,1.2013668201196895E-18,
5,5,0.08064183912736013,0.003369256493648499,0.0016992849435695243,0.004873699858564435,0.0063558709384949775,0.9030600486383625,9.964937081820488E-19,
5,5,0.012184541466334763,7.501711600262387E-4,0.0024348347063940365,6.897180840380896E-5,1.446850186894918E-4,0.9844167958401516,6.256099034967269E-19,
5,5,0.06283616501656199,4.847708972105377E-4,0.0018545545212225395,0.002302437829722341,7.203116774500327E-4,0.9318017600578326,6.272271582289402E-19,
5,5,0.035828779828291,1.5063039418801516E-6,0.0039156114081812105,3.45196004298176E-17,3.6438322821609216E-6,0.9602504586273037,1.795221120013551E-19,
5,5,0.32501303801816056,0.0034355548907395554,7.548484012149772E-4,9.808634446556977E-5,0.00772440533817237,0.6629740670072469,6.142049987940878E-19,
5,5,0.031281487039841856,6.862488034628461E-5,0.003205095180188785,1.692773091365275E-5,3.435875595890968E-5,0.9653935064127506,2.422700533715547E-19,
5,5,0.11955497422691466,7.039714633815857E-4,8.316172244459871E-4,3.5377677930751714E-5,4.2603157060165225E-4,0.8784480278367255,9.15809890969835E-19,
5,5,0.10291195242988625,4.8246166072943526E-6,0.0014406229699641304,3.503600577338483E-5,7.361592707854573E-4,0.8948714047069836,2.978866048518042E-19,
5,5,0.03155922812121095,0.001884320850717225,0.0020176699318107142,0.01906320798373126,0.043500893172806414,0.9019746799397234,1.6498087961873613E-18,
5,5,0.009555789081532791,0.0013743730864785365,0.003583382577885971,0.01807580835208108,0.016762908972992586,0.9506477379290289,1.8402635657416297E-18,
5,3,0.04185408024974621,0.25638804437001994,1.8752874327330058E-4,0.3513391493096825,0.0010281731805378636,0.34920302414674015,2.0710872333419056E-18,
5,5,0.027361726665926494,0.1630798502423532,3.115213434429611E-4,0.0914122604173455,8.643334025417098E-4,0.7169703079283901,2.2609489393226684E-18,
5,5,0.17599795952326885,0.3134103968287905,1.3315228158503487E-4,3.8083413427098526E-4,0.03108107379062178,0.47899658344146273,1.9717811272235385E-18,
5,5,0.05525890447166308,0.21050462494791106,0.0015974612147954214,0.050556376497236086,0.0015100116356461604,0.6805726212327482,4.48284437167723E-18,
5,3,0.020728283712584884,0.3821604445304827,1.6303380269673935E-4,0.3903787644243946,0.0019708697657993372,0.2045986037640417,2.5331209352528643E-18,
5,5,0.20576713394443402,0.1811932343119714,0.002064211543775609,0.003603485285121969,0.008305070047575554,0.5990668648671216,5.84264509038088E-18,
5,1,0.23351432690062887,0.2669945984731318,0.10018926069752361,0.03908203749152305,0.13916195235802267,0.2210578240791702,1.2760814099774235E-17,
5,0,0.5820785924768761,0.016269903493766228,0.18194380079973627,7.316841352915681E-6,0.03450273863250145,0.18519764775576683,6.6747838152355E-18,
5,1,0.20122576191158284,0.30537503823955203,0.1826754730762301,9.831803547284725E-5,0.06455622878405223,0.24606917995311006,1.3474246999951486E-17,
5,5,0.259977702378827,0.002672091960685609,0.12820959681564548,0.0014935318077803489,0.020867934686585692,0.5867791423504758,4.524298145574044E-18,
5,0,0.48894995700170363,8.807904756177805E-4,0.08622064857773368,0.0025814625876754106,0.10837944551500683,0.3129876958422626,2.9315772332296097E-18,
5,3,0.035857989418169964,0.0011105550961975344,0.03447728590247481,0.6651070248986661,0.0010873751850499235,0.2623597694994416,1.12737231899087E-18,
5,3,0.002111587236591277,5.85627009487976E-4,0.0027775352146840377,0.9724825462130042,1.4339298275491987E-4,0.021899311343477536,2.6504540408472286E-19,
5,0,0.524158843890196,0.01519337515877225,0.03347797154505705,4.1458612722536E-10,0.3734401166357708,0.05372969235561781,2.1597780546800063E-18,
5,2,0.01765035199843312,4.678234197651464E-6,0.6298697693243529,7.4708148481859E-27,8.531300347513035E-4,0.351622070408265,6.408376738379303E-19,
5,2,0.012441192053189856,7.955122091829762E-6,0.7953320198658137,3.723999659959783E-47,0.001077332479451348,0.19114150047945325,5.014633114162975E-19,
5,5,0.15501481966501718,3.0987729225992996E-6,0.3280891364769076,8.498715716129784E-8,0.0025404542605624125,0.5143524058374331,5.209573026174695E-19,
5,0,0.5357307182011308,2.855422747362022E-6,0.1525856402342391,1.727713964567632E-5,0.005447575911378761,0.30621593309085837,4.382256767433815E-19,
5,2,0.022739376196832195,2.4995117739121255E-6,0.6550279595293244,2.5456836855642195E-9,0.0014946999429098005,0.32073546227347594,3.84835343950467E-19,
5,2,0.01920804477319158,7.640021094401964E-4,0.8120135304211391,0.003580836517954611,3.0477972670730477E-4,0.1641288064515672,1.7033533982693461E-18,
5,4,0.050734655078844386,0.008219563711193475,0.03619412234350058,4.9470883581680054E-11,0.8740330744482592,0.030818584368731358,1.3527910547145278E-18,
5,0,0.4450532048879936,0.005355372006975992,0.07957126930622985,0.07982116293784355,0.1507806016547396,0.2394183892062173,2.8528847647130445E-18,
5,2,0.05601653270630832,9.783273597886142E-4,0.7714002579177628,0.007753705413762002,0.005358672052840644,0.15849250454953734,2.43586096208374E-18,
5,2,0.03581398187526431,0.0020950597489739486,0.5978995279025423,0.00945450879719397,0.0010344498408945552,0.353702471835131,3.834218990741873E-18,
5,0,0.4279243666812226,0.16747567175225417,8.617212245635127E-8,0.02401511731633293,0.004026146954183888,0.376558611123884,3.2014023262137156E-17,
5,2,0.09020977712308285,0.0017553864253366793,0.6955506524588473,1.881974614923005E-6,0.014694627777015318,0.19778767424110294,2.7233028976748117E-18,
5,5,0.14404684710143356,0.21457755985306282,0.15851197912699175,4.563585226025617E-5,0.20632606513700297,0.27649191292924863,8.995104346351099E-18,
5,2,0.08486397977731461,0.0356155283296436,0.4278910916711949,1.2208308345485477E-15,0.09578579936076541,0.3558436008610803,7.956982676358798E-18,
5,2,0.028312835230504374,0.0020756393936598766,0.6788264758133836,7.256617058013286E-23,0.009591482778286352,0.28119356678416585,3.369985499438497E-18,
5,2,0.09209999856094031,0.10801166053375276,0.4571126422535474,2.0922240831573572E-14,0.051536904715529304,0.2912387939362092,1.5075789968525584E-17,
5,2,2.6677273311921462E-45,2.5522955936839265E-12,0.9999999681439803,2.693387532287703E-162,8.127065098300848E-21,3.185346740080893E-8,9.241092370920056E-27,
5,1,2.8036465095286663E-7,0.9824503635774186,0.005009885494778195,1.2921213405881425E-5,0.008194289776095078,0.004332259573651336,8.747435434166873E-19,
5,1,0.10571300553255909,0.8836817180771688,4.2098575285262245E-10,0.0012853987138117166,0.007065343226250628,0.002254534029224091,7.337092741265868E-19,
5,0,0.5797720179585728,0.39179383550691527,2.9704609028327778E-8,8.559937403842479E-5,0.0036267373288994217,0.02472178012696494,6.16274365333451E-18,
5,1,0.2599555639442581,0.6279834395845197,1.0280278410731856E-6,0.005893584227352182,0.003937600132616104,0.10222878408341264,2.495053965783224E-17,
5,4,0.10427538935884027,0.34815261058572683,3.3031213350075736E-9,7.782512579892158E-7,0.5405314492913327,0.007039769209720761,2.510224349960115E-18,
5,1,1.3706794247326373E-4,0.9263644288917247,4.315869413783809E-9,4.018457084848004E-9,0.07289008569468423,6.084091367911963E-4,9.384671160907302E-19,
5,4,0.37595380745826806,0.12485558957266359,1.582261675233739E-8,0.001985547117072968,0.49147663831020433,0.005728401719174214,3.343373964063673E-18,
5,4,0.09179780780327593,0.3009217129686717,5.118324894678177E-10,2.335494977549896E-8,0.6030765706219247,0.0042038847393453226,1.0057671244038894E-18,
5,3,0.0012954869246794253,0.09898051286309731,8.676451547651883E-9,0.891566036515332,0.0044109483666218965,0.003747006653817861,1.4134211544677851E-18,
5,0,0.7879009279277985,0.02640541151129036,2.2186386638851908E-7,0.004286647409858309,0.11109948360142964,0.07030730768575681,8.01922015527662E-18,
5,4,0.23774153517555685,0.18474828727674164,1.2085794062836378E-9,2.7069929230070895E-9,0.5757643792057928,0.0017457944263363277,9.583412560784982E-19,
5,1,1.2762174068484262E-10,0.8415761841520658,0.0038979010010685377,7.401981651832058E-10,0.13731375222829936,0.0172121617507465,6.5875221671896894E-18,
5,4,8.29089804135944E-7,0.3032163535797057,1.995531950590948E-4,0.07839243748265784,0.6122811006817082,0.005909725971065031,3.180269568299076E-18,
5,1,2.0088403066830185E-5,0.9259799374433456,0.0010817796979266218,5.528966606828764E-5,0.04784324744294946,0.025019657346643097,9.684770306796504E-18,
5,1,1.6035896566328836E-7,0.9512977562243552,1.1970962978714973E-4,3.089689638871751E-5,0.04569938675286789,0.002852090137635592,2.7846102704956615E-18,
5,1,0.0012380308705595435,0.8965354990523182,5.87510565258735E-4,0.0016583291671363408,0.08632689230173211,0.013653738042995309,8.573272305948429E-18,
5,1,6.646516693826524E-8,0.8587924520852368,4.1476686427387513E-4,5.897805817549889E-5,0.1273770810968162,0.013356655430330974,5.6760731865289716E-18,
5,1,1.7695170413820526E-8,0.8334717279975689,5.381455122927822E-4,3.6281709379659693E-6,0.1474365193605442,0.018549961263485855,5.571488637382478E-18,
5,1,8.295438306413124E-6,0.6524846962738905,6.034393488411288E-4,0.09346906428592537,0.19508374155941322,0.058350763093623303,1.1203562057884542E-17,
5,1,0.04242792109117407,0.46566928012873743,0.003926644438244414,0.016454113410519146,0.01347584990552458,0.45804619102580024,3.6187918888519E-17,
5,0,0.8195387904842171,0.006899562840082247,6.030375660171494E-4,8.731951981822489E-6,0.01249540781218351,0.16045446934551805,5.743694232465498E-18,
5,1,7.55099239183413E-5,0.9199289336915975,7.663303016961343E-4,1.5889504158173484E-4,0.059773602672296575,0.019296728368909593,9.681377796571075E-18,
5,0,0.948963920329855,0.001584454990158244,3.265023011914624E-5,4.385476581190567E-13,0.03465767495909323,0.014761299490336022,1.1666520231880695E-18,
5,0,0.8435840010363557,0.024745487278886848,4.5035251816482256E-5,2.713914666417755E-9,0.11767551196365507,0.013949961755371356,1.890988360558522E-18,
5,0,0.6957759691011277,0.008710180831386066,0.1282674041449757,5.185877087690418E-7,0.050950408758504775,0.116295518576297,4.535528869982103E-18,
5,2,0.017747625219728,6.197121136195758E-5,0.6919505102009489,3.6323706678173984E-6,0.0019203548879398876,0.28831590610935337,1.2212740420196454E-18,
5,5,0.011620029999162894,0.030297441415650044,0.0022797885569832313,7.44696393367103E-6,0.1421183548884594,0.8136769381758109,2.982941650829153E-17,
5,5,0.13963918120802477,0.3419674434562044,1.036675813359143E-6,3.406149467776339E-7,0.046193779825575085,0.4721982182194356,3.8717299599335996E-17,
5,2,0.007245214840713235,0.05159009789006191,0.8072638689676469,5.01001866105791E-4,0.008894622566542897,0.12450519386892937,4.545618942360622E-18,
5,2,0.0010428041316839847,1.0046381704725707E-4,0.771154149244942,2.27856608934236E-6,3.76765036177667E-5,0.22766262773661974,7.963912563958744E-19,
5,2,0.002399791537321703,0.0017728821157043059,0.9141242590213596,6.478375480696176E-7,3.394197400686368E-4,0.0813629997479977,1.736555576235644E-18,
5,2,0.007416554496044644,0.16112067749312034,0.6805649900107743,0.05193874674337477,0.003821381920279675,0.09513764933640621,5.809320068304116E-18,
5,2,0.2051646754402601,0.001776615298779451,0.44836285737431464,6.090865959841569E-4,0.02503964777573323,0.3190471175149284,4.14690680871429E-18,
5,2,0.03100005344015743,0.004219133295522505,0.7149355255142181,0.011339749702106666,0.0034291624175571294,0.2350763756304381,4.756482509788962E-18,
5,2,0.0029806175752483998,6.931016921880425E-4,0.8372420466876191,5.669310526775904E-13,8.861550055085178E-4,0.15819807903886898,1.3993734207292266E-18,
5,2,1.8047551898657466E-10,0.02512296756175652,0.9033451818216633,3.4655543603692413E-60,1.3140910306083686E-4,0.07140044133304373,1.0570535490423813E-18,
5,2,0.1499951115699105,0.0023379052925167035,0.7259532006028245,7.045788901658093E-7,0.004481348848538558,0.11723172910731955,3.0628794414913947E-18,
5,2,0.03593775827595184,4.8643328561880685E-4,0.7044155965093042,0.008306630620004467,0.0016680504973350407,0.24918553081178568,2.3526504787054257E-18,
5,2,0.21264115405506565,0.0029228827192442526,0.6933597230570753,1.9187515760873637E-6,0.001967261562687524,0.08910705985435134,2.8616801709453197E-18,
5,1,0.21423347974726917,0.36769616510456643,0.10909608399378701,3.631739957344641E-14,0.2381092904970898,0.07086498065725114,6.402155004496744E-18,
5,5,0.3525060508277054,1.9473109116155044E-4,2.3518288057695827E-5,7.364378078748778E-9,7.361348771705265E-5,0.6472020789409803,5.311147989461591E-19,
5,5,0.03066954052269932,2.075944265174382E-5,0.0033233516095746455,6.467123531530297E-10,1.892946813829626E-6,0.965984454831548,2.0127173868681608E-19,
5,5,0.01571382940073752,0.0012502549035084437,0.0031930591206575966,4.759464922810376E-7,2.396776613787469E-5,0.9798184128624663,9.861961210255254E-19,
5,5,2.0370187248546968E-6,0.006270701533909245,0.0031202395558492546,5.1645449697729837E-14,0.0017577173740493544,0.9888493045174157,1.1553630699052122E-18,
5,5,0.2758171050168406,2.9189563228674303E-5,0.002558576148702193,2.344152065666571E-9,1.1293977427454664E-4,0.721482187152802,2.815789221932447E-19,
5,5,0.09310469463377702,0.0028463707618902483,8.986389033834943E-4,5.6489916789502915E-6,1.0212705087739666E-4,0.9030425196583929,6.197152282054647E-19,
5,5,0.08480947367515854,1.4902807998146695E-4,0.0018677983094972288,1.5069323382828397E-10,2.872514866643548E-5,0.9131449746360031,3.009412834308818E-19,
5,5,0.02900540067715474,1.6413481490210196E-4,0.001787444868302348,6.487846957195695E-6,1.306315746074054E-4,0.9689059002180763,4.589153056193748E-19,
5,5,0.06290674739803499,5.074983246344444E-5,3.95297689560109E-4,3.0308519270645497E-6,2.06747765217151E-5,0.9366234994514927,3.244036793847436E-19,
5,5,1.2658867545104052E-6,0.3766259990146643,0.01086374413950705,2.807839948781271E-17,0.003459458937660534,0.6090495320214137,5.1963936886782125E-18,
5,5,0.002240331481716443,0.04633512457805463,0.0032811707856407633,7.113650584575586E-7,0.01353474150254796,0.9346079202869817,3.0815191886482917E-18,
5,5,0.006286266819882002,0.007686153380235246,0.005040317476699913,2.6328323823123616E-5,0.0011256667828901344,0.9798352672164696,1.6790547894829399E-18,
5,5,2.066305789714922E-7,0.006535889610989866,0.025555496024001246,1.4494852160907695E-66,1.944922804397749E-5,0.967888958506386,1.1739380518862286E-18,
5,2,7.760727704256157E-15,0.183489434926778,0.4409717920908498,2.169616558178926E-112,1.9723983901272803E-5,0.3755190489984631,2.7898937735415234E-18,
5,5,4.271369759053437E-7,0.13998066414667099,0.01379057180337382,8.118446725821605E-32,0.009814355168184753,0.8364139817447945,3.767626259142768E-18,
5,5,1.0107641195384704E-6,0.14402615731077456,0.004779181981063024,7.528570775856709E-15,0.008478352280211503,0.8427152976638238,2.961561008998863E-18,
5,2,3.3001388838078483E-4,9.224234691282273E-9,0.5865263951531631,3.0758328237846825E-16,3.997818588798157E-5,0.4131036035483332,1.4602510813737899E-18,
5,5,3.7324008641465836E-4,0.07418480195589175,0.007805271779971149,1.5418064267576739E-24,0.06001729124103657,0.8576193949366858,4.1895646664106964E-18,
5,5,3.386340598668694E-5,0.012372944215321268,0.005906341295485845,1.8635317048158066E-25,4.994436525430804E-4,0.9811874074306631,1.4265643626884742E-18,
5,5,0.014814637711893612,7.183247788910025E-4,0.004957152217724773,7.963173209106865E-16,8.367949206410758E-6,0.9795015173422833,8.928517357148423E-19,
5,1,1.969533413147549E-5,0.6499739657155694,8.987525385393639E-4,8.920212279189531E-12,6.898539097425201E-4,0.348417732493097,2.0691817788905105E-18,
5,5,6.479612146317258E-4,0.007549160998264202,0.005710860098395442,3.603223906290816E-11,1.2248765314557515E-4,0.9859695299995308,1.7031760148742744E-18,
5,5,0.01947181982307108,0.037264742185705475,0.004353550081934101,1.0290158711832477E-8,0.01240067283920947,0.9265092047799212,3.3054980574814855E-18,
5,5,0.13891942282406505,1.271861869051445E-4,0.0020262291532701913,3.1223520159220307E-10,1.0744880443152236E-4,0.8588197127190929,5.077072226471242E-19,
5,5,0.03319686317604265,1.3833574077802956E-4,0.005543936790770698,8.463515192419965E-5,8.911215632257725E-4,0.9601451075772587,7.88428871058436E-19,
5,5,0.005484969104391351,4.969944579929266E-5,0.009377451699626766,2.855868889306957E-9,3.572030110754622E-5,0.9850521565932061,2.8142106708625913E-19,
5,5,0.0983255041341444,3.206205399448922E-5,0.001586809192636451,9.642795237146734E-5,5.474210022596713E-5,0.8999044545666273,3.185352163915158E-19,
5,5,0.028131067456732748,2.8329058372763885E-6,0.00565061303009929,3.5378908436644853E-7,1.010652230528634E-5,0.966205026295941,1.576889905788342E-19,
5,5,0.08416607479847434,4.829946929454339E-5,0.0033140268124247176,5.147127550758336E-6,3.0188547951919806E-5,0.9124362632443038,3.4021875167302156E-19,
5,5,0.004198712736958248,6.089280113975806E-4,0.0010808625292159217,1.335145025331764E-9,4.8186964943056304E-4,0.9936296257378526,3.343059865186543E-19,
5,5,0.03298630431829418,1.8191552126038011E-6,0.007463334752016572,3.746037009153048E-6,1.974474817761359E-5,0.9595250509892898,1.6293026700649516E-19,
5,5,0.05135066927690102,9.007434100360173E-6,0.0026896037668564434,1.5147032947864053E-6,2.0594177537443354E-5,0.9459286106413098,1.9829724205807503E-19,
5,5,0.1275996673658869,7.828214245006174E-5,0.0036611219809648504,4.3371396128846205E-5,2.5401891741573106E-4,0.8683635381971535,5.678579142531734E-19,
5,5,0.10073599277583922,3.982634312410863E-5,0.006109489458267764,1.164159036351403E-5,1.1697705365082384E-4,0.8929860727787546,5.732164608290135E-19,
5,5,0.033687800970155106,4.1752701418604964E-5,0.006200393496783762,2.5894120324020757E-6,2.4036546366322788E-5,0.9600434268732438,2.862891847364377E-19,
5,5,0.05317150013068924,5.967664170276861E-5,0.0013601516963293397,6.489573829232488E-5,5.5952064521804677E-5,0.9452878237284645,2.934333608489048E-19,
5,5,0.033173197557255986,1.599796330480701E-4,0.004583958086030691,8.542350383823032E-6,6.984589771582852E-5,0.9620044764755656,4.180993049636675E-19,
5,5,0.0820789568347109,3.1217639559577135E-5,0.003490540475984353,1.2226768778291437E-5,9.255451240901906E-5,0.9142945037685579,3.6473772094625506E-19,
5,5,0.07654799277499925,5.024694732718662E-6,0.004527909463805988,3.956137105200622E-6,7.847771922604588E-5,0.9188366392101307,2.4531645619795777E-19,
5,0,0.5232667348838231,2.880476077189474E-5,0.0035744193369601136,1.7683068810245039E-10,0.008414403872092045,0.4647156369695221,8.938847778930878E-19,
5,5,0.11448120770224313,5.0529405658249556E-5,0.00793072941136919,6.60152228370161E-8,5.711177393625626E-5,0.8774803556915702,3.065827761727127E-19,
5,5,0.1323951890862868,1.8321496596738484E-4,0.005798693116069713,1.266400798353983E-10,1.3281241272305173E-4,0.861490090292313,4.606467734858324E-19,
5,0,0.9070307106300063,6.218775570586186E-4,4.826584909358066E-5,4.344763335245962E-11,0.037702941143580415,0.05459620477681352,1.1563251589491275E-19,
5,5,0.05069944653447457,1.145303278858778E-5,0.009820949758181687,1.1174825620816497E-5,1.588242507299577E-4,0.9392981515982045,6.658693635775199E-19,
5,5,0.037678451422706025,6.059063878538133E-6,0.0068161721427470725,5.2468867941693254E-11,3.211980240552541E-6,0.9554961053379588,1.3611384056006326E-19,
5,5,0.2528058870155892,2.6514576280514717E-4,0.004079214296266016,3.0091904145529623E-6,4.235513307201957E-4,0.742423192404205,6.171897667510126E-19,
5,5,0.17661035355458418,0.0023780490710331097,0.002414249506632835,2.611297865583018E-6,1.899852720202803E-4,0.8184047512978639,7.797626452945719E-19,
5,5,0.07935343498200126,9.65477575641275E-5,0.007972227229921358,2.8596429065789414E-14,7.304425010461207E-5,0.9125047457803801,3.994509808898716E-19,
5,2,9.513642485360456E-5,0.002173080092285423,0.8978335027812536,9.655027102362203E-11,2.0738915459973545E-4,0.09969089145045741,1.1917549194440782E-18,
5,0,0.38900947167880007,0.0012962328015741244,0.26181132521046246,8.647672662127049E-4,0.06677606452080387,0.28024213852214686,3.1385807858342687E-18,
5,4,0.2715851973199212,0.018257524935684465,0.11010193926074871,0.13126559281042835,0.38615767299508397,0.08263207267813341,4.354758095469728E-18,
5,3,0.1256371642289741,0.013340269248342486,0.030487236986864518,0.5161084968352859,0.2535328694760915,0.060893963224441364,2.1144402715538555E-18,
5,2,0.02247425253847519,0.0011445348092696762,0.45280842049872966,0.15676764296545997,5.616938744969149E-4,0.36624345531356856,3.126730289751487E-18,
5,0,0.3676048146873161,0.06073974594685475,0.25080934617944484,2.345649627604302E-5,0.21917802061800404,0.10164461607210416,4.990906734524564E-18,
5,4,0.07083994676460396,0.2873991053120585,0.003275502354277558,0.07496208010159258,0.559092164522588,0.004431200944879209,1.1369284451097523E-18,
5,3,0.009776590534700903,0.001010509183577224,0.049200715949033844,0.89745636007277,0.003099442846177464,0.03945638141374066,7.138133850101002E-19,
5,4,0.30089224834393374,0.11195522290340314,0.05361193710008097,0.03176160712251494,0.46422339272059854,0.037555591809468505,3.790512173018063E-18,
5,5,8.85540841967047E-4,1.4399988944885E-4,0.216842668542511,1.458002903708699E-7,2.547668619430862E-4,0.7818728780638396,1.5009314116862155E-18,
5,1,3.523293011690205E-6,0.8379822982299601,4.709142121313343E-6,0.1423557253209332,0.006043798546576268,0.013609945467397598,2.5405068734334814E-19,
5,1,0.006339003471982051,0.5862985390971466,0.001819938771768422,1.8898922801936076E-6,1.9471549425978914E-4,0.4053459132725629,1.9989525246944028E-18,
5,1,9.898658329720522E-11,0.9273046249258332,1.1610932479094491E-4,1.838673387098955E-5,0.06353725425207823,0.009023624664440108,5.323394859447328E-19,
5,1,1.5099247527065402E-8,0.9906870766644599,1.0339445042416685E-5,8.515263116831199E-5,0.005852004097126013,0.0033654120629555613,2.443412808923461E-19,
5,1,1.0382574770201033E-7,0.9875578966777141,1.9534428249214534E-6,6.3455352173053E-4,0.006211402284011337,0.00559409024797157,1.3143300675488225E-19,
5,1,1.511856427035296E-9,0.9595319342834271,2.6743277633065478E-5,6.682932081795213E-6,0.03782632799440001,0.0026083100006015375,3.5092505240450475E-19,
5,1,1.3247920179562156E-7,0.5092421247848627,0.006406836617870629,5.114893960957243E-4,0.21604119316710382,0.26779822355486516,6.97160700848321E-18,
5,1,0.038622538150946954,0.7299469505303954,2.341080253755859E-4,0.003043045193809572,7.410406284163213E-4,0.2274123174710561,2.525774096851251E-18,
5,1,1.712833893223869E-6,0.9933739053912739,5.429212342303483E-6,3.3959012708986216E-6,8.373334557691572E-4,0.005778223205450473,1.821036610343759E-19,
5,1,7.425315725207251E-7,0.9976113636696594,6.225607291199489E-7,1.1872963100668911E-4,2.7703660379108195E-4,0.001991505003241153,5.3605325309422603E-20,
5,1,9.835860548542908E-5,0.9896527333737952,5.487234660732823E-6,0.0012234498826959746,8.735536460840945E-4,0.00814641725727841,2.1608333295873384E-19,
5,1,4.6042920402393924E-7,0.999183651064971,1.2997203698198212E-7,1.238372812280371E-4,3.5357470752640574E-4,3.3834654503331005E-4,2.136079596986734E-20,
5,1,4.13647679184494E-4,0.9660764881235413,3.464616542176443E-5,4.278255819515634E-5,9.650450301253976E-4,0.0324673904435321,6.362421248392315E-19,
5,1,0.0014781093293975776,0.9711593574580328,3.116288255492836E-5,6.175537266519232E-4,0.009055271369971814,0.017658545233390957,6.943834715460188E-19,
5,1,0.01081672705624362,0.9744314932379228,1.3427811121455193E-5,7.413339965981001E-5,0.0059203590575704805,0.008743859437481776,4.78306976202758E-19,
5,1,8.759248238821047E-6,0.9864101747008684,6.56252765771927E-6,2.8616212971698357E-5,1.679304773711146E-4,0.013377956832892198,2.1791686803883157E-19,
5,1,1.7768914856768313E-7,0.9990919542221401,3.947900999193821E-7,5.177726287715942E-6,1.7272772466052857E-4,7.295678476632232E-4,3.766705151180481E-20,
5,1,2.1404656467257356E-4,0.9819421588010102,1.2032604332579962E-5,8.770165338741297E-5,0.0018126720688859449,0.015931388307711167,3.0389320722441883E-19,
5,1,6.018099226784281E-5,0.9962070033176207,5.533933563066496E-7,0.001286138308130588,3.308453892341127E-4,0.0021152785993906165,5.712751331475237E-20,
5,1,1.6933974585735697E-8,0.9990610339685316,4.0951856654695084E-7,3.877927842231154E-7,1.7099571472504343E-4,7.671560714178818E-4,3.609541722117387E-20,
5,1,4.088428160750055E-7,0.9975529374664442,1.0715249376083348E-6,4.187410233424873E-6,8.536924021597234E-4,0.001587702353408929,6.970626627333762E-20,
5,1,2.608686496455202E-6,0.9988554794979466,2.051417985876872E-7,3.841997351036339E-5,8.106593045727015E-5,0.0010222207697907785,2.513867118121864E-20,
5,1,6.172045321610628E-6,0.9949202121630113,1.1567425183340143E-6,1.7397946844838896E-4,0.0011547987999885947,0.0037436807807116556,8.457155017922411E-20,
5,1,2.3017315989395666E-6,0.9981712891692481,5.831172410828482E-7,4.634100374563104E-7,4.410786082537383E-5,0.0017812547110491249,3.769240422345914E-20,
5,1,9.651905244803723E-4,0.9695389194540553,6.601060755412665E-6,1.518342085992352E-12,0.02251326985540752,0.00697601910378304,2.6185797206499087E-19,
5,1,3.46864928074372E-7,0.9905271514450431,1.4465910766554415E-5,2.558388260595901E-9,0.001008104391975371,0.008449928828898775,2.2733330297576726E-19,
5,1,7.956043527976879E-7,0.9988396470036158,3.753641750237253E-7,2.9221391311957315E-5,4.2439229214749646E-4,7.055683443969681E-4,4.433133647526199E-20,
5,1,4.980749944186817E-4,0.8943313019598164,4.086058028603384E-4,1.523418030407006E-7,0.00634610518801363,0.09841575971308818,1.6388159317025386E-18,
5,1,7.930401208339093E-9,0.9948984193267391,3.925190946852614E-6,1.635402501400478E-10,0.004002195237362767,0.0010954521510099498,7.930816081560433E-20,
5,1,1.7284802165071034E-5,0.9939801556906982,5.971949476400375E-6,7.459174510857131E-5,0.0011853357700968192,0.004736660042454929,1.5778337038572896E-19,
5,1,5.593278245793897E-7,0.993327239014229,1.0120543868040018E-5,5.932545682108515E-7,0.001261144969776415,0.005400342889733739,1.8834267745305733E-19,
5,1,5.277101697199351E-5,0.9942232518610268,1.6588463730580337E-6,1.56073925915708E-4,2.240918872477568E-4,0.005342152462464613,1.0251038359426824E-19,
5,1,9.300568517030323E-8,0.9980544757609154,6.244032480180774E-7,3.3842797761153695E-6,0.0013697583009206656,5.716642494544025E-4,4.75438468830875E-20,
5,1,3.062316673715393E-8,0.9919209449472697,4.821717279362013E-7,2.5308938767899207E-5,0.007307141910051796,7.460914090159801E-4,5.014560257927199E-20,
5,1,2.4336308928015524E-9,0.9866309450012146,2.650461784806265E-6,1.935401827672766E-7,0.01235775086936123,0.0010084576938256802,8.308792667170184E-20,
5,1,1.810610976386636E-9,0.9991662821709165,3.7424724586747986E-7,3.0980851195576153E-9,5.024995885619611E-4,3.308390845795917E-4,2.753769092930392E-20,
5,1,9.954933913217493E-5,0.9645840759248007,1.2942220344655436E-6,1.6091145009444018E-10,0.03402678689982996,0.0012882934532912767,1.1141431288229693E-19,
5,1,1.4410044583846764E-10,0.9389456391351935,5.313484676829788E-4,3.924946551273288E-12,0.008527858287532565,0.05199515396156537,8.4274057903199E-19,
