2,2,1.2709573420952961E-6,5.008081111492953E-9,0.9999987240345768,
2,2,1.8100302012643152E-14,6.547452829066364E-13,0.9999999999993272,
2,2,1.3243805718029192E-6,4.9873806243881225E-9,0.9999986706320476,
2,2,1.146039343972415E-10,4.951321637375217E-11,0.9999999998358828,
2,2,2.3550805933192103E-7,2.1283787340956264E-9,0.999999762363562,
2,2,1.4849678489038023E-14,5.892122944570879E-13,0.999999999999396,
2,2,5.740015034737633E-9,3.3705666869191956E-10,0.9999999939229283,
2,2,5.529828727584607E-17,3.9318831441420334E-14,0.9999999999999607,
2,2,5.509096657386623E-22,1.30101127017433E-16,0.9999999999999998,
2,2,3.13975644751668E-5,2.2444761189667032E-8,0.9999685799907635,
2,2,4.2638334515797434E-19,3.3558010793092194E-15,0.9999999999999967,
2,2,1.3158516734181445E-7,1.5576692859350237E-9,0.9999998668571635,
2,0,0.9037781621010733,1.1430557471622659E-6,0.09622069484317945,
2,2,3.783353228407534E-15,3.062933831200722E-13,0.99999999999969,
2,2,0.1286720826182715,1.3260806840094202E-6,0.8713265913010444,
2,2,7.215798886637982E-5,3.4037861263682556E-8,0.9999278079732723,
2,2,2.674417451979186E-6,6.514519223537507E-9,0.9999973190680287,
2,2,0.45310915760981696,1.953610095887113E-6,0.5468888887800871,
2,0,0.8797906762389932,1.2942275443574456E-6,0.1202080295334623,
2,0,0.6873086492768464,1.801038993893189E-6,0.31268954968415963,
2,2,2.7683300799550596E-8,7.555965737659815E-10,0.9999999715611027,
2,2,3.350090765087058E-7,2.480811593069106E-9,0.999999662510112,
2,2,3.312321193414095E-9,2.6054025785298125E-10,0.9999999964271384,
2,2,1.0123078670591594E-12,4.67916075921497E-12,0.9999999999943086,
2,2,3.944247943201605E-7,2.8121310023071186E-9,0.9999996027630745,
2,2,1.8249410714674042E-7,1.7303844853344887E-9,0.9999998157755083,
2,2,9.45865745920993E-5,4.094379029671438E-8,0.9999053724816177,
2,2,4.6435939530653907E-11,3.211258118734516E-11,0.9999999999214515,
2,2,3.136628539182619E-13,2.7458009743722653E-12,0.9999999999969404,
2,2,2.817938205803643E-13,2.380664363300824E-12,0.9999999999973375,
2,2,4.3625397645161965E-16,1.005292493123709E-13,0.999999999999899,
2,2,1.045171198762449E-10,4.771947069505337E-11,0.9999999998477633,
2,2,2.1773018655180262E-7,1.963414297902098E-9,0.9999997803063992,
2,2,3.15963140677951E-14,8.651974685232639E-13,0.9999999999991032,
2,2,6.906790916487029E-15,4.0825781777239805E-13,0.9999999999995848,
2,2,0.015128519526978525,5.191592317832819E-7,0.9848709613137897,
2,2,3.1886399644176504E-9,2.631876621676152E-10,0.9999999965481723,
2,2,4.013318127354479E-27,4.027296567460907E-19,1.0,
2,2,1.005575539961767E-10,4.3417072002495236E-11,0.9999999998560254,
2,2,1.8590706976601074E-7,1.7801760433262255E-9,0.9999998123127541,
2,2,1.6942433189380099E-12,5.866380810481283E-12,0.9999999999924394,
2,2,1.3810864331540408E-9,1.750942799373957E-10,0.9999999984438193,
2,2,2.1968914544815815E-23,2.8966006411349E-17,1.0,
2,2,6.541399330884925E-10,1.1020625708709761E-10,0.9999999992356539,
2,2,1.7141069436323912E-9,1.7636905227447184E-10,0.999999998109524,
2,2,2.9151495594896783E-9,2.3191451843418603E-10,0.9999999968529358,
2,2,4.0427146992544744E-20,1.0913692183013568E-15,0.9999999999999989,
2,2,5.711389099835929E-21,4.3401577688234096E-16,0.9999999999999996,
2,2,1.6749664955610633E-7,1.7220854726818716E-9,0.999999830781265,
2,2,0.019035424723951044,5.473682585344905E-7,0.9809640279077904,
2,2,5.607197914848935E-22,1.3711189508336958E-16,0.9999999999999998,
2,2,1.1413664922303796E-13,1.7404400927264755E-12,0.9999999999981455,
2,2,1.5333548631547046E-18,6.400500498390972E-15,0.9999999999999936,
2,2,1.3934077979866357E-21,2.016297337947303E-16,0.9999999999999998,
2,0,0.9124435115099719,1.1215670028098653E-6,0.08755536692302539,
1,0,0.9995272523339402,7.74691095405876E-8,4.72670196950244E-4,
1,0,0.912205918050186,1.013416615575164E-6,0.08779306853319857,
1,0,0.7185096348347096,1.626489621302022E-6,0.281488738675669,
1,0,0.9960107595964871,2.2060569443139776E-7,0.003989019797818539,
1,0,0.9933652163564654,2.8177695873451526E-7,0.006634501866575883,
1,0,0.9999561247498345,2.243790423455669E-8,4.385281226122939E-5,
1,0,0.9852609198395453,4.253315951467678E-7,0.01473865482885952,
1,0,0.7226855541327583,1.6233006110362335E-6,0.2773128225666308,
1,0,0.979265908790702,5.025974373616575E-7,0.02073358861186064,
1,0,0.9976304724367195,1.7536390538393696E-7,0.002369352199374986,
1,0,0.9999995851998076,2.203408448849843E-9,4.125967839319924E-7,
1,2,0.05110647654191323,7.95503659926214E-7,0.9488927279544269,
1,2,4.213717895494345E-6,8.532649414669201E-9,0.999995777749455,
1,2,0.44533844575265225,1.8255415327229814E-6,0.554659728705815,
1,2,3.8385102917705085E-5,2.3917892623993318E-8,0.9999615909791896,
1,2,0.0032218500083940893,2.0953344689898466E-7,0.996777940458159,
1,2,2.7922263171288172E-5,1.97925809520951E-8,0.9999720579442477,
1,0,0.5287947272122409,1.827737461141339E-6,0.47120344505029804,
1,0,0.9995464349771964,7.498738122460274E-8,4.534900354221895E-4,
1,0,0.9893394223904097,3.546143067590645E-7,0.010660222995283556,
1,0,0.7771158865014458,1.4741736408505823E-6,0.22288263932491342,
1,0,0.8901641079194503,1.1348107258675106E-6,0.10983475726982377,
1,0,0.998316904000328,1.4365419858904548E-7,0.001682952345473404,
1,0,0.9946231835458421,2.5173665992146153E-7,0.005376564717498005,
1,2,0.3159985911839841,1.7253673187265767E-6,0.6839996834486972,
1,0,0.9998719474894273,3.836706019592765E-8,1.2801414351256026E-4,
1,2,0.03661365351678194,6.881049014557391E-7,0.9633856583783167,
1,2,8.020479099881267E-4,1.0508139349780635E-7,0.9991978470086184,
1,2,1.4649906575928524E-5,1.4730331107068083E-8,0.9999853353630931,
1,0,0.7366841363610035,1.545168099951262E-6,0.26331431847089665,
1,0,0.9999888798357298,1.1341798931860028E-8,1.1108822471315386E-5,
1,2,0.10213838376939724,1.1363179880948658E-6,0.8978604799126148,
1,0,0.9973439637093949,1.7862901481775136E-7,0.002655857661590275,
1,0,0.999970681222667,1.851063283050282E-8,2.930026670024955E-5,
1,0,0.9519945229027614,7.840770339488482E-7,0.04800469302020473,
1,0,0.9374762481942995,8.604074953190557E-7,0.0625228913982051,
1,0,0.9896460793494257,3.6862478866266774E-7,0.010353552025785672,
1,0,0.9994187083328787,8.464187861405581E-8,5.812070252426588E-4,
1,0,0.9875825744578565,3.935602127452052E-7,0.012417031981930718,
1,0,0.9992638020217464,9.558058044855694E-8,7.361023976734158E-4,
1,0,0.9564426919580005,7.108179293318876E-7,0.04355659722407014,
1,2,0.1573762954792968,1.3011602316778815E-6,0.8426224033604716,
1,2,0.3177540318376886,1.6654339953896825E-6,0.6822443027283159,
1,2,0.005804061536845122,2.9043421334785014E-7,0.9941956480289414,
1,2,0.08620798125527285,1.031818127047384E-6,0.9137909869266001,
1,2,1.1599744591196552E-7,1.3996818053582814E-9,0.9999998826028722,
1,2,0.0331455983641671,6.668778524221208E-7,0.9668537347579804,
1,2,0.19523840346924365,1.3822421650650537E-6,0.8047602142885913,
1,0,0.9986673110927246,1.2752802911943347E-7,0.0013325613792464558,
1,0,0.730251692181507,1.5954177336433102E-6,0.2697467124007593,
1,0,0.9003657712657582,1.0678321491800335E-6,0.09963316090209266,
1,2,0.02970376804034756,6.29665327965783E-7,0.9702956022943244,
1,0,0.9998132294481871,4.7313183818834423E-8,1.8672323862926473E-4,
1,0,0.9998675435765284,3.9509772654445595E-8,1.3241691369899445E-4,
1,0,0.9807885476781784,4.844262549931387E-7,0.019210967895566616,
1,2,0.18305926985280263,1.401548303825748E-6,0.8169393285988935,
1,0,0.9960502026504101,2.2086195628974105E-7,0.00394957648763362,
1,0,0.554518693107391,1.7935621301715912E-6,0.4454795133304787,
1,0,0.9501729800930098,7.909292662552267E-7,0.04982622897772392,
1,0,0.9999643298101167,2.1044921416317695E-8,3.564914496185313E-5,
1,0,0.6081012252560086,1.7383985492029898E-6,0.3918970363454421,
1,0,0.9987900997278103,1.2516829066413462E-7,0.0012097751038989085,
1,0,0.9995523557569801,7.460522310194338E-8,4.475696377967934E-4,
1,0,0.9939368991424187,2.716096249551841E-7,0.006062829247956355,
1,0,0.9989304871159876,1.1479181908504442E-7,0.0010693980921931791,
1,2,1.9651688039309581E-4,5.199602570251444E-8,0.9998034311235812,
1,0,0.9084437683468756,1.0228877130381772E-6,0.0915552087654114,
1,2,0.028852637756182194,6.007981697729221E-7,0.971146761445648,
1,0,0.9992950985665457,9.1