1,1,0.018898018275797436,0.753894933517029,0.22720704820717352,
2,2,0.020690617337564488,2.0749413881517636E-4,0.9791018885236205,
2,2,0.42594987000124157,3.0203130103788216E-6,0.574047109685748,
0,0,0.7186477309020278,0.28128168418289506,7.058491507704472E-5,
0,1,0.3036521563101551,0.6962613564487358,8.648724110918814E-5,
2,2,0.0038973967975093407,0.009808851266632508,0.9862937519358581,
1,1,0.042471546903685924,0.7603753360875781,0.19715311700873595,
2,2,0.005729240725277054,0.35272461842184655,0.6415461408528765,
2,2,0.11691241185986388,8.271097192090072E-5,0.8830048771682153,
0,0,0.8136182932610367,0.0011182208454967374,0.18526348589346653,
2,2,0.19667618196916137,1.2524320706978654E-5,0.8033112937101315,
1,1,0.041119645533747896,0.958879196710754,1.1577554980909966E-6,
2,2,0.4017631393127877,0.008711775574993901,0.5895250851122183,
1,1,0.10204385158844897,0.8975968124761788,3.593359353721331E-4,
1,1,0.03746572931302012,0.9616689975486041,8.652731383758743E-4,
1,1,0.018472306859104354,0.9692490116712765,0.012278681469619338,
0,1,0.1733604975998166,0.8259724030566578,6.670993435256415E-4,
2,2,0.001391600610695083,0.02850674199215698,0.970101657397148,
0,2,0.34980962092340695,1.919788814805933E-5,0.650171181188445,
1,1,0.010486294735710965,0.9894208370118953,9.286825239376929E-5,
1,1,0.09012005696087408,0.9098187870915972,6.115594752859272E-5,
0,1,0.39017762476519846,0.6098028322924709,1.954294233063518E-5,
1,1,0.0013515463893189015,0.9962086624254429,0.0024397911852382464,
0,0,0.9436585562611709,2.6401531267197457E-5,0.05631504220756182,
1,1,0.0014862779812822224,0.6878290014318413,0.3106847205868764,
2,0,0.5443215444994064,2.273755419559652E-6,0.45567618174517405,
1,2,0.0011164617255074794,0.27006953416781093,0.7288140041066815,
0,1,0.01345869551069606,0.986539307907096,1.996582208056456E-6,
0,0,0.9989224050066616,8.730520055724971E-4,2.045429877658959E-4,
1,1,0.010951213935971198,0.5210425029748065,0.4680062830892224,
1,1,0.08423334644163549,0.8675654731023048,0.04820118045605977,
2,2,0.01611203555866558,0.036386700237017296,0.947501264204317,
1,1,0.04617680154615502,0.9537499252036529,7.327325019204216E-5,
2,2,0.016008538567625467,0.0561762492521797,0.9278152121801948,
1,1,3.9743007525830676E-5,0.9839437011045031,0.016016555887971157,
2,2,0.04216928663886687,0.011504241968496413,0.9463264713926368,
1,1,0.06901763321856541,0.9308875386045281,9.482817690645173E-5,
2,2,7.711463477778835E-5,0.18825691713016499,0.8116659682350572,
1,1,0.23868149014696818,0.7608974627008974,4.210471521344524E-4,
2,2,0.0016203762166270403,6.360820771137212E-4,0.9977435417062593,
0,0,0.6334499620298593,0.003099051195215971,0.36345098677492477,
2,2,0.007692708350812935,0.20056361421467497,0.7917436774345121,
0,0,0.8129812906643068,2.581283113434548E-6,0.1870161280525797,
1,1,0.01475050899840118,0.9852101421319543,3.934886964456056E-5,
1,1,0.003599232425874794,0.9826939424789526,0.01370682509517255,
2,2,0.001232145800907101,0.12724221054291446,0.8715256436561785,
1,1,0.14241750287426475,0.8575038262848673,7.867084086793406E-5,
0,0,0.864261807951845,4.479388763318328E-5,0.13569339816052173,
0,0,0.9345647067779096,0.06533929719402191,9.599602806835539E-5,
1,1,0.06394383340413436,0.9359518162498148,1.0435034605061664E-4,
2,1,3.8767055398961325E-4,0.5885294318645774,0.41108289758143296,
1,1,0.405605890918842,0.5943892426393788,4.8664417791616E-6,
1,1,0.11274790959525406,0.887249610702745,2.4797020010107485E-6,
0,0,0.966292704733829,9.223061224746588E-4,0.03278498914369626,
1,1,0.0071348467270679426,0.9928524997175439,1.265355538825304E-5,
1,2,3.585199183186182E-4,0.08000666116823078,0.9196348189134506,
2,2,2.4161857051473878E-4,0.07552290498853843,0.9242354764409468,
0,0,0.9970829869784407,1.6355473084663806E-4,0.0027534582907127333,
1,2,0.008467800171837578,0.07296084502999707,0.9185713547981654,
0,0,0.9991699026635492,6.107692575776747E-4,2.1932807887312136E-4,
2,2,0.002160598278826039,0.21360584935097723,0.7842335523701968,
1,1,0.10352079009224162,0.8964724429267917,6.766980966646552E-6,
2,2,0.04822297686954452,9.387339866460734E-4,0.9508382891438094,
2,2,0.380119668228929,1.5816305311897735E-5,0.6198645154657592,
2,2,0.002409530757247163,0.4765147736142737,0.5210756956284792,
1,1,0.1774760967270357,0.8194439810191343,0.0030799222538299494,
1,1,0.009751436654144213,0.990075260663988,1.7330268186762886E-4,
1,1,0.012828397168756897,0.986346110232189,8.254925990541376E-4,
2,2,0.03092979260088626,7.77936334533116E-6,0.9690624280357684,
2,2,0.15068165536938374,9.210071993151623E-5,0.8492262439106848,
1,1,4.507363216472915E-4,0.9976037685124596,0.0019454951658930536,
0,0,0.9773136965545159,0.02265715288702503,2.9150558458941123E-5,
2,2,8.288485119084275E-4,0.2294757559589314,0.7696953955291602,
2,2,0.003588066127419074,9.827126597784846E-4,0.9954292212128024,
0,0,0.9605494112612616,0.038446371595662464,0.0010042171430758812,
1,1,0.10866951051882402,0.8913277737018497,2.7157793262480516E-6,
0,0,0.9901046206408074,3.1022095567124466E-4,0.009585158403521287,
1,1,0.009451740408415715,0.9877934781187534,0.002754781472830989,
2,0,0.5505569246241214,0.002352635070664439,0.4470904403052141,
0,0,0.9082612766412733,0.09136717856947994,3.71544789246653E-4,
1,1,0.020420137161666425,0.9757332687452958,0.0038465940930376497,
1,1,6.859669594709248E-4,0.8662848220048707,0.1330292110356585,
2,2,0.007409599174893716,8.567261325773529E-5,0.9925047282118485,
1,1,0.2173918806289615,0.7825352382379848,7.288113305376613E-5,
1,0,0.7675983603372355,0.2323961534463538,5.4862164106119086E-6,
2,2,0.029578122183378127,1.4661294693825525E-7,0.9704217312036748,
0,0,0.8596384488430666,0.025294208443217715,0.11506734271371573,
2,2,0.013743020641069633,0.09500692550444494,0.8912500538544855,
2,2,0.003167497270131991,0.04668085153894289,0.9501516511909252,
1,1,0.23514018952380406,0.7622757962210085,0.0025840142551875438,
1,1,0.006890504300490562,0.986669015261904,0.006440480437605391,
2,2,0.1008753676650869,0.003774862767735567,0.8953497695671775,
0,0,0.6654086958002242,0.0015262561919830238,0.33306504800779274,
2,2,0.010156572717078653,0.009770421140831587,0.9800730061420898,
1,1,0.4291312012394781,0.5708675098270658,1.288933456078064E-6,
1,2,0.0023471858480249995,0.4935836974415567,0.5040691167104183,
1,1,0.002423176591467752,0.9964739486875945,0.0011028747209378454,
0,1,0.16292212424513272,0.8370618949428438,1.5980812023442298E-5,
1,1,0.00974763530277404,0.8472282718945362,0.1430240928026897,
1,1,0.30687373154478453,0.6930709298795977,5.5338575617632373E-5,
0,0,0.9756195048774154,0.004330583092425913,0.020049912030158618,
1,1,0.14174619255452825,0.8582415421699378,1.2265275534078386E-5,
1,1,0.058927996453728225,0.9407509892643822,3.2101428188963566E-4,
0,0,0.9593626354863725,2.3800253440098388E-4,0.040399361979226514,
2,2,0.46509637807808124,2.1219644559583114E-5,0.5348824022773593,
0,0,0.9967143826369321,0.001092186773449161,0.002193430589618642,
2,0,0.9413409058868769,7.323827629157807E-5,0.058585855836831596,
1,1,0.00380105605906618,0.99338165715425,0.002817286786683846,
2,2,0.012588747530833647,1.8075008538046523E-5,0.9873931774606283,
1,1,0.04098673814185885,0.9491089571743728,0.009904304683768283,
0,0,0.676079549122636,0.3236022793915528,3.1817148581119933E-4,
1,1,0.08393458907513168,0.9157044991380068,3.6091178686159167E-4,
2,2,0.15634854009308566,1.2244759129205628E-5,0.8436392151477852,
0,0,0.9967184187785123,1.213520826850792E-4,0.0031602291388024856,
0,0,0.9985072500850132,0.0012122097604805701,2.8054015450631407E-4,
1,1,6.931227145465172E-4,0.7041386841888241,0.29516819309662945,
0,2,0.016650567947536322,9.094103466417735E-6,0.9833403379489972,
0,0,0.9817860769432059,0.00711214811235034,0.011101774944443693,
0,0,0.8605799358568844,7.745091938598475E-4,0.13864555494925582,
2,2,5.141388725744352E-4,0.08188654529749995,0.9175993158299257,
1,1,1.9315213703425272E-4,0.9926467060467403,0.007160141816225485,
2,2,0.31260905672913986,1.7728770966168646E-5,0.687373214499894,
1,1,0.13116854868761305,0.868826962130565,4.489181822066675E-6,
0,0,0.7060665355509045,0.29391758978314186,1.5874665953544132E-5,
2,0,0.7249075057999484,2.1192251933441924E-4,0.27488057168071706,
1,1,0.26875609105199355,0.7312394779511655,4.43099684087482E-6,
1,1,0.029986539674100636,0.7851025513087319,0.18491090901716756,
0,0,0.8523607259982087,0.14762765350679516,1.162049499619075E-5,
2,2,0.011075034235679754,3.312029988763975E-4,0.9885937627654438,
1,1,0.09236927408766892,0.907498245379998,1.3248053233313727E-4,
0,0,0.9981298140833017,6.932885939322414E-5,0.0018008570573050259,
0,0,0.9637807570392953,0.002185262850271951,0.03403398011043289,
2,2,0.20660183776512972,9.666064245184575E-6,0.7933884961706251,
0,0,0.9585200489861675,0.020668559252977642,0.020811391760854708,
2,2,0.02191377199876207,0.2636230569515507,0.7144631710496873,
1,1,6.193741647673277E-5,0.9389569177330128,0.060981144850510476,
2,2,0.02825693570696455,0.006645507504315838,0.9650975567887197,
0,0,0.9816957134391325,1.6171659267529492E-4,0.018142569968192072,
1,1,0.3600797377428199,0.6319290047317978,0.007991257525382172,
1,1,0.028756601803478426,0.9544140578273471,0.01682934036917454,
1,1,0.37942225862389,0.6196784617198886,8.992796562214462E-4,
0,0,0.9293220466590322,9.408227804191155E-6,0.07066854511316364,
1,1,0.13248349899305348,0.8605711564662164,0.006945344540730075,
2,2,0.0011032449150031156,0.018600705038544923,0.9802960500464519,
1,1,0.15960671180406508,0.49437846571260147,0.34601482248333354,
1,1,0.011004784153732367,0.988088494311258,9.0672153500944E-4,
2,2,0.009697518623546822,0.015407669156643109,0.9748948122198101,
1,1,0.16554135661289335,0.8344104007264571,4.824266064948069E-5,
2,2,0.01306112685936085,0.06821530180808624,0.918723571332553,
0,0,0.848157874899111,5.3743236918620525E-6,0.1518367507771972,
0,2,0.3597075072237295,9.244237695486338E-4,0.6393680690067218,
0,1,0.21763580100910931,0.7823588048218623,5.3941690282754355E-6,
0,0,0.9728683085772654,0.015573102371178309,0.011558589051556352,
1,1,0.0011365014527046548,0.9984885149070392,3.7498364025616125E-4,
2,2,0.08217169294531382,0.0022099855684872822,0.915618321486199,
1,1,5.726180938913757E-4,0.7590593883646645,0.2403679935414441,
2,2,0.02870918118596231,0.27976941981748843,0.6915213989965493,
0,0,0.9895830681848145,0.010341118896837155,7.581291834828316E-5,
2,2,0.3509209038209514,0.01273605053416136,0.6363430456448872,
1,1,0.35895513268588214,0.6407328444599917,3.1202285412619974E-4,
2,2,0.08233211657490405,5.700096871242117E-4,0.9170978737379718,
2,2,0.008374115917024711,0.08018322254017926,0.911442661542796,
2,2,9.581914974654783E-4,0.0010311821423508742,0.9980106263601836,
2,2,0.03073506567339806,2.986192613451965E-4,0.9689663150652569,
0,0,0.9662719592279672,0.033702682226348764,2.5358545684234473E-5,
0,1,0.0715791597820485,0.9284065686630906,1.4271554860804075E-5,
0,0,0.9973440816089577,0.001171061143975339,0.0014848572470668626,
2,2,0.02167963143699557,0.0334709458626671,0.9448494227003374,
2,2,0.031749978024833835,0.20930009810643616,0.75894992386873,
0,0,0.9826915856795485,0.017247755978655188,6.06583417961287E-5,
2,2,0.005425745188007765,0.0087684072851009,0.9858058475268914,
2,2,0.0016086552153062026,0.001364395964653843,0.9970269488200398,
0,0,0.9898076026721848,0.0026592035570063358,0.007533193770808825,
0,0,0.8371722443266335,0.12916726084262858,0.0336604948307379,
0,1,0.11261328411873803,0.8872621632114122,1.245526698497022E-4,
0,0,0.9470432218189069,0.03368878784011191,0.01926799034098131,
0,0,0.9164248519742682,0.07930879993800098,0.004266348087730826,
0,0,0.901171527501959,0.09881159013479462,1.6882363246370448E-5,
1,1,0.011038229087161696,0.988645676273189,3.160946396493538E-4,
1,1,0.08087562498503786,0.9091530781993996,0.009971296815562523,
0,0,0.6980266146886678,0.30196624148068957,7.143830642703696E-6,
1,1,0.007150423106758405,0.6695153827410086,0.323334194152233,
1,1,0.06008250191557411,0.9398985162733249,1.8981811101182563E-5,
1,0,0.870358661097702,0.12959437950989036,4.695939240768168E-5,
0,0,0.8608789545842851,0.13831125046597503,8.09794949740001E-4,
2,2,0.03420244064916341,0.002025532751778254,0.9637720265990583,
2,2,0.07059512634843959,0.006875381581908928,0.9225294920696515,
0,0,0.9036934485361595,0.022432975067394778,0.07387357639644572,
2,2,0.008848888704271217,0.368867268378437,0.6222838429172919,
2,2,0.03427374020391524,0.005262148089367386,0.9604641117067174,
0,0,0.99689058934537,5.590775288698112E-4,0.0025503331257600665,
0,0,0.7163978581360784,0.28357561242290585,2.652944101584741E-5,
0,0,0.9417443775205078,0.034671662579566394,0.023583959899925795,
0,0,0.9586778046372697,0.04131811268828884,4.08267444146282E-6,
0,0,0.995738981197876,0.004252651886431542,8.366915692432806E-6,
2,2,0.24028188203296993,7.528923495423253E-5,0.7596428287320758,
1,1,0.011617713599785707,0.908637712422926,0.0797445739772883,
2,2,0.03935840650439611,0.04677681899489877,0.9138647745007051,
2,2,0.24517626287833924,0.004159897916680334,0.7506638392049805,
0,0,0.9838325539823131,0.016153136613854882,1.4309403832198451E-5,
2,2,0.1751975024033774,8.081762030995028E-6,0.8247944158345916,
0,0,0.5610834523439748,1.0517880283467674E-4,0.4388113688531905,
1,1,0.039334590858397626,0.9594122691639373,0.0012531399776651443,
0,0,0.8028047940563439,2.032253519372702E-5,0.1971748834084625,
2,2,0.005213629005733706,0.28449201965442517,0.7102943513398412,
0,2,0.4645022617810591,6.815144113343888E-6,0.5354909230748276,
0,0,0.9991665044386585,3.3222145968734673E-4,5.012741016541883E-4,
1,1,0.20149990152412045,0.7984954350103222,4.663465557299864E-6,
2,2,0.016694187988700315,0.003618957752565074,0.9796868542587346,
0,0,0.994340214121397,2.7663909761749387E-5,0.005632121968841408,
1,1,0.06960596743895249,0.9159312291813995,0.014462803379648064,
1,1,0.003963033494024,0.9253597830460882,0.07067718345988772,
1,1,0.020699933295150862,0.97394627808677,0.00535378861807914,
1,1,3.0567450123319604E-4,0.9680407410525135,0.03165358444625332,
0,1,0.3863842292260764,0.6134105368557728,2.0523391815070995E-4,
1,1,0.10898984237895612,0.8906084802123905,4.016774086534325E-4,
1,1,0.10800960431664891,0.8740162428912848,0.017974152792066423,
0,0,0.9769874572406654,0.021539156756340244,0.0014733860029943764,
0,0,0.989068970156698,2.668522922573988E-5,0.010904344614076111,
1,1,0.04433425579745285,0.9556252191406133,4.0525061933784045E-5,
1,1,0.0018251881753650774,0.996161509636954,0.0020133021876807106,
1,1,0.0021248040850035837,0.9849599092485501,0.012915286666446167,
1,1,0.02226417562316987,0.9777307476461607,5.076730669313511E-6,
1,1,4.977886993273043E-4,0.9829600526818291,0.016542158618843564,
2,2,0.0018429276210997917,0.1128956197850123,0.8852614525938879,
0,0,0.8822283000274679,0.11674048065614859,0.0010312193163834697,
2,2,3.3742372545573975E-4,0.169190129744259,0.8304724465302852,
1,1,0.35766085716391804,0.6421744425905619,1.6470024552005697E-4,
1,1,0.040712700034660695,0.9584832002102961,8.040997550430968E-4,
2,2,0.0074620149617654905,0.08819598102492152,0.904342004013313,
2,0,0.5730875462770156,2.5404173975909816E-5,0.42688704954900847,
0,0,0.9580893862352776,0.04190568616521631,4.927599506021296E-6,
2,2,1.2417907369121486E-4,0.036584125747689315,0.9632916951786195,
2,2,0.01125542867615901,0.009517632579904445,0.9792269387439366,
0,0,0.96782880450686,1.3822732750947545E-4,0.03203296816563048,
1,1,0.06515654622519493,0.9347517346640483,9.171911075693538E-5,
1,1,0.14625647402665617,0.8537388661795701,4.6597937736489865E-6,
2,2,0.027384218685396363,7.987229800027306E-5,0.9725359090166034,
2,2,0.04947879992749342,0.0018228545506118702,0.9486983455218948,
1,1,2.9033139858243464E-4,0.9960279394458267,0.003681729155590853,
2,2,0.30937322538249495,1.8096020143189171E-6,0.6906249650154908,
2,2,0.28718879244337014,9.72791858589499E-5,0.712713928370771,
2,2,9.670943491054897E-4,0.17871192782884585,0.8203209778220486,
0,0,0.9997241769803131,1.268135536733965E-6,2.74554884150199E-4,
2,2,1.4798553548594725E-4,0.26202048984793713,0.737831524616577,
0,2,0.35985739902428926,1.1375639849627253E-4,0.6400288445772144,
0,0,0.9980680486614975,7.181296539035889E-4,0.0012138216845988348,
1,1,0.027146344757802202,0.949444005734088,0.023409649508109746,
0,0,0.9972728305744869,1.2277219135126594E-4,0.00260439723416187,
1,1,0.010512444282157953,0.798305360121123,0.19118219559671906,
0,0,0.9706693941709206,0.029163076357767784,1.6752947131161672E-4,
1,1,0.048868582732417745,0.946430182273889,0.004701234993693322,
0,0,0.58189273030827,0.41808365493478455,2.3614756945422254E-5,
2,2,0.045827764059996265,0.0019130645338496484,0.9522591714061541,
1,1,0.4204265650715406,0.5609955580629122,0.018577876865547197,
2,2,0.16684656658700472,1.2630167183789936E-4,0.8330271317411574,
0,0,0.9202284255873397,0.07968943546454209,8.213894811811008E-5,
1,1,0.004813492444228586,0.960981550617196,0.034204956938575296,
1,1,0.23511842019104956,0.7643098460303233,5.717337786270104E-4,
1,1,0.3781313111956771,0.6196129390123293,0.00225574979199362,
0,1,0.4285557351467242,0.5713530079130332,9.125694024251101E-5,
0,0,0.9887317757347076,0.010173650156604503,0.0010945741086877256,
0,0,0.8845898802737497,1.9611573838215168E-5,0.11539050815241214,
0,1,0.3547556006629594,0.6452394716805063,4.927656534154233E-6,
2,2,0.0817112135577638,0.02868076996004271,0.8896080164821935,
0,1,0.08745053105910318,0.911785281142355,7.641877985417073E-4,
0,0,0.9675048240865004,2.2831109256703526E-4,0.032266864820932474,
2,2,0.16148336751014816,3.621277685336317E-6,0.8385130112121666,
2,1,0.008839647615354197,0.5587316700181976,0.4324286823664482,
2,2,0.0021338395551535774,0.06346028673201451,0.9344058737128319,
2,2,0.2170961164088366,1.344977142442777E-5,0.782890433819739,
2,2,0.015519763060959483,0.004981146931926084,0.9794990900071144,
2,2,0.11302313933305351,1.189411873190451E-5,0.8869649665482147,
1,1,0.03074407531698979,0.9692171957514933,3.8728931516799723E-5,
1,1,0.004103329142360296,0.7839716291143177,0.21192504174332194,
1,1,0.009350315213570558,0.9787937080742107,0.011855976712218701,
0,0,0.9953899824539464,0.004479771186778563,1.3024635927492745E-4,
0,0,0.6705061638932868,0.32947213707496475,2.16990317484324E-5,
2,2,0.02078539237132515,0.038872128797184165,0.9403424788314907,
2,2,0.001341728893455123,0.3665299754120042,0.6321282956945407,
1,1,0.2497454526785967,0.7502391345587252,1.541276267805789E-5,
1,1,0.003585054033102637,0.6881821582612695,0.30823278770562773,
1,1,0.006008793838518311,0.9937701242661668,2.2108189531482389E-4,
0,1,0.35490027618517134,0.6450965111878607,3.212626968044262E-6,
2,2,0.009524076146989857,0.07536660136247475,0.9151093224905353,
0,0,0.9880023993786339,0.011337709583265593,6.598910381007724E-4,
0,0,0.9937559474062434,0.002345506387467875,0.0038985462062886066,
0,0,0.9834962924579463,2.0265695041011808E-6,0.016501680972549487,
1,1,0.0013607564943796553,0.8785606005908112,0.12007864291480913,
2,2,0.2933947110437882,4.8698742100423884E-5,0.7065565902141113,
2,2,0.0064630733144279175,2.6575287421311815E-6,0.99353426915683,
0,0,0.871574409975022,0.12750756251793785,9.180275070401424E-4,
1,1,0.09657839031905328,0.9034169500442251,4.659636721501452E-6,
1,1,0.048630859707976155,0.9513629667169241,6.173575099720815E-6,
0,0,0.9235437125527629,0.07635020004201047,1.0608740522656468E-4,
0,0,0.6187625222864886,0.0024229239582708984,0.3788145537552404,
1,1,0.001061240002873332,0.9881780062728114,0.010760753724315363,
1,1,0.03305559002524572,0.9597944543146796,0.007149955660074663,
0,0,0.9500955094313209,7.66705510179517E-5,0.04982782001766099,
2,2,0.2948911333981619,1.3742862212991287E-4,0.7049714379797082,
0,1,0.23223283213693405,0.7677576800393647,9.48782370121466E-6,
2,1,1.470556685727181E-4,0.5538624669319501,0.4459904773994771,
0,0,0.8181959542853605,1.6251124566931024E-5,0.1817877945900726,
0,0,0.9802015410306304,0.01642713713604155,0.003371321833328087,
1,1,0.45182225454876435,0.5481662095783959,1.1535872839830808E-5,
1,1,0.0976243758334839,0.9023642135020534,1.141066446269814E-5,
1,1,0.0035554364284501555,0.7793630192252039,0.21708154434634586,
1,1,0.265240941473809,0.7343385330699169,4.205254562741279E-4,
1,1,0.03537025772991706,0.9177328847013392,0.046896857568743795,
2,2,0.339692239820737,0.001303128096704756,0.6590046320825583,
1,2,1.271861312561505E-4,0.36452581164553943,0.6353470022232045,
1,1,0.0053384285168088675,0.9480245016296955,0.04663706985349559,
2,1,8.903978673365953E-4,0.6531020381837808,0.3460075639488826,
0,0,0.9988768292557164,9.7270544958792E-4,1.5046529469582904E-4,
2,2,0.20506859373398406,2.7078864715716915E-5,0.7949043274013001,
0,2,0.25550107498798785,0.2341790676467825,0.5103198573652297,
1,1,0.010183633358811207,0.9898096097550154,6.756886173295146E-6,
1,1,0.0016825780716180408,0.6756951589298978,0.32262226299848407,
2,2,0.042288670703239245,0.13124753131538003,0.8264637979813807,
2,2,0.030513712912830452,0.17515510291791136,0.7943311841692581,
2,1,0.0014121662380155214,0.7505782055447945,0.24800962821719003,
1,1,0.39259051591874644,0.6026842050581687,0.004725279023085013,
0,0,0.5084050158479033,0.49144815558111715,1.4682857097947157E-4,
2,2,0.48984442352167684,8.06778346713601E-4,0.5093487981316096,
0,0,0.9042528882135046,1.1953147458081775E-6,0.09574591647174961,
2,2,0.22953987699716868,4.068548465886896E-5,0.7704194375181724,
1,1,0.20610862512831551,0.7928146105028213,0.001076764368863037,
2,2,0.022095907912096282,1.9860211488995297E-6,0.9779021060667549,
1,1,0.1595816583736201,0.8234004162993186,0.017017925327061274,
1,1,0.013291059825777057,0.9833386338645721,0.003370306309650984,
2,2,0.3471374045205355,3.088654677534253E-5,0.6528317089326892,
2,2,6.934921282332418E-5,0.026428749059619904,0.9735019017275568,
1,2,1.7783275182280331E-4,0.11077047897034706,0.8890516882778302,
1,1,0.059379026653222935,0.9391447186069691,0.0014762547398079358,
0,0,0.8410577902477551,1.2576627581231018E-5,0.15892963312466388,
2,2,0.03461219802451117,0.002434198937226034,0.9629536030382627,
1,1,0.012227073001693739,0.9776768598597372,0.010096067138568978,
1,1,0.020304114295336892,0.9795540516724197,1.4183403224343275E-4,
2,2,4.96132447804812E-4,0.1728156701160424,0.8266881974361527,
2,2,0.0037147331528659183,0.02151995543845374,0.9747653114086804,
0,0,0.9809383754393038,0.019054583094951835,7.041465744334568E-6,
2,2,0.14684913338502817,4.462929529697287E-4,0.8527045736620021,
2,2,0.01081920353007472,5.470429297568692E-5,0.9891260921769496,
0,0,0.7820824070661436,0.21207427718180852,0.005843315752047913,
0,0,0.998802341629121,3.3777467928192053E-4,8.598836915971719E-4,
0,0,0.995801578678288,0.003781002523617762,4.1741879809426246E-4,
1,1,0.26454628866686536,0.7353386591281023,1.1505220503247657E-4,
2,1,0.01681154972197889,0.5610247281068014,0.4221637221712197,
1,1,0.4899294172382355,0.5100200045566108,5.0578205153661795E-5,
1,1,0.03419441416910971,0.9658044474501942,1.1383806959158897E-6,
1,1,0.001713893463453765,0.7522256938671191,0.24606041266942716,
2,2,8.896641694361237E-4,0.4789114995061444,0.5201988363244194,
2,2,0.0015705126799633387,0.011582655376359503,0.9868468319436771,
0,0,0.9707666632117101,0.029177966755105225,5.5370033184508384E-5,
1,1,0.0147015066401134,0.9848111745864949,4.8731877339170516E-4,
2,2,0.22393338223900155,5.465018188261372E-5,0.776011967579116,
2,2,0.0022664496291334435,0.001110677759046414,0.99662287261182,
1,1,0.00583849086640377,0.7415689256500734,0.252592583483523,
1,1,0.03988255394129116,0.9089747920416502,0.051142654017058684,
1,1,0.37584462452379774,0.6241106825409953,4.4692935206979164E-5,
1,1,0.003742511515586087,0.9961924410248817,6.504745953212672E-5,
1,1,0.47019689284265964,0.5297966173011492,6.489856191167413E-6,
2,2,0.11349767718510789,6.061793485546251E-4,0.8858961434663374,
2,2,0.0030327628554962416,8.338148528496804E-6,0.9969588989959753,
2,2,0.010241624378217552,0.33950879072094453,0.6502495849008378,
0,0,0.5396724869854166,0.46022483745827036,1.0267555631310306E-4,
2,0,0.8714162650344982,1.1613694856028136E-6,0.1285825735960162,
1,1,0.009725431841863605,0.990268866429207,5.701728929579617E-6,
0,0,0.9930058177685022,4.765305388320233E-4,0.006517651692665741,
1,2,7.065268097135563E-4,0.3460819660902886,0.6532115070999979,
2,2,0.4151898856890113,0.0020989032766386543,0.5827112110343501,
0,0,0.9725426212158633,0.0027309941649070854,0.024726384619229477,
2,0,0.7369961426351639,1.3221583364750774E-5,0.2629906357814713,
1,1,0.22159878530361113,0.7783963073097383,4.9073866505473555E-6,
2,2,0.006629875616287233,5.724871975158314E-4,0.9927976371861968,
1,1,0.34877202971681737,0.6511395840420391,8.838624114354592E-5,
2,2,0.021044328849562477,8.515680937820004E-6,0.9789471554694998,
1,1,0.31424579093156185,0.6845293682470126,0.0012248408214255992,
0,1,0.48989750741249327,0.5100898124459601,1.2680141546648116E-5,
1,1,0.021278047866303888,0.9767053740348475,0.0020165780988486144,
1,1,0.20675326258494078,0.7932128220812839,3.391533377546951E-5,
0,0,0.8765366157648786,4.825408623908657E-5,0.12341513014888214,
1,1,0.0018551306476146578,0.9978786706800971,2.6619867228824264E-4,
1,1,0.10769463941469712,0.8906690615551472,0.00163629903015571,
1,1,0.49479413086662055,0.5052038188180089,2.0503153706072288E-6,
0,0,0.9148700555537077,3.869159000848769E-4,0.08474302854620741,
1,0,0.8865710187366979,0.11341748137679286,1.1499886509149854E-5,
0,0,0.9767143003910415,0.013812905670182809,0.009472793938775767,
0,0,0.9679783062106011,0.02784795024853546,0.004173743540863637,
2,1,0.0011453129472006902,0.5888840879865427,0.4099705990662566,
2,0,0.6928397180767861,5.434502557917652E-5,0.3071059368976347,
2,2,6.989008668457348E-4,0.004561827249762351,0.994739271883392,
0,0,0.9988957720846592,0.0011021817681421148,2.0461471986757155E-6,
1,1,0.0853239610445729,0.900052885715823,0.014623153239604253,
1,1,0.02725506893508392,0.8332293084476261,0.1395156226172899,
1,1,0.012265664211689656,0.9507418330063084,0.036992502782001856,
0,0,0.8717203078285121,0.12809633294993594,1.833592215520131E-4,
2,2,0.010137836127737521,0.003234235870957358,0.986627928001305,
1,1,0.05480173133764443,0.9444350735501958,7.631951121599003E-4,
0,0,0.9987445324278448,0.0011681617230609683,8.73058490942449E-5,
0,0,0.823206773460691,5.336803137367705E-6,0.17678788973617166,
1,0,0.5993541577672402,0.40001973115117867,6.261110815811245E-4,
1,1,0.004269231900899396,0.9945734104826801,0.0011573576164205124,
0,0,0.9185350560511281,0.0813962718023232,6.867214654866044E-5,
0,0,0.9084516788194698,0.0058123257054767926,0.08573599547505355,
1,1,0.021896147701025114,0.9049691757207421,0.07313467657823283,
1,1,3.511548222963085E-4,0.9666507452162088,0.032998099961494935,
2,1,0.00470975206618026,0.8780201257886432,0.11727012214517661,
0,2,0.012396428003557697,2.1581940369129505E-5,0.9875819900560731,
0,0,0.8692148911863445,3.791243281142864E-4,0.13040598448554114,
2,2,0.0546487446081769,8.025225175342402E-5,0.9452710031400697,
0,0,0.5290957958689247,2.011673137536558E-5,0.4708840873996999,
2,2,0.1337262178609534,0.21619947498153025,0.6500743071575164,
1,1,0.1454307667122873,0.8131498700902396,0.04141936319747297,
1,1,0.007871218752518656,0.9456800924716219,0.04644868877585946,
1,1,0.0029723110950872185,0.8693843710997452,0.12764331780516774,
2,2,0.006724101017980943,0.16147813746999112,0.8317977615120279,
2,2,0.015390259105339971,4.2211345628658534E-4,0.9841876274383734,
2,2,0.02934111270502909,0.011944840439045874,0.958714046855925,
1,1,0.0014440942140901128,0.9919326242131872,0.006623281572722655,
2,2,1.0352337974878766E-4,0.3879691484664145,0.6119273281538367,
1,1,0.027992012208905993,0.5839450937349336,0.38806289405616023,
2,2,0.42055516826894823,5.112268901009703E-5,0.5793937090420418,
0,1,0.28704870735994653,0.7129220556337573,2.9237006296064352E-5,
2,2,0.09605874667110081,0.015825664442244078,0.8881155888866551,
0,0,0.9966154373361745,8.553609670611245E-5,0.0032990265671192552,
0,1,0.04509542475343919,0.9548985317243317,6.043522228997531E-6,
1,1,0.012323735250987747,0.9867432561693364,9.330085796758421E-4,
0,0,0.4997030016811502,0.4980579549496172,0.0022390433692326276,
0,0,0.9959425172052547,0.0016182137109921272,0.0024392690837530635,
2,1,4.58704547893422E-4,0.9010454045840686,0.09849589086803816,
0,0,0.8713643528353892,0.12863434814589375,1.299018717010796E-6,
2,2,0.22531123016752944,0.09002286848104733,0.6846659013514232,
1,1,0.4138827232464155,0.586111936845074,5.3399085104993506E-6,
2,2,0.018465792516997603,1.3623094633489168E-4,0.9813979765366674,
2,2,0.20267382557553598,2.2967957336301655E-5,0.7973032064671277,
2,2,0.03732426622735607,2.4001707724091973E-5,0.9626517320649197,
1,1,0.011855723093616379,0.9516236751033732,0.03652060180301041,
2,2,0.26254772224265344,1.5396344801205735E-4,0.7372983143093346,
2,2,0.015027546319598127,0.007630194224066309,0.9773422594563356,
0,0,0.9039232327012013,0.09607509274323563,1.6745555631851344E-6,
1,2,0.002816166925220142,0.25750500550878136,0.7396788275659986,
0,0,0.9156476185460584,0.08126070643770593,0.00309167501623548,
1,1,0.008056716540323168,0.8653893557543939,0.126553927705283,
1,1,0.10841902551540614,0.890866291347262,7.146831373318689E-4,
0,0,0.7328462522481857,1.2774486698573385E-5,0.26714097326511566,
2,2,0.08071871199755704,0.29953038322901665,0.6197509047734263,
1,2,7.205293993687556E-4,0.42563925264614716,0.5736402179544842,
2,2,0.0021223857247249646,0.0025257750462195296,0.9953518392290556,
1,1,0.16507989807209625,0.8310384252570805,0.003881676670823196,
0,0,0.9135039475059583,0.08609621481394056,3.9983768010106943E-4,
0,0,0.9612203926691246,3.867491171943992E-6,0.03877573983970338,
2,2,0.22340647543489034,2.586955941896741E-4,0.77633482897092,
2,2,2.883505308014632E-4,0.24819100842860345,0.751520641040595,
2,2,0.08862252180832818,0.030182279808174485,0.8811951983834974,
1,1,0.045734848059666176,0.9538675363814166,3.9761555891724146E-4,
0,0,0.5089961980227834,0.4909984622775289,5.339699687687361E-6,
1,1,0.4121400396469245,0.5874931409822362,3.6681937083937977E-4,
2,2,0.047831170561400106,0.020121252012020394,0.9320475774265795,
0,0,0.8624873271522657,0.13663032824302998,8.823446047042218E-4,
1,1,0.002266436265800572,0.9969688005658771,7.64763168322246E-4,
0,0,0.9419748289616728,0.057767753870404545,2.5741716792260184E-4,
0,0,0.9451292662102789,0.05459273260335643,2.7800118636467E-4,
0,2,0.16922891971616733,7.738334586491913E-5,0.8306936969379678,
2,2,0.02722949595375142,0.0024646342318226425,0.970305869814426,
1,1,0.02562616157328911,0.9743601287123816,1.3709714329322629E-5,
1,1,0.0045996591425140326,0.7253796322093856,0.27002070864810035,
1,1,0.017078386506124386,0.964660694602561,0.01826091889131477,
1,1,0.003880919529671618,0.9924365331075696,0.0036825473627587232,
0,1,0.1859098481995877,0.8040423424945627,0.010047809305849396,
0,0,0.9355412822397163,2.6693659542183483E-6,0.06445604839432945,
0,1,0.3470816638847195,0.6527562898012498,1.6204631403077198E-4,
2,2,0.015308658830117488,0.0019663279242231853,0.9827250132456594,
2,0,0.545546111442515,3.3135491447483274E-5,0.4544207530660376,
0,0,0.9837396503879622,0.0037067262244997816,0.012553623387538196,
1,1,6.478969131375662E-4,0.9852841124807847,0.014067990606077723,
1,1,0.0031728733457645603,0.8047336033729379,0.19209352328129772,
0,0,0.8716703477839244,0.12797616027114447,3.534919449313297E-4,
1,1,0.005603260907881047,0.9934160992124277,9.806398796911278E-4,
0,0,0.9940938896417385,0.005894464758158666,1.1645600102885618E-5,
0,0,0.9889134614118372,0.01044855490078268,6.379836873802333E-4,
2,2,0.01936675008243504,0.0012728409305840197,0.979360408986981,
1,1,0.15433357196352362,0.8456276489288311,3.877910764521934E-5,
1,1,0.3325588250900973,0.6673280893329598,1.130855769428072E-4,
2,2,0.04122038446771971,0.22507711318738058,0.7337025023448996,
0,0,0.8748543774449393,0.12282490615491926,0.0023207164001414144,
2,2,0.18558031753777163,1.9864640577352553E-4,0.8142210360564549,
1,1,0.04303057384894336,0.956962733095352,6.6930557046846395E-6,
0,0,0.9936185632410169,0.006092738567553949,2.886981914290653E-4,
1,1,0.005760631820635594,0.8094212623442224,0.18481810583514205,
0,0,0.9319438312798414,1.5207906207559936E-4,0.0679040896580829,
2,2,0.011017110385840235,5.8492382719602375E-6,0.9889770403758879,
0,0,0.8949198942274915,0.10503084787109417,4.925790141437001E-5,
1,1,0.34150223217512565,0.6584830637039745,1.4704120899963523E-5,
2,2,0.15404210761071938,2.457992378993304E-4,0.8457120931513813,
1,1,0.010267697616646696,0.9888541213065685,8.781810767848705E-4,
1,1,0.006028052810925908,0.9898510846649214,0.004120862524152595,
2,2,0.07998363042062406,0.019722772088817543,0.9002935974905585,
1,1,0.027133300182188364,0.7302535885708986,0.242613111246913,
2,2,0.1148181437259448,0.003476304195441127,0.881705552078614,
0,0,0.9969437806490267,0.001289003146556836,0.001767216204416667,
1,1,0.0061865160014032755,0.9921891542969123,0.0016243297016844485,
1,1,0.020380675659464803,0.9668212485160721,0.012798075824463141,
1,1,0.00824331751795407,0.9826536174478104,0.009103065034235622,
0,0,0.761082837609594,0.23890899237714922,8.170013256567417E-6,
2,2,0.007845806122841418,0.026815940586863533,0.965338253290295,
2,2,0.05639065700624791,5.476524203705571E-4,0.9430616905733815,
0,0,0.9907430120302394,0.008841445194280343,4.1554277548017023E-4,
0,0,0.9279833150604089,0.07200668061305202,1.0004326539018436E-5,
2,2,0.27878572959160225,0.17203446522186144,0.5491798051865363,
2,2,0.011425106068870514,0.005372474172186393,0.9832024197589432,
0,0,0.9492518373165151,0.050661300210774085,8.686247271083031E-5,
2,0,0.7627152937371052,1.8854545798591591E-6,0.237282820808315,
2,2,0.09650192391015716,1.5948864305831016E-4,0.9033385874467845,
1,1,0.012943882086144403,0.9865237776735337,5.323402403218354E-4,
1,1,0.022062368329200888,0.9446393185812021,0.03329831308959706,
2,2,0.011295137225321564,0.04672213141869075,0.9419827313559878,
0,0,0.8978487677428533,0.10200104741718774,1.5018483995886465E-4,
2,2,0.133775490409909,9.980305747113226E-4,0.8652264790153796,
0,0,0.9739487252091575,0.02065956572612734,0.0053917090647152555,
0,2,0.37929651357266586,0.004243636853105509,0.6164598495742286,
0,0,0.9987187523780108,0.0010695965233610773,2.1165109862795407E-4,
0,0,0.9813946656955924,6.779086565696083E-4,0.017927425647838016,
0,0,0.870915428809076,0.12908051505292895,4.056137995096574E-6,
2,1,0.00463065557769387,0.6455929148677373,0.34977642955456867,
2,0,0.6848368316075345,3.338216159848966E-5,0.31512978623086696,
2,2,0.008995869020237204,0.27187481305214384,0.7191293179276189,
1,1,0.015951699397755474,0.9633730414337465,0.020675259168497943,
1,1,0.04809936015632192,0.951899113652516,1.5261911621578726E-6,
0,0,0.6037655203148962,0.3962328860681758,1.5936169280434404E-6,
1,1,8.009009891325404E-4,0.9408956133438678,0.058303485666999694,
0,0,0.8628462008173431,1.587945837264895E-4,0.13699500459893046,
2,2,0.006270974686743451,0.01945389711624814,0.9742751281970085,
2,1,0.011271001809713731,0.7826177099521459,0.2061112882381403,
2,2,0.46677041503117517,2.205701711560548E-4,0.5330090147976688,
2,1,2.88711216082286E-4,0.5247604650138442,0.4749508237700735,
1,1,0.002661036319407189,0.9771664349067503,0.020172528773842506,
0,0,0.9828983976750996,0.004691061941924776,0.012410540382975763,
1,1,7.525318597111868E-4,0.9017621170786972,0.09748535106159152,
2,2,0.3067111583781597,0.1224988207529965,0.5707900208688438,
1,2,6.750393009331524E-4,0.1273395601374253,0.8719854005616414,
0,0,0.9317141557354033,0.0046829151335040725,0.06360292913109271,
0,0,0.8466319153385926,0.15327662495988376,9.145970152368438E-5,
2,2,0.14372551112914544,6.339984350868462E-7,0.8562738548724195,
1,1,0.02542176386985612,0.9713097698665739,0.0032684662635699413,
2,2,0.10740255437970811,6.536442753621135E-4,0.8919438013449298,
0,0,0.9818559478649785,0.0039623117037256754,0.014181740431295699,
2,0,0.7778126249374011,3.507503902743325E-5,0.22215230002357156,
0,0,0.9941500220822345,7.540540961668395E-4,0.005095923821598658,
2,2,0.01427277960752105,0.293601867382952,0.6921253530095268,
0,0,0.972569442351074,2.4412155527989182E-5,0.027406145493398114,
1,0,0.8781856305606545,0.12180430912021015,1.006031913540312E-5,
0,0,0.7418505965265395,0.007344525091647562,0.250804878381813,
1,1,0.005682105643918538,0.9690189540848618,0.025298940271219646,
2,2,5.089908417053501E-4,0.07541936096888814,0.9240716481894066,
0,0,0.8159512716568608,0.18401163458944403,3.7093753695163015E-5,
1,1,0.0069996851791259305,0.5826694021955228,0.4103309126253512,
2,2,0.06009918988148844,0.001278475413425919,0.9386223347050857,
1,1,3.252864920066247E-4,0.9804460349858941,0.01922867852209933,
1,2,0.004969501910002008,0.16444332869902667,0.8305871693909714,
0,1,0.37807786493921225,0.6217687112907043,1.5342377008355644E-4,
0,2,0.36719416749077394,4.752897354042124E-6,0.632801079611872,
1,1,0.06954085211017748,0.9226647242857756,0.007794423604046722,
1,1,0.049898329745184426,0.9481683825822333,0.001933287672582191,
1,1,0.011504819265636726,0.9865476148498427,0.0019475658845206775,
2,2,2.249521208523048E-4,1.3050548196837038E-5,0.9997619973309507,
1,1,0.07977509751164724,0.920148496170481,7.640631787180848E-5,
0,0,0.7384637695321515,0.2585079961583192,0.003028234309529278,
0,2,0.2933319792585115,5.568642619680123E-6,0.7066624520988688,
1,1,0.03125550852537142,0.9490361791683242,0.019708312306304304,
2,2,0.09533359328661287,1.6310753664698989E-6,0.9046647756380206,
1,1,0.31396525655377727,0.6860336573602751,1.0860859476628226E-6,
1,0,0.5948839867186024,0.40505438701955626,6.162626184130524E-5,
2,2,0.012047880660647482,0.002544643445967023,0.9854074758933855,
0,0,0.9183319999407331,0.07972118019696381,0.0019468198623031228,
2,2,0.04864265121560456,0.017281694661587833,0.9340756541228077,
1,2,7.022133189030459E-4,0.3694131309444367,0.6298846557366603,
0,0,0.9966117610852667,4.5966501483267076E-5,0.0033422724132499268,
0,2,0.20260345853449657,3.1208971709750285E-5,0.7973653324937937,
1,0,0.8176110476035385,0.18237265718217802,1.6295214283532476E-5,
2,2,0.18061009080737458,0.06599298885990712,0.7533969203327182,
1,1,0.009214974398673935,0.9907773508652896,7.674736036381152E-6,
0,0,0.9854613281612541,0.004300403854849936,0.010238267983896042,
1,1,0.010493594073447828,0.8760329526502768,0.11347345327627545,
1,1,0.04190245225487665,0.9569056640303553,0.0011918837147681723,
0,0,0.9839829094989124,2.3285385662964755E-4,0.015784236644457928,
0,0,0.8193803458181033,2.1574202312876187E-4,0.18040391215876794,
0,2,0.06441109824879923,1.0856802412057657E-5,0.9355780449487886,
1,1,0.004713750381509785,0.9897313337441992,0.0055549158742910195,
1,1,7.420293226280334E-4,0.9974186645943096,0.0018393060830622597,
0,0,0.9560822423273175,0.04383420035675081,8.355731593166679E-5,
1,1,0.192382513836872,0.8074911186605817,1.263675025462359E-4,
2,2,9.976498753056012E-4,0.00544971695345965,0.9935526331712348,
1,1,0.15664410912838134,0.8433415330501673,1.4357821451180755E-5,
0,0,0.9869918318452839,1.2653456701282854E-4,0.012881633587703195,
0,2,0.48242934343037613,0.0018504527359084037,0.5157202038337155,
0,0,0.9894311070527102,0.0028753845537365097,0.0076935083935534285,
1,1,0.04386276024974063,0.9544756020349568,0.001661637715302472,
0,0,0.9222320821006628,0.07775118379711674,1.6734102220448885E-5,
2,2,0.22268670858226716,2.978906844888226E-6,0.777310312510888,
0,0,0.9746136596204683,0.025335859064199,5.0481315332640337E-5,
1,1,0.13833943358316078,0.8606902089117917,9.703575050475892E-4,
0,0,0.7649264686505005,1.9061870286778173E-4,0.2348829126466317,
2,2,0.017614314259614117,4.3548026293366205E-6,0.9823813309377567,
0,0,0.9869504276935569,0.0130085217105674,4.105059587569535E-5,
2,2,0.015595905697643492,0.0560001814697818,0.9284039128325746,
0,0,0.9828458928705253,0.014947359175103004,0.002206747954371692,
0,1,0.4411691017203635,0.5588223000046956,8.59827494084911E-6,
0,0,0.8795197430707262,4.962429649897741E-4,0.11998401396428424,
0,1,0.35459556169683243,0.6453483333463972,5.6104956770351785E-5,
2,0,0.713097054806527,3.2066049335995146E-6,0.28689973858853945,
0,0,0.9940694185816819,2.9675462078620064E-4,0.005633826797531828,
1,1,0.1257269407484272,0.8742506099283334,2.2449323239443805E-5,
