3,3,1.1317943348102377E-182,3.340710867638069E-93,4.4918692803392817E-125,0.9987069845143264,0.001293015485673694,3.2001921630551524E-125,3.6182852481220944E-166,
2,2,9.288255807399825E-15,0.12002915769060069,0.5974528447647861,0.27777225138575673,0.004745746158847114,2.2176118078223197E-175,0.0,
2,2,9.288255807399825E-15,0.12002915769060069,0.5974528447647861,0.27777225138575673,0.004745746158847114,2.2176118078223197E-175,0.0,
4,3,3.4984350735232616E-241,4.3486714480451336E-241,1.6723073224623731E-90,0.9999999999710769,2.89229755632061E-11,3.198125826825078E-127,1.0649024311060184E-118,
3,3,6.609307085047879E-246,9.7400850064575E-246,1.2004854478681194E-87,1.0,3.855888672321581E-20,9.391288018578811E-144,1.178494403711982E-133,
2,2,5.004797674575565E-237,2.8957912525609386E-47,0.9166239196036652,0.08337608039633485,9.372468770011032E-26,9.436842390608067E-240,1.5869999844176256E-300,
3,3,4.548178386846586E-155,6.355940132562144E-43,7.925737824124444E-241,1.0,2.3772280083528883E-21,3.160507999495311E-183,2.816229443082998E-277,
3,1,1.1667792459519896E-157,0.9992743272542197,1.0059436204255282E-6,7.246668021596897E-4,2.9495598513104875E-69,6.316898966306407E-172,4.977745456932475E-255,
3,1,1.1667792459519896E-157,0.9992743272542197,1.0059436204255282E-6,7.246668021596897E-4,2.9495598513104875E-69,6.316898966306407E-172,4.977745456932475E-255,
3,3,4.548178386846586E-155,6.355940132562144E-43,7.925737824124444E-241,1.0,2.3772280083528883E-21,3.160507999495311E-183,2.816229443082998E-277,
2,2,2.233E-321,3.4926608097253904E-5,0.8254510450282321,0.17451402836367064,1.0114691958327602E-41,0.0,0.0,
2,2,2.233E-321,3.4926608097253904E-5,0.8254510450282321,0.17451402836367064,1.0114691958327602E-41,0.0,0.0,
2,1,3.2153672561290797E-142,1.0,1.6499531047623625E-19,1.5426289497622326E-127,2.2241797193948013E-159,4.753444959407198E-205,9.00006589710118E-237,
2,1,1.1963508465123587E-145,1.0,4.0730584778967815E-19,5.859949027234798E-126,4.221929187489159E-159,7.465151012316015E-204,2.5883159881902333E-236,
4,3,7.817822920831802E-70,2.3493510866408536E-8,0.12444843151222823,0.8040064639063731,0.07154508108788782,2.016591566891607E-191,3.12068387896E-312,
2,2,2.8219663370196336E-141,4.6234712023227613E-209,0.9999970901912372,2.909808762827314E-6,1.5569095396452592E-59,2.8859244305917913E-210,2.0350600814132004E-219,
2,2,2.4295617091E-313,0.007291818272967273,0.5669942831800148,0.42571389854701797,4.773812699241066E-41,1.100714598E-314,3.23351817836E-313,
2,2,1.34700676877E-313,0.008767405624374917,0.5605428741729023,0.43068972020272295,5.594574541449941E-41,7.717143321994982E-304,5.032098486618069E-287,
3,2,4.950418677E-315,0.0016011359047406566,0.6856449042897141,0.31015207600441347,0.00260188380113192,6.1322583467967365E-283,0.0,
3,2,2.9746436933824247E-183,3.950537423774813E-9,0.638302826735358,0.344955341589166,0.01674182772493873,2.0841243432487624E-71,2.03E-322,
2,2,1.355E-320,0.1583822160186944,0.5112874011762522,0.33033038280505345,9.31005519092147E-44,0.0,0.0,
2,3,4.5265819244178474E-83,7.772926363391424E-19,0.18077106229009635,0.8192289377099036,4.102331011968087E-36,1.0705219625465784E-79,0.0,
4,5,2.160347022430846E-269,6.799241744213718E-270,1.21484903431541E-180,0.061956828006776744,0.1546306696255926,0.7834125023676306,1.5367135388035621E-128,
3,2,2.0016882802885252E-268,3.720770350301728E-141,0.993921760341686,4.348285135115513E-4,0.005641625421328944,1.7857234735086298E-6,5.8195342935E-313,
3,2,3.1E-321,8.556141687258916E-46,0.6646020683396604,0.11701740300474966,0.21838052865558988,7.301033629994724E-295,0.0,
4,4,9.590873282763392E-303,6.551716044804752E-301,1.6370011479438915E-104,0.3390616301548303,0.6185132705576967,0.04242509928747304,1.416236536270241E-210,
2,1,3.2916217656376903E-14,0.4439742398609672,0.38039863959325604,0.17555612591305167,7.09946326921055E-5,9.245281362501827E-188,0.0,
3,3,7.42245431106544E-208,3.2239847065543114E-102,0.181693455843277,0.818306544156723,1.34385799593395E-140,2.7665678170243E-311,0.0,
4,4,9.590873282763392E-303,6.551716044804752E-301,1.6370011479438915E-104,0.3390616301548303,0.6185132705576967,0.04242509928747304,1.416236536270241E-210,
3,2,1.033E-321,0.005781485929012949,0.7158445613417963,0.2783739527291908,2.6116116360057252E-42,2.37288E-318,0.0,
3,3,2.1760437685903275E-83,0.004394584979513033,0.28984945671347473,0.6856039556240656,0.020152002682946576,1.9586859892803303E-236,0.0,
2,2,3.46815E-318,2.1664101710126498E-36,0.6161473756257811,0.3838526243380327,3.61861103662992E-11,0.0,0.0,
3,2,1.38428471930885E-310,1.4675493233150018E-34,0.6991272804652237,0.3008720183454934,7.011892830155056E-7,0.0,0.0,
3,3,9.358185331398528E-113,1.8846835276287134E-12,0.38766757875555297,0.5749672327862039,0.037365188456358375,8.491515178914546E-142,0.0,
3,2,1.033E-321,0.005781485929012949,0.7158445613417963,0.2783739527291908,2.6116116360057252E-42,2.37288E-318,0.0,
2,2,2.4113092E-316,0.026075604338824936,0.7181858349902696,0.25573856067090545,8.136920856625949E-44,0.0,0.0,
3,3,1.7452117338223E-311,8.554777377756916E-45,0.42810669273826585,0.5689911621740014,0.002902145087732873,9.410139517732919E-307,0.0,
2,2,3.797294694762244E-142,2.875269282633179E-184,0.9893156803363833,0.010684319663616696,1.3418078425480497E-58,1.581222309712721E-223,2.0823102852577296E-210,
3,4,4.503306119733997E-224,0.0,3.5906476483971583E-40,0.036291165750826054,0.9637088333819167,8.672573382940044E-10,1.8773740079996343E-270,
3,4,4.503306119733997E-224,0.0,3.5906476483971583E-40,0.036291165750826054,0.9637088333819167,8.672573382940044E-10,1.8773740079996343E-270,
3,1,3.505592379372548E-199,1.0,1.6029363135531112E-22,1.6300056824221842E-51,1.1315160541168684E-113,9.62448208484153E-210,1.9690621888892353E-266,
3,2,4.098480042786466E-152,1.816219871681237E-16,0.9999999999999998,3.02741686381339E-148,4.505636410520207E-183,1.1423555726227738E-217,2.2867384662835792E-246,
2,3,3.3981676019691077E-193,1.8538502849000405E-45,1.0981193769221607E-5,0.9999890188062308,1.8821741263854724E-18,1.2251671509484148E-88,0.0,
3,1,3.505592379372548E-199,1.0,1.6029363135531112E-22,1.6300056824221842E-51,1.1315160541168684E-113,9.62448208484153E-210,1.9690621888892353E-266,
1,2,2.10088494694E-313,2.278528076862641E-47,0.5194471597588598,0.4650784902316565,0.015474350009483617,0.0,0.0,
1,2,2.10088494694E-313,2.278528076862641E-47,0.5194471597588598,0.4650784902316565,0.015474350009483617,0.0,0.0,
2,3,1.5896311282408616E-116,1.272837016198444E-7,0.04954498896613702,0.7633220157441009,0.1871328680060605,9.299394651122207E-81,0.0,
2,2,1.4470550139229527E-279,3.1961590448071976E-131,0.9938000795582866,1.3678490711697215E-4,0.006049967084528226,1.3168450068150627E-5,2.3860010602E-313,
2,2,8.101311750887369E-147,2.3403442782894315E-149,0.9999999781820352,2.1817964669905403E-8,7.475864559284785E-62,3.549079079355725E-200,2.0484485064172503E-195,
2,2,8.101311750887369E-147,2.3403442782894315E-149,0.9999999781820352,2.1817964669905403E-8,7.475864559284785E-62,3.549079079355725E-200,2.0484485064172503E-195,
3,3,2.3131456164018605E-301,2.3826150056013455E-302,7.677361175728252E-166,0.5154483958824381,0.21573798260607646,0.26881362151148536,1.438359737398608E-193,
2,2,8.101311750887369E-147,2.3403442782894315E-149,0.9999999781820352,2.1817964669905403E-8,7.475864559284785E-62,3.549079079355725E-200,2.0484485064172503E-195,
2,2,8.5169189678E-313,9.058528791022164E-29,0.641285038516144,0.3586577560572649,5.720542659113184E-5,0.0,0.0,
1,2,9.434838519753413E-19,9.265893466627022E-6,0.9999781108886826,1.2623217850967171E-5,7.688134065146865E-44,6.926651278721638E-122,3.131728662218647E-151,
1,2,9.434838519753413E-19,9.265893466627022E-6,0.9999781108886826,1.2623217850967171E-5,7.688134065146865E-44,6.926651278721638E-122,3.131728662218647E-151,
3,1,8.2845263E-316,0.6693506042946246,0.10819374622707899,0.2224556494782965,3.679999807389638E-44,0.0,0.0,
3,2,1.470725E-318,3.5686558469744546E-4,0.7830481340023127,0.21659500041298976,9.483971859412928E-44,0.0,0.0,
3,3,1.9498795213697E-311,3.2198474899603695E-28,0.4127851471896541,0.5871988722337733,1.598057657256782E-5,0.0,0.0,
4,4,1.6381472697122866E-301,1.0670667682561324E-302,1.373276140705218E-165,0.22112284381616298,0.6285636459884566,0.1503135101953803,9.79820627894683E-115,
3,2,1.3091370814380857E-185,2.245345987963044E-11,0.7589738475367248,0.24102607674359794,7.569722386805492E-8,2.065350644214355E-83,0.0,
2,2,8.9023278632057E-310,5.747659499033141E-4,0.6978137222497877,0.30161151180030904,3.715179842355944E-35,3.1781116855187663E-304,3.7526480034426358E-298,
3,3,1.226578201074E-312,8.367787491625396E-40,0.0540143907238897,0.9458561820589951,1.2942721711504788E-4,1.1222E-319,0.0,
3,2,4.2767784992597554E-281,4.254111844612325E-34,1.0,3.864653270326826E-34,2.646480998619231E-35,2.929044076E-315,0.0,
3,2,9.4506937161389E-154,9.494876032752599E-13,0.9571250360004948,0.0401291212597654,0.0027458427387902127,3.31060783240873E-75,0.0,
2,2,5.0303375961834316E-45,3.4524737519530393E-6,0.999996543350093,4.176155004927905E-9,9.255253936819484E-41,2.0842573009617624E-118,1.5132270744169518E-154,
4,4,1.2649792290909851E-301,1.6067939018296121E-302,4.947510581613612E-173,0.4337449598924957,0.49887232154585637,0.06738271856164796,3.980028985959988E-118,
4,1,2.3506966154E-314,1.0,1.217436058899815E-301,5.1063216730122403E-272,3.963522220331772E-250,1.0219532391557112E-296,0.0,
3,2,5.254255E-318,3.1356831199436385E-44,0.8207074012228132,0.17926593070049052,2.66680766963127E-5,0.0,0.0,
3,2,1.44709936E-315,0.0018242738888127293,0.7121742400046771,0.2860014861065101,3.934859933203471E-46,0.0,0.0,
4,1,2.3506966154E-314,1.0,1.217436058899815E-301,5.1063216730122403E-272,3.963522220331772E-250,1.0219532391557112E-296,0.0,
2,3,2.741539914928743E-153,2.1166939809514007E-16,0.35340331829752386,0.6095749696818464,0.037021712020629594,1.1914851375116738E-153,0.0,
2,2,3.46631085233E-312,1.822973752625935E-46,0.6366911513719826,0.3633006166660407,8.231961976768063E-6,0.0,0.0,
4,5,1.0288465014381699E-175,5.249786817029196E-175,2.4006924616218057E-60,5.034704145556747E-13,6.260745826687735E-12,0.9999999999932359,5.616754232912962E-81,
5,1,6.3655216548683945E-192,0.8466140771477272,0.014934151363071599,0.13667188086520438,0.001779890623996673,2.4272945573017907E-38,0.0,
2,3,6.373584771204032E-292,6.163082326161241E-84,0.01278426246167095,0.987215737538329,5.972348974132811E-20,2.825019498318336E-42,3.24483442178293E-309,
2,2,3.46631085233E-312,1.822973752625935E-46,0.6366911513719826,0.3633006166660407,8.231961976768063E-6,0.0,0.0,
5,1,6.3655216548683945E-192,0.8466140771477272,0.014934151363071599,0.13667188086520438,0.001779890623996673,2.4272945573017907E-38,0.0,
4,5,1.0288465014381699E-175,5.249786817029196E-175,2.4006924616218057E-60,5.034704145556747E-13,6.260745826687735E-12,0.9999999999932359,5.616754232912962E-81,
3,3,2.7905060711764576E-157,0.0012107216964374725,0.025221445846626448,0.6980168460191558,0.27555098643778025,5.3880111653793996E-76,1.1992535592E-313,
3,3,4.914175080473557E-159,0.0045633953895498226,0.03309790717835395,0.8207499824538388,0.14158871497825734,7.237044043326281E-76,2.1976E-320,
2,2,1.074715032569059E-216,6.762829361730658E-43,0.9999993613896349,6.386103651752244E-7,1.1720135233594282E-41,0.0,0.0,
3,3,3.682669190409921E-209,3.411373127002062E-120,1.3173531275133666E-182,1.0,3.11035821653433E-31,2.5885696546696386E-181,8.8206E-320,
1,2,1.831216811594708E-21,8.07390039729106E-8,0.9999999192609869,9.109132113634208E-15,6.978744784103348E-52,3.448103537984988E-129,2.2306812362790674E-160,
1,2,1.831216811594708E-21,8.07390039729106E-8,0.9999999192609869,9.109132113634208E-15,6.978744784103348E-52,3.448103537984988E-129,2.2306812362790674E-160,
2,4,1.53173800461E-312,1.6298615559751965E-136,8.508421088459173E-13,1.7617073391359617E-10,0.9999999998229785,1.4196235606277388E-49,4.155E-321,
4,4,3.957572983289252E-260,4.147697792169066E-144,1.893388413931646E-8,1.0068813878669288E-8,0.9999999628436378,8.153664008183101E-9,4.3691895E-315,
3,2,4.986446207318313E-127,2.4622828329940457E-7,0.7881950086579804,0.0787570204898002,0.13304772462393621,4.8350887831142825E-144,5.835859222505504E-306,
3,2,1.9325798400764353E-193,0.0032297038456448137,0.4738080461998507,0.3124905896607823,0.21047166029372213,2.1361272776692323E-53,0.0,
3,4,1.7443927979951327E-172,3.5750439800488657E-53,3.012298434846653E-142,7.655696807834665E-32,1.0,4.11524878802605E-139,3.9615526638469004E-222,
3,4,1.7443927979951327E-172,3.5750439800488657E-53,3.012298434846653E-142,7.655696807834665E-32,1.0,4.11524878802605E-139,3.9615526638469004E-222,
2,2,6.335092891619E-311,1.2665960339315855E-188,1.0,4.9912705821365895E-161,7.730264482171536E-149,8.03762526265886E-251,2.0825133244240623E-308,
2,2,7.93005716172492E-164,1.4727027636124122E-46,0.9999999999999916,8.492136587529678E-15,1.9998047437958354E-74,2.8983474586728166E-96,2.342272683701937E-101,
3,2,4.986446207318313E-127,2.4622828329940457E-7,0.7881950086579804,0.0787570204898002,0.13304772462393621,4.8350887831142825E-144,5.835859222505504E-306,
2,2,3.096484965115425E-164,1.9445983844395356E-45,0.9999999999999183,8.180320568519461E-14,3.81102880418945E-74,6.2081021046467055E-52,9.89541807477494E-31,
3,2,1.9325798400764353E-193,0.0032297038456448137,0.4738080461998507,0.3124905896607823,0.21047166029372213,2.1361272776692323E-53,0.0,
3,2,2.2424449461783438E-135,4.272730980564937E-9,0.6193531150513767,0.3626235284496345,0.01802335222625788,1.5102065962189707E-35,2.935222720693781E-207,
3,4,5.148038291201423E-237,2.350409745189155E-236,0.2482979783560483,1.645537165898622E-5,0.7468964810417655,0.0047890852305273275,4.912306892920387E-209,
2,2,2.729570270244E-312,1.915676848012047E-68,0.7521234516109531,0.24786920021921582,7.348169831186295E-6,0.0,0.0,
2,2,1.453E-321,0.014636214875018259,0.7530380113410059,0.23232577378397595,3.2106301832715638E-43,0.0,0.0,
3,3,4.4384804688811313E-125,1.538895324160405E-13,0.4084614973494992,0.5525036867060956,0.039034815944251296,2.3453751150433886E-138,0.0,
2,3,4.623592618393037E-146,4.1529119720767416E-8,0.2962973145570213,0.6776613483394136,0.026041295574445393,1.0235967922854075E-288,0.0,
2,2,1.453E-321,0.014636214875018259,0.7530380113410059,0.23232577378397595,3.2106301832715638E-43,0.0,0.0,
3,3,4.4384804688811313E-125,1.538895324160405E-13,0.4084614973494992,0.5525036867060956,0.039034815944251296,2.3453751150433886E-138,0.0,
2,2,2.230095419662045E-109,7.680030900025951E-24,1.0,3.9608013398632325E-106,1.8772302860369267E-130,3.3503182603099126E-169,3.518671940229018E-203,
4,3,1.1549273322374702E-274,3.5664987102091484E-15,3.273189693451249E-7,0.9999996726779071,3.1200346110116123E-12,3.325509808413599E-18,2.5621363420769233E-219,
4,3,0.0,2.5905272028554424E-85,1.1958373266179534E-57,1.0,7.920407774523537E-32,4.6436842996167935E-88,3.5E-323,
4,3,1.1549273322374702E-274,3.5664987102091484E-15,3.273189693451249E-7,0.9999996726779071,3.1200346110116123E-12,3.325509808413599E-18,2.5621363420769233E-219,
2,2,2.2180231221282846E-151,4.6321537709534294E-38,0.9999999999694213,3.057871104448302E-11,2.0559410496276702E-64,9.47518605494783E-187,1.2492298977195293E-198,
4,3,0.0,2.5905272028554424E-85,1.1958373266179534E-57,1.0,7.920407774523537E-32,4.6436842996167935E-88,3.5E-323,
4,3,1.1549273322374702E-274,3.5664987102091484E-15,3.273189693451249E-7,0.9999996726779071,3.1200346110116123E-12,3.325509808413599E-18,2.5621363420769233E-219,
2,3,6.89252691791217E-240,1.812869492256977E-13,0.20102464040097084,0.7989753096063604,4.9992487440274976E-8,2.2715651424645346E-54,0.0,
3,2,2.3815014764777187E-116,2.3662346467825915E-7,0.9999997633765347,4.549089109127395E-16,2.0906567537460053E-18,1.4687012006358962E-116,2.034781530285308E-121,
2,3,9.01481279376E-313,2.640382048499041E-53,0.24798918997067654,0.3853067970492448,0.36670401298007876,9.91963841729171E-297,0.0,
3,2,2.3815014764777187E-116,2.3662346467825915E-7,0.9999997633765347,4.549089109127395E-16,2.0906567537460053E-18,1.4687012006358962E-116,2.034781530285308E-121,
2,3,6.89252691791217E-240,1.812869492256977E-13,0.20102464040097084,0.7989753096063604,4.9992487440274976E-8,2.2715651424645346E-54,0.0,
3,3,3.397768530995524E-159,1.1929290769271066E-71,7.634456680973691E-4,0.9992365527887254,1.5431772568419622E-9,0.0,0.0,
2,2,2.5055403495E-314,0.0018695576632507022,0.5735876650972049,0.4245427772395443,1.1719488594462002E-45,0.0,0.0,
4,4,1.976852903314176E-43,1.482994822954592E-61,3.609634137810746E-38,0.0014107159983102078,0.9985892840016898,8.018494961777627E-37,3.8480870413906314E-136,
2,4,4.5992757718365023E-302,7.220709488409629E-302,4.34982663691177E-157,0.44306979413441705,0.4844466422909673,0.07248356357461569,4.10310592270901E-198,
3,3,3.85165901207194E-310,2.9298214984931268E-36,0.3370385184010211,0.6627082339315955,2.532476673832303E-4,8.234435358458E-311,0.0,
3,4,3.416799193911895E-103,0.007513173407375743,0.012847029645915815,0.4389186694974459,0.5407211274492625,5.542174176748957E-171,2.072677828923E-311,
2,4,4.5992757718365023E-302,7.220709488409629E-302,4.34982663691177E-157,0.44306979413441705,0.4844466422909673,0.07248356357461569,4.10310592270901E-198,
3,4,2.5050016187907776E-48,9.53021134877823E-118,7.905041175279212E-43,3.160205271684306E-12,0.9999999999968399,1.5127771691895852E-40,1.9665337166096551E-140,
2,2,1.5807657830735124E-71,1.3173795322292121E-51,1.0,5.297242144180672E-18,9.11270407628317E-52,1.4767844894110524E-59,3.079490447444147E-92,
2,2,9.000656451216E-312,1.9482917201673013E-18,0.6664794288784812,0.3335149453159151,5.625805603725865E-6,0.0,0.0,
2,3,4.975212084344574E-102,5.78785311265169E-46,8.735935622608982E-106,1.0,6.205694681490008E-37,4.647006925169128E-31,6.314E-321,
3,2,2.4983606856729982E-83,5.189543512431952E-51,0.9545043281653631,0.04549567183463692,3.727373727872984E-90,6.89086801873781E-18,1.5060950220703634E-137,
2,2,5.131962478690508E-266,9.194502917042115E-5,0.9999080549708296,6.643244602798099E-19,3.698985848609664E-21,3.454396769045198E-257,2.3723093417061413E-287,
2,3,5.246822260517207E-105,5.567406150037471E-18,0.16623990028973987,0.7705522400439871,0.06320785966627283,4.842587845578195E-163,0.0,
4,4,4.289083691435987E-97,6.532969284768736E-97,1.376514190945396E-30,1.3098111017046124E-27,0.9999999543784338,3.496954623854775E-61,4.5621566167986106E-8,
3,2,2.5818867398119802E-213,2.833708884694792E-103,0.9859114001130279,0.014088599886972218,2.322671385929656E-141,1.5638453916136404E-298,0.0,
2,3,1.11992785906373E-196,3.3020824597762255E-106,4.425579954483961E-54,0.9999994840059576,5.159940424337393E-7,1.4967546513014117E-87,7.991656518026473E-226,
4,4,2.3105454325199324E-111,1.3250119465558561E-73,6.768991984692237E-41,1.8399530964422438E-8,0.9999999816004691,5.405388053056633E-207,7.795356988686132E-308,
4,4,2.3105454325199324E-111,1.3250119465558561E-73,6.768991984692237E-41,1.8399530964422438E-8,0.9999999816004691,5.405388053056633E-207,7.795356988686132E-308,
4,4,2.3105454325199324E-111,1.3250119465558561E-73,6.768991984692237E-41,1.8399530964422438E-8,0.9999999816004691,5.405388053056633E-207,7.795356988686132E-308,
4,4,2.3105454325199324E-111,1.3250119465558561E-73,6.768991984692237E-41,1.8399530964422438E-8,0.9999999816004691,5.405388053056633E-207,7.795356988686132E-308,
4,4,2.3105454325199324E-111,1.3250119465558561E-73,6.768991984692237E-41,1.8399530964422438E-8,0.9999999816004691,5.405388053056633E-207,7.795356988686132E-308,
4,4,2.3105454325199324E-111,1.3250119465558561E-73,6.768991984692237E-41,1.8399530964422438E-8,0.9999999816004691,5.405388053056633E-207,7.795356988686132E-308,
3,3,1.6611302832251265E-220,9.162466761513874E-14,0.3536800285862332,0.6388309358646352,0.007488994602458903,4.09465809742911E-8,0.0,
4,4,2.3105454325199324E-111,1.3250119465558561E-73,6.768991984692237E-41,1.8399530964422438E-8,0.9999999816004691,5.405388053056633E-207,7.795356988686132E-308,
1,1,3.097451721086366E-12,0.4525968394913797,0.39733480762296114,0.15004837404527424,1.9978837287608205E-5,3.0385815117101253E-224,0.0,
3,3,1.389741992603971E-201,1.8514531477320975E-6,0.22659846370006878,0.5862213636618497,0.18717832118493372,9.179621837871778E-22,5.2492204076E-314,
4,3,2.5341054706756357E-203,5.0809841209110374E-203,1.0885031916995779E-72,0.9998957253021912,1.0427469780881904E-4,6.745036156331266E-42,2.1512429351574022E-189,
2,3,5.293160491953201E-212,4.761732785039375E-55,0.36388416310366895,0.6165353713369741,0.0195804655593569,7.809725118937321E-70,1.3637736372916356E-241,
2,4,1.0679041295109748E-295,2.230801992542128E-130,6.939203894079404E-9,7.472890088917625E-6,0.9999925201707073,2.7736740393384134E-46,1.700998E-317,
4,4,2.31874609018865E-178,1.9172464213973527E-176,6.680431128764287E-113,3.717378914965665E-91,1.0,1.8948179057331E-17,2.1499082152996284E-96,
2,1,1.2743896977793384E-166,1.0,2.0188392242185035E-18,5.40438577202306E-33,4.737440510402831E-83,0.0,0.0,
2,3,4.5236370655367E-311,2.895564455275006E-33,0.39708835809480975,0.6029116302410372,1.1664153057576564E-8,4.9E-324,0.0,
3,4,1.8291610976359111E-258,0.0,6.386041512581985E-61,0.3823426401203462,0.6176573598796539,2.1062151584569057E-57,4.815111354093173E-269,
2,3,4.5236370655367E-311,2.895564455275006E-33,0.39708835809480975,0.6029116302410372,1.1664153057576564E-8,4.9E-324,0.0,
3,2,1.5505938043333405E-244,6.053722279220995E-65,0.9999999999923992,7.60076920638917E-12,5.797142564596643E-32,1.4945505364504155E-267,0.0,
4,3,1.8322481689805018E-219,5.044271638445703E-11,0.003307809738226166,0.9966921900622301,1.491011345351252E-10,8.439781862143216E-18,3.673456543408034E-216,
2,2,8.865851933655135E-87,4.862893198617722E-14,0.9298745986601334,0.05683717412609049,0.013288227213727384,1.5857823540950517E-241,6.23E-322,
3,4,1.8291610976359111E-258,0.0,6.386041512581985E-61,0.3823426401203462,0.6176573598796539,2.1062151584569057E-57,4.815111354093173E-269,
4,5,2.5347767008797556E-171,3.369472853658422E-170,1.6294496831268036E-73,1.8315525417635354E-36,0.024789561964943894,0.975210438035056,1.8629366024495946E-84,
4,5,2.5347767008797556E-171,3.369472853658422E-170,1.6294496831268036E-73,1.8315525417635354E-36,0.024789561964943894,0.975210438035056,1.8629366024495946E-84,
3,0,1.0,1.0327199885989939E-33,3.598826646022526E-35,3.394717692140854E-39,7.680467022778334E-28,3.3669329074368664E-68,3.2395262391637724E-68,
3,1,2.5196129768957498E-154,0.9104760365906874,3.289505122854473E-4,0.06871196691610244,0.020483045980924753,4.9378386056432936E-73,3.45343320358901E-306,
3,3,0.0,1.275956431751515E-116,0.33022314366198735,0.6660213212177647,0.0037519469913687,3.588128879297152E-6,2.52180962380795E-310,
3,3,0.0,6.731727070024798E-112,0.22734138704960652,0.7299737144487944,0.03540489967619338,0.007279998825405678,2.3893594166693E-311,
3,0,1.0,1.0327199885989939E-33,3.598826646022526E-35,3.394717692140854E-39,7.680467022778334E-28,3.3669329074368664E-68,3.2395262391637724E-68,
2,2,2.297E-321,4.3195545479180386E-4,0.8927741374982546,0.10679390704695359,9.658744221180469E-41,1.815444597887E-312,0.0,
2,2,1.33002E-319,0.03749814225002534,0.6551818951359102,0.3073199626140645,1.474965522705996E-43,0.0,0.0,
4,5,2.5347767008797556E-171,3.369472853658422E-170,1.6294496831268036E-73,1.8315525417635354E-36,0.024789561964943894,0.975210438035056,1.8629366024495946E-84,
2,2,8.35E-322,1.595363614971053E-4,0.6878687480247773,0.31197171561372566,1.2537409502727534E-41,0.0,0.0,
2,4,6.191869802120992E-85,1.9009697653588734E-83,3.4335742599607873E-17,3.604391773467639E-15,0.9999999999999964,7.188906247484122E-21,2.679466028749476E-24,
4,3,1.899924850898692E-172,5.654257010124967E-12,0.041292129599397744,0.5519383452553352,0.4067695251396127,2.9426036954496903E-255,8.30012372863E-312,
4,3,1.899924850898692E-172,5.654257010124967E-12,0.041292129599397744,0.5519383452553352,0.4067695251396127,2.9426036954496903E-255,8.30012372863E-312,
4,3,1.899924850898692E-172,5.654257010124967E-12,0.041292129599397744,0.5519383452553352,0.4067695251396127,2.9426036954496903E-255,8.30012372863E-312,
4,3,3.0404526609326246E-281,2.0879305960512584E-136,4.885664409268628E-7,0.9999987264882655,7.849452936718639E-7,8.892747821930098E-40,1.0598345865351211E-307,
3,3,6.884051101660936E-215,2.330038671013064E-102,0.2879472674616194,0.7120527325383805,8.557239019940759E-137,2.1946021329631857E-294,0.0,
2,2,5.395E-321,2.095686410535309E-4,0.7736098534193706,0.2261805779395758,9.14458086450475E-42,1.230877466829055E-301,0.0,
2,2,8.35E-322,1.595363614971053E-4,0.6878687480247773,0.31197171561372566,1.2537409502727534E-41,0.0,0.0,
4,3,3.0404526609326246E-281,2.0879305960512584E-136,4.885664409268628E-7,0.9999987264882655,7.849452936718639E-7,8.892747821930098E-40,1.0598345865351211E-307,
4,3,1.899924850898692E-172,5.654257010124967E-12,0.041292129599397744,0.5519383452553352,0.4067695251396127,2.9426036954496903E-255,8.30012372863E-312,
2,4,6.191869802120992E-85,1.9009697653588734E-83,3.4335742599607873E-17,3.604391773467639E-15,0.9999999999999964,7.188906247484122E-21,2.679466028749476E-24,
2,3,5.31085683477728E-88,2.593823792804206E-205,5.884484931417058E-14,0.9999999999999412,3.933607556780471E-120,4.863549077464381E-42,7.06410303976449E-168,
4,4,1.4479970704768864E-100,6.848419464422779E-6,0.02663013092817088,0.22611000129884887,0.7472530193535158,6.993355011215066E-54,4.0907978348034005E-307,
4,4,1.2384600914061155E-263,1.4965414885611137E-264,2.721977978012166E-136,5.8318481515547655E-58,1.0,1.2456313865106871E-133,5.21547069165906E-137,
3,3,1.4140216512059788E-180,2.1254861485699814E-41,5.369369784829959E-7,0.9999994630630215,2.4794609189069346E-21,6.576716199807179E-119,5.357072055E-315,
2,3,1.341962829205266E-177,2.475180592506206E-181,1.510859547805832E-75,1.0,1.728898816508686E-91,6.729968224057129E-79,5.9412270602769114E-161,
3,4,9.282033323897521E-203,7.797479093768213E-110,6.318558480209922E-49,1.6847717969144405E-19,1.0,0.0,0.0,
4,6,1.570046992753447E-72,4.2769690123135665E-72,3.913396829258707E-6,0.0021287648042861867,1.3045608899906346E-5,1.3383087464773715E-12,0.9978542761886463,
2,2,6.431737237022715E-186,5.01429698178841E-22,1.0,5.039443788059445E-50,4.213663877216797E-115,0.0,0.0,
2,2,2.380639050476151E-183,1.0154902523571974E-9,0.896886008273959,0.10311392961441217,6.109613871890756E-8,2.5453807275259448E-95,0.0,
2,2,4.3177461468137356E-228,3.1805113861500582E-19,1.0,1.813048465916962E-49,2.636029872020886E-29,8.908922145567861E-282,6.191015056896796E-305,
3,3,2.3870144698821212E-111,3.6268307447371793E-228,7.366578325297071E-80,1.0,3.513402636181094E-91,6.840647488737136E-80,1.8243896602849366E-185,
2,2,2.380639050476151E-183,1.0154902523571974E-9,0.896886008273959,0.10311392961441217,6.109613871890756E-8,2.5453807275259448E-95,0.0,
2,2,4.3177461468137356E-228,3.1805113861500582E-19,1.0,1.813048465916962E-49,2.636029872020886E-29,8.908922145567861E-282,6.191015056896796E-305,
3,5,5.51708094907535E-194,2.3412632610387517E-193,8.154096140030972E-21,2.0008259964419865E-10,8.721781790231588E-27,0.9999999997999174,2.7301940282614293E-59,
3,2,3.447697826235151E-258,4.155775420044171E-25,1.0,9.376294443614795E-25,3.8398457610469666E-22,1.5692690563029929E-29,8.992372324128709E-225,
3,3,3.349598055083586E-92,8.821617866098181E-224,1.4637765642009262E-62,1.0,3.7719699777266174E-51,1.283509823753132E-60,9.458342550470952E-163,
2,2,8.959733548050913E-191,1.078398546915054E-50,0.9999999972881457,2.7118392839342767E-9,1.5171556623443754E-14,7.12237714635858E-46,4.444001853824776E-282,
2,2,2.3123470271822647E-148,1.5377938187987964E-23,0.9098701008283449,0.09012989917165518,1.1465716445579548E-36,2.35448583590233E-140,2.5E-323,
2,2,1.83813187E-315,2.1857600065190526E-16,0.54594211202528,0.454037792705039,2.0095269680763428E-5,0.0,0.0,
3,3,1.0992251846083694E-186,5.3822858978160825E-5,0.10307898084726631,0.8846825474983954,0.012184648795360156,2.1988903250098062E-40,0.0,
4,3,1.1738503411133071E-210,4.761781140799964E-9,0.22327435478601187,0.6515606701197603,0.1251649703317479,6.987536333051954E-13,3.9056E-320,
4,2,5.926416471341176E-202,3.804084016186053E-13,0.9999844824719277,1.5517527691971554E-5,3.1918525113254072E-127,7.188388937660261E-205,1.9702702502534745E-209,
2,2,4.281103523768783E-129,1.953790077153293E-9,0.7311914343058545,0.25032725352713925,0.01848131021321614,5.957063516208401E-87,0.0,
3,2,4.990278629518488E-103,4.217621550821625E-34,0.8816805304265876,0.11831946957341237,1.8574220534471237E-35,1.2717603350813871E-244,8.568862723424E-312,
3,3,1.0992251846083694E-186,5.3822858978160825E-5,0.10307898084726631,0.8846825474983954,0.012184648795360156,2.1988903250098062E-40,0.0,
2,2,2.7325693155162236E-214,7.870830600693424E-102,0.5751965950028295,0.4248034049971705,1.3942765120306468E-136,4.526971959028785E-287,0.0,
2,2,3.0205383857526003E-10,0.187384487857911,0.647931009738139,0.1646436505546786,4.085154721747675E-5,1.0512067436546932E-261,0.0,
4,4,3.3314803150931674E-61,1.0293036850400158E-224,1.744057138467753E-42,1.0913260477595838E-6,0.9999989086739522,1.3705831261630575E-37,4.1174687083454325E-136,
2,2,1.31323647E-316,0.04557038741665133,0.6816022818678737,0.272827330715475,3.080612041159299E-43,4.4457191589322E-310,0.0,
2,1,8.696834012761326E-183,0.9999999919645212,8.035478791062968E-9,1.0233692996408239E-47,7.011554428629254E-111,0.0,0.0,
2,3,1.866399164826178E-76,0.009068188630143269,0.005776316907768868,0.9833349024101757,0.001820592051912156,6.035058347173216E-135,7.9E-323,
1,3,2.7944587377240034E-89,2.554406949199817E-13,0.10988621842095353,0.8211574784711135,0.06895630310767766,1.495638621460114E-134,0.0,
4,3,1.7638607190820173E-242,2.4480113504792183E-241,3.722252096416719E-47,0.999999988664109,1.1335891001042641E-8,1.1545926800283316E-43,1.7471215641417999E-218,
4,3,8.802544011757423E-166,1.7801370939940706E-7,0.09363519005235958,0.530274604732437,0.376090027201494,1.212391565552613E-238,8.19749145E-316,
3,4,9.81675124031331E-50,9.780720078507725E-58,7.078807994026855E-43,7.657101019421519E-12,0.9999999999923428,1.8129905992644178E-40,2.965293992206068E-140,
3,3,1.4514603583181268E-214,1.25844925761067E-102,0.010699268761767104,0.9893007312382329,1.9463192642018952E-137,1.1815760495386055E-280,0.0,
3,3,6.023635498043218E-252,5.507000564032883E-64,0.017330929613931303,0.9812925746149228,0.0013764957711461085,9.488782401046226E-72,3.706929512125241E-241,
3,3,4.475619971727177E-287,1.0967450233815117E-44,1.5975813324455758E-7,0.9999998402414252,4.415727707489415E-13,8.11237428932405E-17,6.914048724585193E-222,
5,2,2.0652447331149243E-259,9.291112630510192E-22,0.9999700296320846,2.9970364155750147E-5,3.759730686632714E-12,1.0747837035411049E-17,6.337444704417195E-216,
4,4,1.0438981259534586E-302,1.5748723923467221E-302,7.269678608964289E-96,0.18073177149944825,0.7728864452090535,0.046381783291498384,1.790709294814509E-108,
2,2,2.57711657506023E-310,4.684564696535582E-55,0.5248785294338032,0.4748158461541691,3.0562441202774406E-4,0.0,0.0,
4,4,2.206442629333122E-248,1.4881747193768728E-249,8.922856399421414E-110,8.583814027885895E-15,0.9999999999955487,4.442672855339254E-12,9.646797068457843E-32,
4,2,5.612260554497296E-266,8.370304944353525E-98,1.0,2.784416361419086E-19,4.2805193913648186E-17,7.193142046205976E-86,1.931243E-318,
3,3,2.6138151449941604E-52,1.6581666556425562E-37,1.5868538704924087E-76,1.0,4.819862010984493E-40,3.111932812612021E-60,3.2956531980340133E-101,
2,3,1.1893289637701747E-113,5.185908477157227E-12,0.345925732989243,0.6296180247111839,0.02445624229438721,3.013790141586182E-152,0.0,
4,4,2.206442629333122E-248,1.4881747193768728E-249,8.922856399421414E-110,8.583814027885895E-15,0.9999999999955487,4.442672855339254E-12,9.646797068457843E-32,
4,4,1.0275086863586109E-248,5.756641014756725E-250,1.8106017234453978E-113,4.426767719032424E-15,0.9999999999991913,8.042486940641486E-13,1.5868326254890639E-27,
4,3,5.973001953321484E-201,6.138828988137773E-7,0.3459043988147642,0.3909555894077087,0.2631393978946283,1.141306812771069E-18,3.0E-323,
3,2,1.896082915113355E-171,2.0082461870215763E-17,0.9999999999999898,3.2548648176843823E-31,1.017605585299478E-14,6.7512858027254365E-186,4.7139593394479936E-189,
4,2,2.0179791944278338E-190,1.2279796968919759E-72,1.0,9.178511457641727E-25,1.1151721915787706E-70,1.012963844421479E-220,0.0,
4,4,1.294039419E-314,6.342993345975844E-40,0.1638655711342394,0.01893359063893101,0.8172008382268295,4.08890433E-316,0.0,
3,3,4.3263517031529395E-243,8.625570418151813E-14,0.040261775863104525,0.9597382240236398,1.1316942408471136E-10,5.627642573879253E-18,3.829412314487754E-215,
3,4,7.74907888978871E-180,0.0,0.0,0.28490780761968004,0.7011216888554882,0.013970503524831649,8.760011023139311E-270,
2,3,1.410972729773023E-309,2.9627826716127092E-21,0.4321752744359669,0.56667930224504,0.0011454233189932086,0.0,0.0,
3,2,2.9302381227787545E-192,6.127572656190719E-6,0.619149585137052,0.32732195452094703,0.053522332769344684,2.7372732271261425E-50,0.0,
3,4,2.658801564413451E-207,0.0,1.0112371206120556E-281,0.06120440896788545,0.5675727865212045,0.37122280451091,1.840866120688281E-267,
3,2,2.972356155601254E-82,9.106889854555487E-32,0.9277857857284623,0.07221421427153779,4.158749170647449E-36,7.390114083569314E-226,0.0,
3,3,2.6894788975048443E-178,0.0,3.331893037519514E-33,0.5159922812095536,0.47576831447729595,0.008239404313150317,1.9467816639805138E-271,
2,3,1.410972729773023E-309,2.9627826716127092E-21,0.4321752744359669,0.56667930224504,0.0011454233189932086,0.0,0.0,
3,4,2.5266152582565054E-302,6.101812871680254E-302,3.971935308636534E-168,0.3216370415217909,0.5890108940558816,0.0893520644223275,2.243091897424843E-201,
4,4,2.642430548474605E-307,1.7282399218571058E-94,8.980923587085712E-14,9.809029310303534E-21,0.9999999999999103,1.2987111910878685E-80,1.6661510767E-313,
3,4,2.658801564413451E-207,0.0,1.0112371206120556E-281,0.06120440896788545,0.5675727865212045,0.37122280451091,1.840866120688281E-267,
2,2,7.495874131944512E-198,5.115343122082778E-15,0.7702586276688939,0.22974126127695374,1.1105414732283762E-7,9.206885397701759E-82,0.0,
3,2,2.972356155601254E-82,9.106889854555487E-32,0.9277857857284623,0.07221421427153779,4.158749170647449E-36,7.390114083569314E-226,0.0,
3,2,2.9302381227787545E-192,6.127572656190719E-6,0.619149585137052,0.32732195452094703,0.053522332769344684,2.7372732271261425E-50,0.0,
3,2,5.2401E-319,0.07963042427712658,0.6889999263570806,0.2313696493657928,6.544095013612618E-43,1.5E-323,0.0,
3,2,1.7965573040232668E-180,1.1699965303028167E-48,0.7751638056391418,0.05472601545409976,0.1701101789067585,3.7789880314788535E-69,1.3123184076511514E-240,
3,2,1.41E-321,1.1809088113753233E-207,1.0,3.999716177170401E-158,8.055273197992373E-204,0.0,0.0,
3,3,1.3842669187095827E-120,7.570691481353034E-5,0.07867612630175022,0.7265529273794057,0.19469523940403052,1.1489165875398623E-60,4.82137E-318,
3,2,1.7965573040232668E-180,1.1699965303028167E-48,0.7751638056391418,0.05472601545409976,0.1701101789067585,3.7789880314788535E-69,1.3123184076511514E-240,
3,5,3.041215119181508E-303,2.846967624317716E-303,3.2163099873423206E-78,0.00227276885723202,0.025722982860891433,0.9720042482818766,5.770877940818468E-191,
3,3,1.619556105608385E-148,7.782835310114932E-150,0.13580382002014285,0.8641961799798572,1.7429373655798942E-37,1.0405476514087116E-188,1.6887484287552747E-201,
2,3,1.0136526450586038E-255,2.2731395890967325E-114,2.400107718988662E-47,1.0,1.903653365100429E-18,1.422101838137188E-79,3.6604962E-316,
3,2,1.41E-321,1.1809088113753233E-207,1.0,3.999716177170401E-158,8.055273197992373E-204,0.0,0.0,
3,2,5.2401E-319,0.07963042427712658,0.6889999263570806,0.2313696493657928,6.544095013612618E-43,1.5E-323,0.0,
4,4,7.870036922557566E-174,1.745806200227695E-171,1.4892627152990333E-92,3.768233796373132E-94,0.9999999788032299,2.1196770007477326E-8,6.572343974888607E-99,
2,2,1.070963830509057E-145,9.477726987640298E-154,0.9999908008350662,9.199164933714885E-6,8.554273998140445E-75,4.81490013633492E-254,1.7522852259411807E-195,
2,2,1.070963830509057E-145,9.477726987640298E-154,0.9999908008350662,9.199164933714885E-6,8.554273998140445E-75,4.81490013633492E-254,1.7522852259411807E-195,
2,2,1.070963830509057E-145,9.477726987640298E-154,0.9999908008350662,9.199164933714885E-6,8.554273998140445E-75,4.81490013633492E-254,1.7522852259411807E-195,
3,2,7.753233906363316E-196,8.214567998944165E-55,1.0,3.2019135023669176E-17,9.092757698561335E-22,1.383208310309369E-101,0.0,
3,2,1.255957801960401E-194,3.1968929956396664E-52,0.9999999999999989,1.074758406147147E-15,3.8026550984840123E-19,9.462230745015257E-102,0.0,
3,3,1.525342777508596E-308,1.4840002279631223E-43,0.43032089909899796,0.5675027974819705,0.0021763034190315695,3.988224678304E-311,0.0,
2,2,1.070963830509057E-145,9.477726987640298E-154,0.9999908008350662,9.199164933714885E-6,8.554273998140445E-75,4.81490013633492E-254,1.7522852259411807E-195,
3,3,1.8196610961564469E-112,9.331152675968455E-14,0.23828497117505557,0.7242413490635737,0.037473679761277454,2.7517663853974456E-157,0.0,
2,3,1.4558690812979503E-158,7.967973817084115E-22,8.572474471995544E-53,1.0,9.750823968427967E-48,4.309058229621388E-284,3.4558920460331026E-217,
2,3,1.4558690812979503E-158,7.967973817084115E-22,8.572474471995544E-53,1.0,9.750823968427967E-48,4.309058229621388E-284,3.4558920460331026E-217,
2,3,7.255168551037605E-193,4.279374378661834E-6,0.14012286958610157,0.7498184777904114,0.11005437324910833,1.1111482834694274E-66,3.5E-323,
2,3,3.3014033167634426E-206,1.502272719508016E-8,0.37176074095051587,0.5829278753458536,0.04531136868090324,1.7580506030625137E-72,0.0,
3,3,1.8196610961564469E-112,9.331152675968455E-14,0.23828497117505557,0.7242413490635737,0.037473679761277454,2.7517663853974456E-157,0.0,
3,3,2.8326764432385124E-100,2.704000617293944E-14,0.23120735726957958,0.7208874046650645,0.04790523806532877,4.2716913641679876E-155,0.0,
3,3,2.168747285848335E-96,2.2288142263615604E-14,0.0956652696794789,0.8333098710869801,0.07102485923351874,2.630880470571594E-153,3.0E-322,
2,3,1.4558690812979503E-158,7.967973817084115E-22,8.572474471995544E-53,1.0,9.750823968427967E-48,4.309058229621388E-284,3.4558920460331026E-217,
3,3,5.3037E-319,4.50332220941086E-103,1.0496291975459817E-98,0.9999999997311801,2.6881993786400687E-10,1.3528902341270332E-78,7.96496035E-315,
3,2,0.0,5.833207721917436E-247,1.0,9.024543416037913E-219,5.303310446383152E-216,7.498654197782252E-308,0.0,
3,3,0.0,4.4609338034418745E-86,7.89031552096386E-67,1.0,9.216915160717166E-21,2.770562182436462E-83,2.70582403E-316,
4,3,6.4385412755757095E-55,2.593068244494404E-207,2.9566506392810814E-40,0.9999855038453845,1.4496154615398E-5,3.1199848607694795E-37,2.8693071812132066E-138,
2,2,5.19695203858295E-309,2.5107625088603477E-5,0.5809609030774118,0.4190139892974998,2.5053831149781294E-36,0.0,0.0,
4,4,6.229498737760511E-154,0.0,8.144090866673555E-149,0.12055941559892033,0.7646653887272085,0.1147751956738712,3.0653516552243156E-270,
3,3,9.196170860315118E-102,5.517400226921962E-36,5.132516198427108E-164,1.0,3.313551949305088E-33,4.968604562426127E-19,3.121906175418805E-308,
3,3,0.0,4.4609338034418745E-86,7.89031552096386E-67,1.0,9.216915160717166E-21,2.770562182436462E-83,2.70582403E-316,
2,3,1.6882201032114396E-196,9.848487970628646E-9,0.13144972674963412,0.7052152811094704,0.16333498229240737,1.8968204428542123E-34,3.576176264004207E-307,
3,3,6.361548624320402E-149,0.002900600203650644,0.0035335347323709053,0.9528990990865432,0.040666765977435154,3.6224475935052504E-90,2.5E-323,
3,3,1.6627148130367288E-218,1.794147881774652E-11,0.17500061462614444,0.7839348803911464,0.041064504453328696,5.114388137897232E-10,1.0E-323,
3,2,5.605214556127547E-279,1.8417109717695252E-23,1.0,1.8686241406175953E-28,9.096849226003304E-30,0.0,0.0,
4,4,1.3295368046098438E-174,3.389488064275986E-172,8.566628337046014E-54,2.6003364670590727E-37,0.9999806547454481,1.934525455197895E-5,1.1171486281006828E-91,
2,3,6.004984560142957E-184,0.05977389253224779,2.557714558366391E-16,0.9402261071889093,2.7884280659191966E-10,3.182074218330613E-226,1.7512238292E-313,
2,2,1.3963397206187757E-305,2.410632483677792E-35,0.6375371551564366,0.36246284295454817,1.8890152433288834E-9,0.0,0.0,
