3,3,0.02857699178734428,0.07112109396469558,0.0018721106289159666,0.8917902086631798,0.0016387396958367285,3.579004698571459E-4,1.6867777772005051E-9,0.004638482712294179,4.361391521682554E-6,1.089995768398664E-7,
1,0,0.5594299770493778,0.34441427404215763,0.08398058129322535,7.014845683071347E-5,4.5585754826113646E-4,1.4389681477709082E-8,6.603053449643924E-4,0.0030724175650143236,0.007916416641148232,7.6693389787366E-9,
2,2,0.1452976987409015,0.07725759194471235,0.7629989066806091,1.136876505743812E-5,0.0027506534593038333,1.046966414092498E-6,0.0037198292331164593,0.0031812450750522505,0.004779738669136123,1.920465696587462E-6,
5,5,2.281112896852021E-5,6.921319572664683E-5,0.006103005262812694,0.003502949954496089,0.00806817728865241,0.9817598826701437,2.346332722441758E-4,2.3646032918245603E-4,5.414143414398052E-7,2.325483431881527E-6,
7,3,3.8331157966271895E-5,3.3662741658988985E-4,9.928424221720446E-4,0.9985121404899671,3.563646007248189E-5,4.983108653625096E-6,3.272928723955622E-11,7.913283208877802E-5,3.0568347883089865E-7,3.962821207974439E-10,
7,0,0.5996568130312527,0.19777371642468078,0.1462473109594618,0.003590869402916441,0.008940285227951683,4.1996828416280414E-5,0.004312379951116801,0.021183379980272993,0.018253049048197297,1.9914573317931932E-7,
7,4,0.10570636777847629,0.036870398241695704,0.25363257857243293,1.0408198228984335E-5,0.30922635440428897,0.002906715446462572,0.21074695168313728,0.012490450934883898,0.0026561907827923163,0.06575358395760122,
7,0,0.5402587961307685,0.16361823819092175,0.2223900229658876,0.01934416638196865,0.008211394510837343,3.4570773558183817E-4,0.0056436663810879705,0.01536772864284508,0.024819977599687116,3.0146041424516397E-7,
7,0,0.6074864889655417,0.3060531576502499,0.06714098337869809,5.099785400725585E-4,7.708527001261354E-4,9.056357483217725E-8,3.960752712497938E-4,0.007857302892727843,0.009785067810602968,2.2271564958960833E-9,
1,0,0.35510986203552886,0.26217359300165666,0.29254658507884085,4.000009811460822E-5,0.040179843853609266,4.480757383563974E-6,0.0020427593272111036,0.042842546838311624,0.005059115563033954,1.213446309447822E-6,
2,1,0.1535987281065499,0.5146545301292362,0.31483949720044163,0.004005527610356042,0.004578944128697878,2.0858868935130147E-5,1.0877329838979848E-4,0.001822855072229039,0.006370284062674,1.5224902979358689E-9,
2,2,0.22361793002402278,0.22047072169309348,0.5204029935495552,0.007585607409340459,0.007213354814856562,5.269089758639701E-4,0.003701672940708857,0.0019624356785259483,0.01451784421545197,5.306985805890544E-7,
2,4,0.13726813030222051,0.037330466272285937,0.12938457366361444,0.020363655137981617,0.524044089057962,0.12479929413349869,0.026711175766419917,1.6437025190916216E-6,6.293968996118527E-5,3.4032273536723385E-5,
2,2,0.03823734356589433,0.08419558241684136,0.6046830404535195,1.5792261468158887E-4,0.007561132005253163,0.0017200987747598223,0.24542508232232582,1.5865723890369046E-5,0.0179895849426955,1.4347180138433413E-5,
2,1,0.32299619198368196,0.3908968934418103,0.2695058611456235,6.71968352734776E-5,0.003735391827436306,3.0360125157032044E-7,2.5015682676808663E-4,0.009341208658458533,0.003206694006036908,1.0167365943572667E-7,
2,1,0.4097405437233605,0.5594485973409893,0.025491846412142263,1.6211844263779525E-4,6.131874175410525E-5,3.169204591032043E-10,2.783137379044923E-6,0.0037567701195250656,0.0013360217273795283,3.791204924378458E-11,
2,0,0.3822542503079713,0.33008053409979804,0.2500544591638329,5.931146284763529E-5,0.010248621789865561,1.93945114937304E-6,0.008253036439946945,0.0045260396942769544,0.014521608478550706,1.9911176067848715E-7,
2,8,0.13636612483404018,0.018426537990586158,0.2748420270764164,0.001331147556895776,0.004611747526138273,9.463042809030327E-5,0.006406297014330796,0.002001150297580147,0.5559200061797847,3.3109613733347016E-7,
2,2,0.02852680249832228,0.08987163555414782,0.8414247117000084,0.0011124978081337683,0.01809817891757776,0.008179710114464249,0.006755524290292432,1.4126049324722262E-4,0.0058873884499375875,2.2901738684274537E-6,
2,2,0.3278389493200438,0.22208414559639053,0.42222723038631593,9.94682618806137E-6,0.004457326379654432,4.7665511807186567E-7,0.011722136908732791,0.002706095976865071,0.008951046072127475,2.645878563817132E-6,
0,0,0.471562086346891,0.3656580189659192,0.11597359280252512,0.003846209259313567,0.01838320402375082,1.2745733477663375E-4,0.0035844401451694315,0.009352162236453309,0.01151212554419759,7.033410030375811E-7,
0,1,0.3499329176339478,0.3685082152258197,0.2191927096993791,0.0034431907085084165,0.031080106869358106,2.4901691596632234E-4,0.003713295646719602,0.008617642640173069,0.015262706848280025,1.9781184778329864E-7,
0,0,0.634307065636297,0.349469559140492,3.2172239743292737E-4,0.007275286486290396,5.97755353213341E-4,4.178866638555849E-6,4.502975156662973E-5,0.006597648923575946,0.0013674519420103204,1.430150248288196E-5,
0,1,0.2562915267857221,0.5249456875573999,0.18312200317622676,5.4045607574197166E-5,0.0013999280058494795,4.95872894049076E-7,0.014584969796638984,1.1408803380580944E-4,0.01948719494387854,6.022001014994016E-8,
1,1,0.04250918157172003,0.9475778372287152,0.006009673496541409,0.003339863183230497,3.173955130280601E-4,1.7848096999752229E-6,2.8940709014768814E-6,1.963093465709599E-5,2.217323030953775E-4,6.8884106738538776E-9,
0,0,0.4861337962473943,0.2762517699817494,0.2070674688996166,8.112160284288935E-4,0.0035167632702707103,4.812787321483512E-6,0.003864727976628923,0.004899885269941432,0.0174494753640791,8.417456914222727E-8,
0,0,0.6792461926091496,0.16550637415936215,0.08520100780886557,0.005762035974084084,0.005265015290573139,1.5926387594271958E-5,0.001357244522873103,0.04402544099796623,0.013620711911755966,5.0337775911710777E-8,
0,0,0.6421194626383081,0.2090005271057511,0.11602672993074656,8.670583718934727E-4,0.002339967472065998,1.4125144051916942E-6,0.001397956762839432,0.016984548758912674,0.011262275004881379,6.144019620014508E-8,
0,0,0.7074761853531035,0.22845202571709172,0.04534431840189826,6.619447844794256E-4,1.7808348113919158E-4,1.2037824946187903E-8,8.998789704941807E-5,0.011678877876084915,0.006118563711672659,7.396560494564055E-10,
1,1,0.2647723963519488,0.37918634197700785,0.32956814944442947,7.861042506435202E-5,0.002385757617462046,9.486579789410867E-7,0.0066335185940442016,5.581874574621573E-4,0.016816039214854632,5.025974753331236E-8,
6,2,0.144984097743202,0.09402300432324869,0.3053145321970943,5.585126287827152E-4,0.21568300749345254,0.030382342357179237,0.19363951888542022,0.0036991946404657753,0.009886908073763552,0.0018288816573910132,
6,2,0.1353271731208139,0.09658256397149845,0.3050673036295744,5.580603729527613E-4,0.20422024979055942,0.032317943969142844,0.21127057238332894,0.0027573561639537107,0.010253040976720652,0.001645735621455078,
0,0,0.6560882843813888,0.17359018075756574,0.13216222290789803,0.0018575706719745528,0.002442862793471001,1.810695474725292E-5,0.013084320056725518,0.004757473397128318,0.015994758626956176,4.219452144626046E-6,
6,6,0.0886437110094051,0.03164421849669306,0.2002066974945605,3.967511984793509E-4,0.18305151967257616,0.05249094049510131,0.4282054256823338,0.003231232508490184,0.010698299247518727,0.0014312041948419331,
1,0,0.42916993838833767,0.41416423827843996,0.14227755461283165,2.1411703751787633E-4,0.0016128200754788652,2.746089569566253E-7,7.996500478286644E-4,0.003189821474205437,0.008571567829756096,1.7646646767851883E-8,
6,6,0.08739244963390562,0.03702531217624087,0.27069952021466237,1.2706046674099925E-4,0.1207246369965491,0.013494069767014514,0.4569124447699719,0.0019461675285008672,0.009862606056268841,0.0018157323901446779,
3,3,6.551641140238626E-4,0.02631477739518251,0.0020123895067623906,0.4737579803985257,2.748672567062453E-4,0.12486028692152995,9.513944373075092E-10,0.3721231938708519,1.0805101075406192E-6,2.590749154786938E-7,
1,3,0.310534371243063,0.25389928642971404,0.024938969362720165,0.36604219977122626,0.03523927269701432,0.005536894180744724,1.34494868906841E-6,0.003767797212435307,3.674458179626739E-5,3.119572596802329E-6,
3,3,0.016848971960533927,0.046565043412931266,0.004578173634346987,0.9283439610597799,0.0016157312986771308,1.0762449607311295E-4,6.360516279413307E-10,0.0019366162121419832,3.835806580691106E-6,4.148288325248612E-8,
1,0,0.5265318773328632,0.38868683027813045,0.06560296923389103,9.58271689682196E-4,7.2703755555748E-4,2.490794940314226E-7,8.381770403288702E-4,0.002198059618672372,0.01445652614740339,2.0239769927811486E-9,
3,3,0.004496623464223664,0.015284042566262264,7.95055804601489E-4,0.9789106974790979,3.209261245116108E-4,1.957947302271953E-6,1.830527954935248E-12,1.9013974443043467E-4,5.552593557177531E-7,1.6083842143696963E-9,
1,2,0.10293008773480895,0.2540405250376365,0.633312429234398,4.9868093020322515E-5,0.002952644460023173,1.3311330260571637E-6,6.447122264873864E-4,7.771118486595458E-4,0.005291270921575279,1.9310364546148E-8,
2,2,0.04959519749524709,0.1695529038849536,0.7444394601935722,5.188361639551988E-4,0.03070029863197213,0.0015869700265793193,7.928230170863208E-4,0.0011426414054039513,0.0016561621472687056,1.4707033961420134E-5,
1,1,0.22551877589125813,0.4990559014025193,2.1759483765763075E-4,0.27307850708913295,0.0015560530114328405,3.9003989973419287E-4,4.28582371212677E-10,1.8081979248378926E-4,2.14241151631257E-6,1.6523568261495097E-7,
2,2,0.01780934212391788,0.07425693980049965,0.903915035688608,8.14112252472416E-5,0.002788629697019692,3.368306505056904E-5,8.210464770362534E-5,3.044552492093471E-4,7.281330610551899E-4,2.6544168902805777E-7,
6,6,0.0051574796552159114,0.010680954420988337,0.06927938846879475,2.1134773570767137E-5,0.016920546512573725,0.022405130910964414,0.8712903508597819,2.7352393062094363E-6,0.003964655034017966,2.776241247859538E-4,
6,6,0.006143936282364994,0.02755038867399987,0.11774037410092346,2.781941437499584E-5,0.011086125719786408,0.009073870599958917,0.820526493653297,8.162610953974999E-7,0.0078253070769104,2.4868217288762863E-5,
6,6,0.011269457457673604,0.022889755217114085,0.10737771923458186,4.4516530768704506E-5,0.02759337639709113,0.01814785338519718,0.8054063673366144,8.25720392804976E-6,0.007125308767676929,1.373884693540553E-4,
3,0,0.4193230240187748,0.1944693632255442,0.30359252425691463,0.0025746123812790947,0.008452398125926188,2.8329244043502996E-4,0.042197452194293904,0.002239163179299323,0.026861624696477134,6.545481055829648E-6,
5,6,0.10119258026133868,0.024964199502409593,0.1419774093308209,0.0019756688578431427,0.24659866379865342,0.19960183690066888,0.2628894777278306,0.008895211143830187,0.011079045227176168,8.25907249428339E-4,
3,3,9.799544096856985E-4,0.01438377888395949,0.004647889535209372,0.9247120565493441,0.004650466852277837,0.05027827647057454,9.969304967288206E-9,3.458383389797133E-4,1.4520206279388572E-6,2.769700363103019E-7,
3,3,1.1831096910522949E-4,0.003069018153900595,1.44241800300349E-4,0.9655431119569261,2.009149614263141E-5,8.11972783605747E-5,4.855247874002272E-13,0.031023903551525407,1.2315615138841925E-7,1.637102408256063E-9,
7,3,0.004352555540428748,0.011881680708485479,0.0017928586529584048,0.9804196801185557,0.0013136219670692984,4.938659438944578E-5,3.184026241364409E-10,1.8869801261300266E-4,1.5025187515628093E-6,1.5568345706518306E-8,
0,0,0.5653902841130751,0.18444399324416785,0.1918062302952304,3.293260200880216E-4,0.012853031671544364,1.1050535057319613E-5,0.007498044426160317,0.025018179825440672,0.012648499976004497,1.359893231408107E-6,
4,6,7.761728337864069E-7,2.793385547616263E-7,0.0012932459024777815,4.812866690951529E-5,0.009537437358844138,0.03555876123412838,0.9535610309716096,4.316074602742297E-12,9.351723589833193E-8,2.4683308999057E-7,
4,6,1.2469625156450511E-6,3.725630029284398E-7,0.0016315777120356346,2.4664168285355967E-5,0.014427321794082246,0.03561992475098184,0.948294477221313,4.122752187516933E-12,8.750100763535212E-8,3.2732265299024407E-7,
3,3,0.008271955256704417,0.03569552377104603,0.0012592252920208635,0.9510921159450307,0.0026757748220133763,5.580360606838194E-4,3.090242551114048E-10,4.4596341119628087E-4,1.3418576974417408E-6,6.327458283440613E-8,
3,3,5.879401230888531E-4,0.0037489487546527728,0.002426839667069198,0.9913639594233211,7.526317923106043E-4,2.0163329300054462E-4,2.355173804109833E-10,9.17199948967272E-4,8.33577866060242E-7,1.3184206224956405E-8,
1,0,0.4818705139542603,0.4712550048785712,0.03001187462391902,0.00824983319262719,0.0011275940421769835,3.7203098757408304E-6,2.2751556847240846E-4,0.0027693141924417675,0.004484581794916215,4.7442739236432084E-8,
3,3,0.027546310187662494,0.06965951237191166,0.010356699656670278,0.8799258125710185,0.00170435167628219,1.8740384435460638E-4,2.4669869487585837E-9,0.010611629591346127,8.197665704836673E-6,7.996806201286314E-8,
3,3,0.003297512054847898,0.024075584120321205,0.005187984224650542,0.9630361688531371,1.9488894542824212E-4,2.3376866053892634E-5,2.574899504355692E-11,0.00418266337356537,1.816497629852854E-6,5.038616664384508E-9,
1,0,0.5972004845949735,0.2048916729554839,0.15515302857247676,0.0010665156871237532,0.006119751293689586,9.541523443919047E-6,0.0040578462845070554,0.0169068673348277,0.014594012666459787,2.790870139129884E-7,
1,0,0.4749509994693934,0.4704924929840085,0.04405580731651652,0.0016026582936096445,5.159487833634723E-4,1.8373194803177762E-7,1.398592539820552E-4,0.0026363671473634493,0.005605680349291087,2.6705238712530745E-9,
1,1,0.4429945032221431,0.4660857559903338,0.04496909788071423,0.018829878352349266,0.013288863897463414,3.586421352560695E-4,0.001705256269896607,0.004789030362987069,0.0069777216864927724,1.250202363673075E-6,
1,1,0.3377993327388318,0.6008860440725932,0.03903582470156252,0.015612729418024737,0.001395135316125291,7.775462228171453E-6,3.2972013292706124E-5,0.003421484206927246,0.0018086491565797022,5.2913834622849974E-8,
1,0,0.4756331644965186,0.4446432715721393,0.058621963495372145,0.011779868618749812,2.0979861862309768E-4,4.587424998511416E-7,8.202936102352932E-5,0.0016286998310074666,0.007400744351696508,9.123695500033533E-10,
1,0,0.6494554853189582,0.09966103998614288,0.16144000068376463,3.812509318757151E-4,0.01229439178900609,6.225137494521897E-5,0.04475749396366811,0.02094898248715848,0.010740907602003984,2.581958624766421E-4,
1,0,0.4039390008941943,0.3276337423513505,0.2344880106683258,1.9955079321508102E-4,0.01304689122454694,7.101153113551153E-6,0.0028151761118215086,0.010299927225681255,0.007569650150963101,9.494267877632699E-7,
1,3,0.07701559966187844,0.11282601235674272,0.024591515525128293,0.7487941650164889,0.005353556037608293,4.0392259195593693E-4,1.9500350644302482E-8,0.0309961088441622,1.881626794887739E-5,2.8419773559606286E-7,
1,1,0.11564464249499655,0.5942178423333381,0.20296474982028684,8.301190616755345E-4,0.0017084825309210247,2.9719489229733505E-5,0.03823798762119364,8.3217663299201E-6,0.046358125293788806,9.588239871826202E-9,
8,2,0.3052083816881121,0.29986744765539775,0.35447622121801153,0.004941968248437239,0.0035375673522909166,2.999415287327656E-5,0.0021577008035877565,0.0022213569116532692,0.027559357147928103,4.821708054790616E-9,
3,4,0.009976404001907108,0.006200701216836404,0.2337410587395098,0.25785458374389636,0.4708416073546129,0.020940848198044097,3.7187794382928295E-5,3.8442363531862735E-4,1.9142836986814726E-5,4.042478505082394E-6,
2,2,0.20088109556680564,0.1280669267087944,0.6378688842406324,4.128461026261759E-5,0.0026401039879495815,5.114811351159571E-6,0.019781511170510913,8.236567118464158E-4,0.009882673639954672,8.748551892510094E-6,
0,0,0.5567575699733112,0.35594503625891993,0.06737593478351445,0.0016341145299271786,0.0027451516600786297,3.0186931829846547E-6,9.573909588651919E-4,0.006757470377722905,0.007824213356989008,9.940748862120673E-8,
1,0,0.48426065489554226,0.43891910448483046,0.0554425360911575,0.003526673519248264,0.0010415571053646292,3.472850757424713E-7,6.039770462542927E-5,0.009959823877658728,0.006788904754681626,2.8181522136043704E-10,
0,0,0.48226987201907356,0.17800212570077137,0.26764011908662344,0.010301184451185177,0.013453394120859835,3.9458323071353974E-4,0.007765193734307378,0.014428677639981726,0.02574449219854486,3.578179391529301E-7,
7,0,0.33736155446207505,0.23197068001335538,0.02963660468962913,0.008574730775208874,0.30831157836095874,0.02217378645458505,0.0035327622935292418,0.054877252787154565,0.0017042941976577535,0.0018567559658464222,
7,2,0.17267666255230255,0.053876272908599705,0.4122733527766808,3.414882556304361E-4,0.11763205358778478,0.0084518916199659,0.21278188291003486,0.008083537533698169,0.013111423317316793,7.714345379859344E-4,
7,2,0.07102557697655103,0.0448663281102948,0.840042453003247,4.117278602909506E-5,0.023313386957734394,1.2744836627837298E-4,0.010382426889699845,0.00415494850927428,0.006042554600353949,3.703800537038437E-6,
0,1,0.3698203114355658,0.3777703524222292,0.1823500500750436,7.657384920739416E-4,0.015479793828369367,1.6457929988377838E-4,0.0374435617107994,0.0011361491691227361,0.015049448647941256,2.0014918970866924E-5,
0,2,0.3018851526478862,0.21944889601507764,0.40412996686337094,4.2292101531464694E-4,0.005130974327326968,5.132948600363389E-5,0.04602059832654113,7.021404382669304E-4,0.022202544497991947,5.47638222000723E-6,
0,0,0.5760417463357953,0.18271670903109333,0.13924454254638596,0.006412805754525593,0.016787474188966613,6.95830163573635E-4,0.04380396053029259,0.007030500273287751,0.027258434961759618,7.996214319547321E-6,
0,0,0.4946137971446431,0.29764868140201667,0.18233549241847682,1.991037594467314E-4,0.001870479878836097,1.0567077966719539E-6,0.0068680176724421164,0.001975563678701297,0.014487470807927536,3.365297129316874E-7,
0,0,0.4572902603835797,0.3092425060759322,0.20212816113917076,1.9358959605783274E-4,0.005440041887336613,2.2355659091578333E-6,0.005643971823066753,0.004719311799715351,0.015339780421990065,1.4130724157552213E-7,
0,1,0.1743016433033511,0.6575361001218903,0.15264596918460227,1.88443537778904E-4,0.0029484229765642804,2.2695480535769033E-6,0.0023309550713444625,1.8369095093854072E-4,0.00986248479703069,2.0508445798643037E-8,
1,0,0.5132279301663121,0.381685558973758,0.09107002507939987,4.218789238969074E-4,2.9511110836495284E-4,3.01866653843634E-8,2.825014426765842E-4,0.0023397590670634666,0.01067720442135945,6.305033069202102E-10,
1,2,0.04233734433540208,0.07427784302223799,0.8745281506319128,2.09832307625502E-5,0.0011450783736463833,2.0081457799997996E-6,0.0019148926838033467,1.687640778390762E-4,0.005604905804830611,2.9693785216926298E-8,
0,0,0.5218198770932733,0.328455079013899,0.10312297992890282,0.0036227535731438165,0.014519765340842454,8.273030047666861E-5,0.004623640830860135,0.00961201402660247,0.014140705452359714,4.5443963968391865E-7,
0,0,0.31768574569866487,0.0933138446090876,0.12752525781428883,0.005073793986870928,0.249902130548602,0.030556620970965533,0.1270831418843612,0.025447787435212824,0.023364781703285268,4.689534866077604E-5,
1,1,0.19251062650873027,0.7714639932479714,0.02057355714233528,0.002541024998308169,0.010340077040065976,5.2648513145208286E-5,9.707862826572675E-5,0.0017420799650955886,6.734226950600312E-4,5.491261022195914E-6,
1,1,0.47125225669213133,0.4933189974749096,0.022039911417021798,0.005265106181150204,2.960017460859924E-4,2.875445598569305E-7,1.4965069624776786E-4,0.0011492031424090565,0.006528583778094898,1.3273895565988418E-9,
1,2,0.24572637741487874,0.22404197679397958,0.5078798051613853,2.3001451901395276E-4,0.0035096852946096104,2.748221279718298E-6,0.0018878346097778676,0.0031948890130978212,0.013526648692043935,2.027993363803056E-8,
1,1,0.3541820532498206,0.4190530281244828,0.1656760478863292,0.029043265579904085,3.603769740358745E-4,3.7540680316078753E-6,3.8826348302207765E-4,6.502879076032737E-4,0.030642922642755546,8.40151479029661E-11,
1,1,0.13801570190003196,0.858602401107419,0.0021312975847159084,2.5345855479903833E-4,7.489003426780394E-5,5.246721842337393E-10,1.742014016479957E-7,7.559639947256838E-4,1.6611207805075854E-4,1.991627142400828E-11,
1,1,0.26947152432748855,0.6664160769504494,0.022533284575286798,0.005551236528627609,0.026028924918783024,7.986776655242706E-5,2.234841208620508E-4,0.006754825334863716,0.002940711719012838,6.375807352566322E-8,
1,0,0.4493926208851726,0.34703271222762194,0.14558425175567105,9.045731636024336E-4,0.017414324792057432,2.857335171808942E-5,0.0096403579694492,0.006112910397868393,0.02388959174718901,8.37096500236116E-8,
1,0,0.6727994718748405,0.2172122901317219,0.051275870741052304,0.006596603955525165,0.005555654131153851,1.202969847575431E-5,0.0012671687829367271,0.029872864950563044,0.015408032470721774,1.326300900516287E-8,
1,0,0.543982616428149,0.3102200475716368,0.1051822227307736,0.010466086135613195,7.071449790651676E-4,8.273259072360809E-6,0.0031722022481239617,0.0010629017362436906,0.025198481490971963,2.342035023289042E-8,
1,1,0.26004363712692385,0.7004923344928475,0.035885037333398914,3.464309612690448E-4,1.938191515830815E-4,1.3853297088523396E-8,2.6617365835207403E-5,5.609156629076291E-4,0.0024511936818455587,3.7009208725375935E-10,
1,1,0.16646961158670026,0.8267904917753798,1.0464948628662917E-5,0.0053872858713442506,1.4491175716705855E-5,2.072429965047858E-9,2.7763960918202496E-9,0.0013062370864727981,2.1409531393733437E-5,3.1755378350335864E-9,
1,1,0.2016309699792276,0.7454570701397353,0.047501800870200665,4.255413203550881E-4,0.0022776416962576773,8.38973871774723E-7,6.970235755541584E-5,0.001136806647091431,0.0014995865297951704,4.148590987099505E-8,
1,1,0.24896569420471373,0.6931248991130183,0.0017386522775953276,0.052940734481611414,2.9805601435712486E-4,3.6371737837934783E-7,9.654102299379063E-7,0.002288606969656112,6.420277415167617E-4,6.99232634592632E-11,
1,1,0.316935402593885,0.5965648125743741,0.0743399172785247,4.3132309469561913E-4,0.0034137154526946226,6.462282533126558E-7,1.0746614837879789E-4,0.005312575899855157,0.0028941254052164064,1.5324122277639723E-8,
0,0,0.629626610513296,0.2320675478885668,0.10571245579382213,0.0014169269213639222,0.00296032038519198,3.3357087433133833E-6,0.002167742718859078,0.012016764689954476,0.014028229285813248,6.609438891248628E-8,
0,0,0.6891355528856482,0.18064663173306797,0.11189959333837968,5.82589931864738E-4,4.178523429563045E-4,1.668287140892462E-7,7.484174369667883E-4,0.008505254301367823,0.008063869741914921,7.145911946362043E-8,
0,0,0.41398084007213237,0.3039121114940192,0.255166967632394,2.196372058204914E-4,0.007877789015999772,4.3327076548809245E-6,0.0019759450396318917,0.009935198381690312,0.006926370005860358,8.084447966812584E-7,
0,2,0.31812865042007554,0.17229270873532013,0.44903675840387464,0.0025926565327942033,0.00896630416287319,2.9880589273553987E-4,0.02114744543172333,0.0026404361224726764,0.024894500687511978,1.7336106187517078E-6,
0,2,0.12509506975229437,0.12318527242579505,0.6999172498645253,0.0011156959918906522,0.01838953871893539,5.388383757153137E-4,0.01043237542811497,0.002009660224662957,0.019316111173235073,1.8804483091252358E-7,
2,2,0.044868106698038736,0.09632231200681858,0.6640491530960689,0.1117480265204973,0.08152811530405842,0.0014651837019047055,8.382091086214853E-7,4.699468098624326E-7,1.746679706998497E-5,3.277196248227398E-7,
1,1,0.12324587943763943,0.5089473703380766,0.360002549075663,0.003145910598200673,0.001532485982226925,9.755810775061398E-6,3.0352304164954647E-5,9.419805289463431E-4,0.0021437018484537227,1.4075853462948206E-8,
4,4,0.003981078864672862,0.001029698306448222,0.12518358119773484,0.011908051909715984,0.7986120267471124,0.04392909220352988,0.015339086809614634,9.253214627455567E-8,1.0614656222623997E-5,6.676772802177517E-6,
0,1,0.3372505552117622,0.4327738971000444,0.17891679211666875,8.666096730590412E-4,0.005273149312614551,1.701265525875872E-5,0.014669358554662712,6.582937872943902E-4,0.02957427140293727,6.018569788556971E-8,
0,1,0.41118977902915077,0.42174216137211157,0.140959682433392,0.00348463627637114,0.0020228077465530903,1.2253752744312082E-6,1.0466721050318127E-4,0.010684917541795397,0.009810122673743099,3.411052639189508E-10,
3,3,0.036377050785571935,0.0821923973393585,5.63907709932873E-4,0.8794570620577625,7.727415010215245E-4,1.2922311428320989E-5,1.6079829345064457E-11,6.225121829794345E-4,1.3932137312954658E-6,1.288213381851076E-8,
0,1,0.2225458550962063,0.5776929081716026,0.12911665924143786,3.563754639300644E-4,0.0016246942906400282,5.805861550795691E-6,0.035765971875513364,3.5819649215871496E-5,0.03285585319322438,5.7156678858718796E-8,
0,0,0.5066526218398317,0.327604919288976,0.14101907531484745,0.001506234460216242,8.033892105946616E-4,1.4508447568245742E-6,0.002565527490208598,0.0013743137953414041,0.01847244195806187,2.57971651319067E-8,
0,0,0.6416657287370311,0.1823807656077328,0.13075705590041883,1.7968964487503187E-4,0.00406678394639362,7.59475804530753E-7,0.001991840868933016,0.030631933185717365,0.008325159099918702,2.8353317501688166E-7,
2,2,0.10468570371084512,0.05404060817701157,0.7539049448811351,9.808231083814334E-4,0.033575054566908874,0.00417655855285887,0.03144440576760079,0.003436275519392687,0.013745497092386805,1.01286234786384E-5,
2,2,0.20093588119360944,0.12388836999713718,0.6468883898833226,6.360075244704205E-4,0.004519977699845833,4.592286985033656E-5,0.006424950469822692,0.0023511445856952817,0.014308884842004916,4.70934241094517E-7,
1,3,0.0495028607223945,0.3397073064663354,0.017220711724321814,0.5922436323220879,0.001108895871693938,2.788811342111871E-5,1.566696756349314E-11,1.8553085403556104E-4,3.162592604610314E-6,1.1317438325269144E-8,
3,3,0.00897286003968537,0.010047455805590008,0.19671426533567068,0.6440821848132121,0.13034060889607155,0.009708348166218222,1.5083544258229027E-5,9.331687886962989E-5,2.4476625436934496E-5,1.3998949870270532E-6,
0,1,0.3563545066399633,0.5406042455507495,0.08247873887795426,0.007026642527278265,0.003259539070575558,1.679820246183914E-5,4.3097420747716515E-4,0.002363300955231237,0.007465227837993356,2.6130315400382843E-8,
0,1,0.36785794974900105,0.5639738831524462,0.04825369124402413,0.01042950684893588,0.0023575066170212064,1.3683153517104142E-5,1.9932684572709363E-4,0.002510121729602741,0.0044042850417807065,4.561794382979678E-8,
0,0,0.37212595541121907,0.17240603091808882,0.3515675197641683,7.87689366858296E-4,0.03623125702097685,3.4190129491073334E-4,0.035893509953815336,0.009385440052993493,0.021254551104637313,6.1451123318637015E-6,
2,2,0.3869891394368988,0.11355611905022574,0.4379455283132978,5.438292387361291E-4,0.013350515076723052,1.1513082517375737E-4,0.022126892053350857,0.011331161665764377,0.014022880382040108,1.880395778959946E-5,
2,2,0.267533591748725,0.1578859530013501,0.5481119744612214,1.7989680691225294E-4,0.005179948380053743,4.111950371981627E-6,0.002117204878979107,0.008356562604056624,0.010630658508555869,9.765977394762344E-8,
2,0,0.5052118364962949,0.23462799833692063,0.18845129639288374,3.373531097297984E-5,0.02473973167424398,4.0444932123545675E-6,0.020006611031113376,0.01559361884407895,0.011326375275914383,4.7521443647702174E-6,
2,0,0.4923750378337069,0.18796959079618525,0.22913055430434706,3.4577512602090583E-4,0.020509155496268437,7.194895296056537E-5,0.04395196123987235,0.008120679062168817,0.017508149976634607,1.7147211834970908E-5,
2,1,0.3782779527781314,0.5102938943404473,0.09935609268540534,9.96695011191267E-5,3.105439129527983E-4,9.286880500123158E-9,3.050891231539354E-4,9.35514251427113E-4,0.01042123389946368,2.2101867674957617E-10,
2,2,0.2678950554990157,0.1264792741309619,0.35610893139545097,0.00918643394770431,0.10959584679330714,0.022346018263564454,0.06540010274463155,0.009835171572311667,0.03314708230061629,6.083352435978821E-6,
1,1,0.36884718694245106,0.5209518503144026,0.008845181348473199,0.09789945891795025,1.5330527433512166E-4,1.1175731992040583E-6,5.719583201459401E-6,0.0017136531950802292,0.0015825257761779422,1.0747289047021323E-9,
1,1,0.3260780957144854,0.565695717556076,0.07731012500048794,9.975681568376352E-4,0.009504643162340605,1.3363337603854209E-5,0.003666238855067783,0.0014502039485252381,0.015284020371315151,2.3897260534235726E-8,
1,1,0.41969417186837116,0.5624547720644827,0.010557459335061227,1.5347630613600207E-4,1.1910747908262312E-4,2.833382590300077E-10,4.9059258569980755E-6,0.004699032418412399,0.0023170743164016385,2.856929822116767E-12,
1,1,0.026487831784654865,0.9482926650796196,0.0017496646645510261,0.02325416961270443,6.990956294598388E-5,1.1740318015602253E-7,2.9152499542046424E-9,1.2063031285939718E-4,2.500865282005602E-5,1.1414908557057911E-11,
1,1,0.3175020633754159,0.6246939257094268,0.046048363945415074,7.789804641741444E-4,0.005761082145171474,6.0893513180159745E-6,2.684955684956233E-4,0.003187999997677509,0.0017515094422123733,1.490000692979551E-6,
1,1,0.15617251106701743,0.8290731994364005,0.008226623152921277,0.004124934337746566,5.936224158195647E-4,4.129611645750676E-7,9.423562521833248E-7,0.001591308509448443,2.1643588236527523E-4,9.880864418007926E-9,
1,0,0.4512105644081686,0.35376477379229143,0.16102650292309229,0.0011952706120290585,0.002088728386282333,5.497121212291635E-6,0.006781794784862911,0.0011791698812743674,0.022747627196523283,7.089426315964874E-8,
1,1,0.4371090901647854,0.46134190793916874,0.0633990150204139,0.015251859797332781,0.0034715227365750847,4.3584684129316546E-5,0.0016859268243577764,0.0018706454261221111,0.015826423049997148,2.4357117525489544E-8,
1,0,0.5136066599638326,0.24349825869695613,0.19152546258292605,0.0016566455651972909,0.009548630721408,4.6496613755214786E-5,0.011442178928084416,0.006838710814543251,0.021836424038873946,5.320744229365423E-7,
1,1,0.008865390282730446,0.9469092530749808,5.325124816238184E-6,0.044059528576014396,9.090417834443448E-6,1.8984746376329684E-9,5.338438536598352E-13,1.5129727275350638E-4,1.1334893269412646E-7,2.9295218780955854E-12,
1,1,0.08727606730308508,0.8551362335948965,6.565453994409902E-4,0.05610485578645623,2.478039597936572E-4,1.3895070298925794E-6,6.072576436479154E-8,5.393300265126754E-4,3.770409938626645E-5,9.597633927844104E-9,
1,0,0.38290112496522166,0.27966135659267627,0.2956340810968695,0.005267779369125087,0.006157724400633524,1.6701280486642445E-4,0.007955632710191965,0.002310179157610226,0.01994436949778874,7.394050165319384E-7,
1,0,0.48229556119334455,0.2291911029518141,0.19698529516585025,6.894010065214809E-4,0.014915456644043989,9.533532084548677E-5,0.04968375950149838,0.0037598505643347668,0.022375970599388683,8.26705235850602E-6,
1,1,0.26782147207107937,0.6411455712015918,0.0846937053859135,0.001160546283444855,2.699857460067848E-4,1.3115513290598571E-7,6.744232948322241E-5,4.923573852308299E-4,0.004348787328313283,1.1138035176470715E-9,
1,1,0.3157770308917816,0.4457908850304646,0.22020918920117283,0.00283204754171564,0.0024839413343470144,7.523808353894855E-6,5.166261920107321E-4,0.0022668196043235415,0.010115924030865872,1.236496430575737E-8,
1,0,0.560971803404883,0.24763391420519848,0.10724944059802964,5.694056543918374E-4,0.028573176547556117,4.9769663920860174E-5,0.022927405411330894,0.01321012957872151,0.018813228494490224,1.726441477512055E-6,
1,1,0.3124790422942249,0.5451138141510459,0.133816755250368,5.986517196893028E-4,0.0018134090660438668,1.9792572331521322E-6,5.463216311657209E-4,0.0011722351425136103,0.004457585167621293,2.0632009410299866E-7,
1,2,0.25302623954278364,0.23782687408426845,0.4920107924150243,3.356545881039376E-5,0.003965461823740195,4.1867952887288166E-7,5.360846648571297E-4,0.008649945937337707,0.00395044310671723,1.74286932246541E-7,
1,1,0.03483922478895154,0.938762200251291,7.198076484937446E-4,0.02343936170159027,0.0012043586987418736,5.764242296078465E-6,6.328843505691033E-9,0.0010230568770446188,6.168307005671593E-6,5.1155741882566666E-8,
1,1,0.2826044371303326,0.6784437206384535,0.01958262168764195,0.013155055916596034,0.0020109012273934915,1.0589739351335712E-5,1.7331102516370715E-5,0.0033814011097187124,7.9372146870813E-4,2.1997928778147667E-7,
1,1,0.10363806566783003,0.8515510327872449,0.0036518727675908668,0.03289298829677834,0.005750585534306015,1.3995278725000915E-4,9.982918749621947E-7,0.002309653721454895,5.9930493013284234E-5,4.919652656888905E-6,
0,2,0.09724828506654344,0.11382382523622492,0.7586560513138108,2.71900903387479E-4,0.017294498514498095,1.1783633430183676E-4,0.0021513141256863095,0.003825714696246808,0.006610269197875061,3.046114253958348E-7,
0,0,0.6018152881540512,0.19625259680200166,0.15174119235239097,0.004255538208105339,0.0033200719740739,6.255589655034557E-5,0.017186714129813412,0.0034098213566349086,0.021953571839961297,2.649286416779349E-6,
1,1,0.3385710952505027,0.608374983160786,0.033230820784538116,0.0028535421811737827,0.009310518835946692,2.5246748994724137E-5,2.093658733781928E-4,0.005641542614602075,0.0017816327646620962,1.251785415639061E-6,
0,0,0.4793025602613987,0.3496170204005887,0.11401152624265892,4.6567753105532277E-4,0.01436382043436398,1.668597036920282E-5,0.016431082435369268,0.00415243413034799,0.021638910059679262,2.8253416881867683E-7,
0,1,0.2706926339293812,0.2882603252423889,0.2664867735181947,2.6825031309220417E-4,0.03419447772055596,2.1447481860945069E-4,0.11068829994052164,0.001072693659394527,0.028117556248838167,4.514609023276112E-6,
1,1,0.25880959148031757,0.4016902900758929,0.3184084694625225,4.921332088643411E-4,0.0091407174749152,1.231042894005293E-5,8.565447167385031E-4,0.004419014565527226,0.006170750750561097,1.7783572049676428E-7,
2,2,0.13455773585621422,0.3292624914608276,0.3347171787308137,0.17914874312529003,0.022163399923551978,1.3033509265246565E-4,9.279689555066646E-9,5.883134507448685E-6,1.4134627901292293E-5,8.876855183176076E-8,
1,1,0.24558999493701417,0.7265769278506116,0.021213310948387788,7.369373741934266E-5,0.002161984115029223,3.6191347310281626E-8,5.3376835921224756E-5,0.0025072999478428395,0.0018233740014663886,1.4349604040641637E-9,
1,2,0.1925847917066651,0.15817736990042983,0.45297323847969834,0.0015648046149598271,0.009066685985415393,0.0013769658091143406,0.1537790546246883,2.6856673797244094E-4,0.03018714934446724,2.1372796589475265E-5,
1,0,0.4968788133476718,0.4055380637712759,0.07901900342620005,4.860014068546553E-4,0.0010202729000817739,1.4435014141601504E-7,5.841804230491353E-4,0.003472521218916687,0.01300099809550196,1.0603064461458185E-9,
1,1,0.2759929026112707,0.615949969705876,0.09058947020853764,0.0019365874987275558,0.0015417383819176188,5.37086850126808E-6,0.0016692275120306832,2.868529606134832E-4,0.01202786163757556,1.861494956351992E-8,
1,1,0.31248499038220096,0.6275905553543125,0.03463441196800512,0.004180960926631203,0.014493454489422217,9.477730514028206E-5,4.4910183576357833E-4,0.003824389933113268,0.0022446889283718623,2.6688770388137406E-6,
3,3,0.01866585636616441,0.03239594084188583,0.06231639233470496,0.6323433980773854,0.007656080921118308,0.003759854044139288,3.690149840930232E-7,0.24283579728568278,2.547652646276168E-5,8.345874720810467E-7,
1,1,0.14392896644722777,0.8354997248093665,0.011008680801709336,0.008215299573153274,3.6081219675837485E-4,7.965878833609472E-7,1.03442231596216E-6,7.599791284734623E-4,2.2468629277282883E-4,1.9740339078887625E-8,
1,1,0.35218307951604183,0.3706023465700457,0.2592445755889454,3.0196737841952227E-4,5.668490205995391E-4,2.297174355554242E-7,0.0012519640364900447,8.198825646746709E-4,0.015029100352293859,5.255053690568466E-9,
1,0,0.5140548483384286,0.39378152059036986,0.07472076699013826,1.4236630977040526E-4,0.0013136211077187955,1.224221389889651E-7,0.0017847643353407791,0.0024790064899060005,0.011722971326527845,1.208966041995162E-8,
1,0,0.40139450802497234,0.25738999066280926,0.2984369595773473,5.5849343156285255E-5,0.011160493246491866,3.3044534234179625E-6,0.012398817317789294,0.005932648259688019,0.013226330288394358,1.0988259278941016E-6,
1,1,0.4051918416778976,0.5258500032948046,0.05574609438641916,0.001467365803246346,0.003226234890577484,2.9212487159121476E-6,2.5813301548910773E-4,0.004728405650305921,0.0035288909241190645,1.0910842495226368E-7,
1,0,0.48510169528276326,0.1958821010404676,0.2808705828660713,0.0038991527835835083,0.001739652606465087,3.250428243655111E-5,0.00879611031046561,0.002148961124979534,0.02152843559846588,8.041043017748752E-7,
1,0,0.34370609945233294,0.31569844097175803,0.3107704715026612,5.8831133878667205E-5,0.006540072025681486,1.3329994477008003E-6,0.0060223282004682474,0.0033244575539144628,0.013877838620617283,1.2753923998246519E-7,
1,3,0.0016938964374842674,0.011059438409288474,0.029478384602210254,0.8998927494943282,0.0019968656607893755,0.0034616368761404854,1.3406624241374148E-8,0.05241141728817275,5.455993730848606E-6,1.418312307237208E-7,
1,1,0.23332826749544378,0.664816561279122,0.09574202772242559,8.486630079925421E-5,3.468878850851119E-4,4.141072244984139E-9,2.593663142185743E-5,0.0012360747575651668,0.0044193737696111395,1.7453894554196374E-11,
0,1,0.15888136446986023,0.60574046795242,0.16861011715051383,0.02163917340180422,0.02318562775465205,0.004000842641159148,0.0040741874433113355,3.9263276333614247E-4,0.013475327862578549,2.5856036440427025E-7,
0,2,0.2813199561598704,0.17914323403365665,0.46288545553875665,4.999286629499578E-4,0.035515409049764204,1.1281999154912704E-4,0.00907983864524458,0.013602274773637174,0.017840739058749874,3.4408582148813147E-7,
1,1,0.0853673710253347,0.5354212273720368,0.0011821333141310802,0.375976483348808,3.134594219665426E-4,8.00555570696767E-6,3.794734436035779E-8,0.0016673254930837105,6.39552934103087E-5,1.2281773538680034E-9,
2,2,0.1034655700743057,0.23263976294011884,0.6539346534967307,1.4623459242994275E-6,0.0022329691856998925,3.120783958765149E-8,0.0012952973312675984,6.903881589006374E-4,0.005739857452956919,7.806255648328217E-9,
2,0,0.40913592788091063,0.33600043110187616,0.2150870197158479,0.0032988661995562,0.003079425389389568,1.8162452452492847E-5,0.004506335765535564,0.001820565389800057,0.027053242621439672,2.3483191720904206E-8,
2,2,0.12126926591926551,0.06730270672434052,0.7847683617380062,0.0010500541756613203,0.006036802763059913,2.2500685941799224E-4,0.005075556978794881,0.0027534183501904193,0.011518317237856922,5.092534061937847E-7,
1,0,0.3610579850574662,0.3093679748791505,0.3045774148794453,1.361469800907248E-4,0.0024184518377733605,1.2347123442008077E-6,0.005689735326434941,0.0015214789673998965,0.01522944551942544,1.3184046939141255E-7,
0,0,0.7584479303281569,0.1152532406005193,0.05824964659729163,0.002651968823445439,0.00405932390784938,1.0284904214201344E-5,0.002430859382980448,0.04954625734105857,0.009349812888379067,6.752261049220314E-7,
1,2,0.003841420153807302,0.009576466886524514,0.47376961112584887,0.3848416860518384,0.11912425145233145,0.008824677880830708,5.832333139571283E-6,1.9054782169932405E-6,1.3630611918017074E-5,5.180255442050048E-7,
1,0,0.4525996602645038,0.25074181366679954,0.2433842525304404,0.0044703147568054165,0.0021264866083048725,5.8331942930152824E-5,0.017354926943890157,9.451403844771154E-4,0.02831826340462685,8.094972216741122E-7,
1,1,0.26998229072055435,0.4001591256253074,0.3036831728270455,0.00207554311198617,0.0041856145602625575,2.81716109538176E-5,0.002615370827968822,0.0010964492260370274,0.016174214601703645,4.688818078971184E-8,
1,1,0.05962975361532906,0.7747235151811157,0.16276344666052342,6.8262363808898846E-6,6.578250584893241E-4,1.9959537871301906E-8,1.1599171700350462E-4,3.791662204461263E-5,0.002064703998827559,9.50748313974508E-10,
1,1,0.12196240858343176,0.82126828571268,0.05407674736497281,1.7837446438649566E-5,3.4961502434216544E-4,1.3757052816887424E-8,1.8567385554908017E-4,5.2252905346511024E-5,0.002087159917184748,5.433001715096294E-9,
0,1,0.2967785843864373,0.4607608897805856,0.22657690501821978,8.216009056798569E-5,4.983501014949693E-4,5.991479595750647E-8,0.0013286379304323882,3.9894385925151664E-4,0.013575466066481249,2.8517332110287174E-9,
0,1,0.3125416499752277,0.45185903622198315,0.22031933330780332,7.868105380515863E-5,5.622629452045574E-4,5.421600125385163E-8,0.0011383261872557093,5.671374421422782E-4,0.01293351605170778,2.598869057571376E-9,
