0,2,0.04031502767245507,0.31214183263505757,0.6475431396924873,
2,2,0.03263598499382282,0.22092004373073204,0.7464439712754452,
2,2,0.02401555677525772,0.14726612348804044,0.828718319736702,
1,1,0.07165113106761274,0.6204925162059417,0.30785635272644557,
1,2,0.06784910470990833,0.30493999172180164,0.6272109035682901,
2,2,0.03442546132844156,0.1782020088749252,0.7873725297966332,
2,2,0.026250635706392023,0.11880262423730935,0.8549467400562988,
2,2,0.01843751214140174,0.07558930070270353,0.9059731871558947,
1,1,0.06345540847885298,0.5326100221139967,0.40393456940715033,
2,2,0.052488267638787216,0.22864393975989927,0.7188677926013135,
2,2,0.025060779759125476,0.12573454059293204,0.8492046796479424,
2,2,0.018643294516857683,0.0817779203413713,0.8995787851417711,
2,2,0.012857860873785633,0.05109211997573991,0.9360500191504744,
1,1,0.06808166075860046,0.9058353937586654,0.02608294548273405,
1,1,0.11455453018979987,0.7910213011637598,0.09442416864644017,
1,1,0.09097082840581601,0.7235034785667084,0.18552569302747557,
1,1,0.0921035798325147,0.6404251321596885,0.26747128800779685,
1,1,0.0856142376342129,0.5392742076147775,0.37511155475100955,
1,1,0.11440978506192954,0.7886288808380347,0.09696133410003578,
1,1,0.15623093653060716,0.558898970273409,0.28487009319598383,
1,2,0.10382388803690529,0.4277855648208899,0.4683905471422047,
1,2,0.09069160192666638,0.3267001188210285,0.5826082792523052,
1,2,0.07165633652767998,0.2338345173107543,0.6945091461615657,
1,1,0.09425735986324105,0.7135144026015497,0.19222823753520918,
1,2,0.10733698691037666,0.4216903262560984,0.4709726868335248,
1,2,0.06104609304418048,0.27622607760451284,0.6627278293513067,
0,2,0.048983959422982414,0.1937822842885021,0.7572337562885154,
2,2,0.03583330883217226,0.12841592854431771,0.83575076262351,
1,1,0.11154471259276348,0.5645264238180113,0.3239288635892251,
1,2,0.10126944495185373,0.26599316743363904,0.6327373876145073,
0,2,0.05132412561123051,0.15526593197849614,0.7934099424102733,
2,2,0.03897470207706991,0.10308389064156044,0.8579414072813697,
2,2,0.027316828500880373,0.06545006361075975,0.90723310788836,
1,1,0.09796491405561557,0.48054386888047884,0.42149121706390563,
1,2,0.07810911974418358,0.19884789033597824,0.7230429899198382,
2,2,0.037264524555310825,0.10926407480133259,0.8534714006433566,
2,2,0.02764216615314239,0.07086099779567069,0.9014968360511869,
2,2,0.019037877426575554,0.044210509102454096,0.9367516134709702,
1,1,0.04305999922672742,0.94031454009554,0.01662546067773269,
1,1,0.07596482692721107,0.860931210412446,0.06310396266034289,
1,1,0.06207885860703576,0.8103305018519203,0.12759063954104388,
1,1,0.065193572331322,0.7440063198540617,0.19080010781461632,
1,1,0.06347695765952874,0.6562355423325363,0.2802875000079348,
1,1,0.07594510964696759,0.8591901918036895,0.06486469854934296,
1,1,0.11482281413314387,0.6741778025295997,0.21099938333725654,
1,1,0.08124073803381879,0.5493924496894891,0.3693668122766921,
1,2,0.07470196783085024,0.44166628775248745,0.48363174441666235,
1,2,0.06202044887455551,0.33217650642820296,0.6058030446972416,
1,1,0.06460168841893944,0.8026225014944114,0.1327758100866492,
1,1,0.08424602769933863,0.5432173845103927,0.37253658779026866,
1,2,0.051633208325452914,0.3834563226906529,0.5649104689838942,
1,2,0.04334207430458114,0.28141669998301827,0.6752412257124005,
0,2,0.032908837439789514,0.19356396669452505,0.7735271958656854,
1,1,0.08174531410266227,0.6790130829849889,0.2392416029123489,
1,2,0.08614958748260525,0.37138575597706686,0.5424646565403278,
1,2,0.046415509482610945,0.2304611509454512,0.723123339571938,
2,2,0.03633008304368136,0.1577082371652497,0.805961679791069,
2,2,0.026039708540873722,0.10239904471299172,0.8715612467461346,
1,1,0.07469999207459982,0.6013994461629574,0.3239005617624428,
1,2,0.06893078468064058,0.2880132420446552,0.6430559732747042,
0,2,0.03460921865046605,0.16655343423660213,0.7988373471129318,
2,2,0.026264083496275518,0.11050385525094182,0.8632320612527827,
2,2,0.018382451623101592,0.07006327126081595,0.9115542771160824,
1,0,0.5730642305069521,0.3601167654686869,0.06681900402436099,
1,0,0.6341153518861847,0.2068069226125426,0.1590777255012728,
1,0,0.5009228353141004,0.18816125392700872,0.3109159107588909,
0,0,0.4520301976313001,0.1484499990686697,0.3995198033000301,
2,2,0.3800875695705927,0.11307542186396967,0.5068370085654377,
1,0,0.6315157608117208,0.20559596932550325,0.16288826986277602,
0,0,0.5800779053542423,0.0980107001640252,0.3219113944817326,
2,2,0.38946326066700376,0.07579075392751468,0.5347459854054816,
2,2,0.31997057771627024,0.054439378596005235,0.6255900436877245,
2,2,0.24366872812750018,0.03755560042484361,0.7187756714476563,
1,0,0.505506776953628,0.18073212279072828,0.31376110025564374,
2,2,0.39667308203186447,0.07360339779422953,0.5297235201739059,
2,2,0.22134821872156002,0.04730463851501578,0.731347142763424,
2,2,0.16973029109264462,0.03171322690603084,0.7985564820013246,
2,2,0.12095331093601712,0.020472488668681146,0.8585742003953016,
0,0,0.4710612036802635,0.11259873668921039,0.41634005963052606,
2,2,0.33050885354653997,0.041001150529394466,0.6284899959240655,
2,2,0.17100632933371013,0.02443361321520665,0.8045600574510832,
2,2,0.12780435019513126,0.015965206067418473,0.8562304437374502,
2,2,0.08911851583887782,0.010084831274989547,0.9007966528861326,
2,2,0.3935264916361494,0.09117113198044231,0.5153023763834084,
2,2,0.2539660471007284,0.03053625671828144,0.7154976961809901,
2,2,0.12332007927969052,0.017077979891001512,0.8596019408293079,
2,2,0.09052393039800131,0.01096022542866982,0.8985158441733289,
2,2,0.06216972076908382,0.006818781920037003,0.9310114973108792,
1,1,0.3626844446715811,0.6128325509664218,0.02448300436199711,
1,0,0.494516422515965,0.43366101294908393,0.07182256453495112,
1,1,0.42205313726346066,0.4262843196093584,0.15166254312718086,
1,0,0.41758113631472193,0.36874528758102365,0.21367357610425444,
1,0,0.3888098309634925,0.31102453112158956,0.300165637914918,
1,0,0.4938948255790574,0.43235226161929435,0.0737529128016482,
1,0,0.5631892438463847,0.2558670583218501,0.18094369783176525,
1,0,0.4313728796137233,0.2257227983953293,0.34290432199094734,
0,2,0.3861880268014183,0.1766748679339462,0.4371371052646354,
2,2,0.3202859897559118,0.13273507868119577,0.5469789315628923,
1,0,0.43090558517636596,0.414250791768752,0.15484362305488206,
1,0,0.44012852078351267,0.21959249925042526,0.34027897996606216,
2,2,0.2867365956147308,0.16477210042204257,0.5484913039632267,
2,2,0.23661534147936644,0.11887672584319298,0.6445079326774407,
2,2,0.1797036881663396,0.08178670754845757,0.7385096042852028,
1,0,0.4641611339282546,0.2983306054009213,0.23750826067082417,
0,2,0.4107644052398522,0.13701830957572622,0.45221728518442156,
2,2,0.24342415719670357,0.09352162435027651,0.66305421845302,
2,2,0.19177018026981618,0.06441437910563362,0.7438154406245502,
2,2,0.1397390913578118,0.04251982445758445,0.8177410841846039,
1,0,0.4199817779361227,0.2616294797172263,0.3183887423466511,
2,2,0.33848141970928614,0.10943288005948047,0.5520857002312334,
2,2,0.18491397024056128,0.06885655372719185,0.7462294760322469,
2,2,0.14140207296097224,0.04603463642996374,0.812563290609064,
2,2,0.10035283998185081,0.02959582210822992,0.8700513379099193,
1,1,0.190275168503208,0.7956570233427224,0.01406780815406962,
1,1,0.300365774520057,0.651854992256852,0.04777923322309118,
1,1,0.2568630355587991,0.6420439019489496,0.10109306249225154,
1,1,0.2669689749704323,0.5834145969997516,0.14961642802981606,
1,1,0.26142520951966186,0.5175302755741485,0.22104451490618945,
1,1,0.300306741524543,0.6505777862650574,0.04911547221039947,
1,1,0.40384378233824886,0.4540506637594374,0.14210555390231377,
1,1,0.31589872758106136,0.4090735075536812,0.2750277648652574,
1,2,0.29656972203521764,0.3357636445341661,0.36766663343061623,
1,2,0.2566715083349792,0.26324269137164774,0.48008580029337317,
1,1,0.26506463222095833,0.6306144195690176,0.10432094821002391,
1,1,0.324518484374752,0.4006898286023389,0.27479168702290907,
1,2,0.22137813212612326,0.31482278886448434,0.4637990790093923,
0,2,0.19132879847839465,0.23788396540809875,0.5707872361135066,
2,2,0.15089117158569076,0.1699497207151675,0.6791591076991417,
1,1,0.3173573099383417,0.504787315191284,0.1778553748703744,
1,2,0.3298952869150405,0.2723283176808938,0.39777639540406573,
0,2,0.20267295026423357,0.1926970408907828,0.6046300088449836,
2,2,0.16449176863370762,0.13673409119380683,0.6987741401724855,
2,2,0.12251516172260728,0.09225592663036183,0.7852289116470309,
1,1,0.29656375895974824,0.4571989215919975,0.2462373194482542,
1,2,0.27882294227429755,0.22308603814439312,0.4980910195813093,
2,2,0.15769360871040108,0.14531837765491162,0.6969880136346873,
2,2,0.12346545125946252,0.0994730144537125,0.777061534286825,
2,2,0.08908308214067154,0.06501699080010709,0.8458999270592213,
1,1,0.28622370428174126,0.6994733493840902,0.014302946334168495,
1,1,0.4209082219085086,0.5338383244503616,0.045253453641129864,
1,1,0.3667317545628327,0.5357145225004554,0.09755372293671187,
1,1,0.3765165872336581,0.48086414877622896,0.14261926399011282,
1,1,0.36651154856660617,0.4240311371360026,0.20945731429739115,
1,1,0.42076789243132423,0.5327194211096828,0.04651268645899279,
1,0,0.5277308786783204,0.34675697779379755,0.12551214352788212,
1,0,0.4263969396135849,0.32269285211262055,0.2509102082737947,
1,0,0.40006859472244594,0.26470558799395066,0.3352258172836034,
1,2,0.34921316997031526,0.20931052268054443,0.44147630734914045,
1,1,0.37645079840438084,0.5234101314716741,0.10013907012394516,
1,0,0.4359366379029076,0.31456763569923574,0.24949572639785667,
1,2,0.3079647993630497,0.2559495148853338,0.4360856857516166,
1,2,0.26716641847844896,0.19412813501005005,0.538705446511501,
1,2,0.21274786115501432,0.14003726360534455,0.647214875239641,
1,0,0.4332088708076002,0.4026976140500618,0.164093515142338,
1,0,0.4352748947576369,0.20999168576782012,0.3547334194745429,
1,2,0.2799539325526061,0.15555630448503502,0.5644897629623589,
0,2,0.22951423251715405,0.11149722248469147,0.6589885449981544,
2,2,0.1732498569604845,0.07624284805160088,0.7505072949879146,
1,0,0.40614762267859983,0.36592562534529266,0.22792675197610754,
1,2,0.373831307773956,0.1747999659290451,0.451368726296999,
1,2,0.22095016081912605,0.11899331388493589,0.6600565252959381,
2,2,0.1746806638795777,0.08224820970375402,0.7430711264166683,
2,2,0.1274773909751268,0.05437341188578364,0.8181491971390896,
1,1,0.19757788111469413,0.7924719279921607,0.00995019089314515,
1,1,0.31348194847157884,0.6525516111926504,0.03396644033577074,
1,1,0.2728053561407185,0.6540602944178994,0.07313434944138214,
1,1,0.2875323171172838,0.6027052007498366,0.10976248213287959,
1,1,0.28778696963302447,0.5464635516637318,0.1657494787032437,
1,1,0.3135426959085932,0.6515272950928596,0.03493000899854741,
1,1,0.43138407381597105,0.46521831016011583,0.10339761602391301,
1,1,0.35271784657832483,0.43810951988699376,0.20917263353468143,
1,1,0.34125018204444574,0.3705796183983843,0.28817019955716994,
1,2,0.3069555681033878,0.3019645448491164,0.3910798870474958,
1,1,0.28168432145263234,0.642801033641902,0.07551464490546558,
1,1,0.36217345076907614,0.4289308351632535,0.2088957140676704,
1,2,0.26377396085417065,0.3598032995838038,0.3764227395620256,
1,2,0.23670508896478298,0.28228915783125996,0.481005753203957,
1,2,0.19431722530214077,0.20992767843267052,0.5957550962651887,
1,1,0.34394832455568136,0.5247529671558949,0.1312987082884237,
1,0,0.3826837104289626,0.3030110359834544,0.3143052535875831,
1,2,0.2535458525375942,0.23122646771560723,0.5152276797467986,
1,2,0.21317676626279414,0.16997078732483326,0.6168524464123726,
0,2,0.16425770867912404,0.11864022889391522,0.7171020624269607,
1,1,0.32848298620675265,0.48573766151459213,0.18577935227865525,
1,2,0.3350903735129501,0.2571624854407183,0.4077471410463316,
1,2,0.20430852400225216,0.1805904221118957,0.6151010538858521,
0,2,0.16502080421522647,0.1275264611529232,0.7074527346318502,
2,2,0.12242757662593279,0.08570628316364218,0.791866140210425,
1,0,0.5730642305069521,0.3601167654686869,0.06681900402436099,
1,0,0.6341153518861847,0.2068069226125426,0.1590777255012728,
1,0,0.5009228353141004,0.18816125392700872,0.3109159107588909,
1,0,0.4520301976313001,0.1484499990686697,0.3995198033000301,
0,2,0.3800875695705927,0.11307542186396967,0.5068370085654377,
1,0,0.6315157608117208,0.20559596932550325,0.16288826986277602,
1,0,0.5800779053542423,0.0980107001640252,0.3219113944817326,
2,2,0.38946326066700376,0.07579075392751468,0.5347459854054816,
2,2,0.31997057771627024,0.054439378596005235,0.6255900436877245,
2,2,0.24366872812750018,0.03755560042484361,0.7187756714476563,
1,0,0.505506776953628,0.18073212279072828,0.31376110025564374,
2,2,0.39667308203186447,0.07360339779422953,0.5297235201739059,
2,2,0.22134821872156002,0.04730463851501578,0.731347142763424,
2,2,0.16973029109264462,0.03171322690603084,0.7985564820013246,
2,2,0.12095331093601712,0.020472488668681146,0.8585742003953016,
1,0,0.4710612036802635,0.11259873668921039,0.41634005963052606,
2,2,0.33050885354653997,0.041001150529394466,0.6284899959240655,
2,2,0.17100632933371013,0.02443361321520665,0.8045600574510832,
2,2,0.12780435019513126,0.015965206067418473,0.8562304437374502,
2,2,0.08911851583887782,0.010084831274989547,0.9007966528861326,
0,2,0.3935264916361494,0.09117113198044231,0.5153023763834084,
2,2,0.2539660471007284,0.03053625671828144,0.7154976961809901,
2,2,0.12332007927969052,0.017077979891001512,0.8596019408293079,
2,2,0.09052393039800131,0.01096022542866982,0.8985158441733289,
2,2,0.06216972076908382,0.006818781920037003,0.9310114973108792,
1,1,0.3626844446715811,0.6128325509664218,0.02448300436199711,
1,0,0.494516422515965,0.43366101294908393,0.07182256453495112,
1,1,0.42205313726346066,0.4262843196093584,0.15166254312718086,
1,0,0.41758113631472193,0.36874528758102365,0.21367357610425444,
1,0,0.3888098309634925,0.31102453112158956,0.300165637914918,
1,0,0.4938948255790574,0.43235226161929435,0.0737529128016482,
1,0,0.5631892438463847,0.2558670583218501,0.18094369783176525,
1,0,0.4313728796137233,0.2257227983953293,0.34290432199094734,
1,2,0.3861880268014183,0.1766748679339462,0.4371371052646354,
0,2,0.3202859897559118,0.13273507868119577,0.5469789315628923,
1,0,0.43090558517636596,0.414250791768752,0.15484362305488206,
1,0,0.44012852078351267,0.21959249925042526,0.34027897996606216,
1,2,0.2867365956147308,0.16477210042204257,0.5484913039632267,
2,2,0.23661534147936644,0.11887672584319298,0.6445079326774407,
2,2,0.1797036881663396,0.08178670754845757,0.7385096042852028,
1,0,0.4641611339282546,0.2983306054009213,0.23750826067082417,
1,2,0.4107644052398522,0.13701830957572622,0.45221728518442156,
2,2,0.24342415719670357,0.09352162435027651,0.66305421845302,
2,2,0.19177018026981618,0.06441437910563362,0.7438154406245502,
2,2,0.1397390913578118,0.04251982445758445,0.8177410841846039,
1,0,0.4199817779361227,0.2616294797172263,0.3183887423466511,
0,2,0.33848141970928614,0.10943288005948047,0.5520857002312334,
2,2,0.18491397024056128,0.06885655372719185,0.7462294760322469,
2,2,0.14140207296097224,0.04603463642996374,0.812563290609064,
2,2,0.10035283998185081,0.02959582210822992,0.8700513379099193,
1,1,0.190275168503208,0.7956570233427224,0.01406780815406962,
1,1,0.300365774520057,0.651854992256852,0.04777923322309118,
1,1,0.2568630355587991,0.6420439019489496,0.10109306249225154,
1,1,0.2669689749704323,0.5834145969997516,0.14961642802981606,
1,1,0.26142520951966186,0.5175302755741485,0.22104451490618945,
1,1,0.300306741524543,0.6505777862650574,0.04911547221039947,
1,1,0.40384378233824886,0.4540506637594374,0.14210555390231377,
1,1,0.31589872758106136,0.4090735075536812,0.2750277648652574,
1,2,0.29656972203521764,0.3357636445341661,0.36766663343061623,
1,2,0.2566715083349792,0.26324269137164774,0.48008580029337317,
1,1,0.26506463222095833,0.6306144195690176,0.10432094821002391,
1,1,0.324518484374752,0.4006898286023389,0.27479168702290907,
1,2,0.22137813212612326,0.31482278886448434,0.4637990790093923,
1,2,0.19132879847839465,0.23788396540809875,0.5707872361135066,
0,2,0.15089117158569076,0.1699497207151675,0.6791591076991417,
1,1,0.3173573099383417,0.504787315191284,0.1778553748703744,
1,2,0.3298952869150405,0.2723283176808938,0.39777639540406573,
1,2,0.20267295026423357,0.1926970408907828,0.6046300088449836,
2,2,0.16449176863370762,0.13673409119380683,0.6987741401724855,
2,2,0.12251516172260728,0.09225592663036183,0.7852289116470309,
1,1,