6,6,1.7942337917277413E-7,9.355947356400195E-6,5.22739273667105E-4,2.359451574357319E-10,1.1962075265170863E-11,0.2416523281029246,0.7578152849581611,1.1194522740075879E-7,1.0132208514603293E-10,5.5018469954299066E-14,
6,6,1.5522353595842275E-7,3.240724356743024E-5,3.826599439688414E-4,3.871277473861111E-10,4.3178986438856114E-11,0.4240738439549924,0.5755109127539593,2.0408275373665708E-8,4.130924556298056E-11,8.471654180740515E-14,
3,3,2.5262147705730417E-7,0.1689792479733931,1.963154976891428E-5,0.8081548269948566,4.0490156469437456E-8,0.02232782161937615,5.181786365609177E-4,3.1007591888014095E-11,2.1943497685214127E-11,6.145956692305874E-11,
3,3,7.356195124840701E-10,0.00794661856127429,7.243416589114567E-7,0.9910791798012801,1.7142058339200752E-9,5.567049624198989E-4,4.167698343354284E-4,4.873680003646153E-11,5.295358752316894E-14,4.161220955437855E-13,
3,3,1.71246457893188E-10,2.075807193287807E-5,5.058631858779652E-7,0.9997670217555994,1.1971610547715353E-9,1.2959655268528848E-4,8.211571424770366E-5,6.739253805521017E-10,3.646067385934118E-15,1.2635212557513802E-14,
3,1,1.608540186079848E-6,0.5477192168759906,1.0185610335414614E-6,0.4511347354636413,2.395545052774286E-6,0.001018035409851378,1.2298956858289057E-4,5.759880730994218E-13,6.6745759166124626E-12,2.8410904323136514E-11,
5,5,1.7725199739782037E-12,2.1413887548615908E-5,3.934310748490153E-8,4.4860348988864924E-9,6.064270346344525E-14,0.9980086931635098,0.0019698461687625863,2.9489568390069884E-9,2.4668876507130873E-13,5.759360253864203E-17,
5,5,4.1826418994054684E-13,3.4259677895789375E-6,1.4221469666534982E-7,1.772458605954883E-6,1.160578328477292E-13,0.993650406971815,0.006343413939541963,8.384470057550433E-7,1.0776724609029416E-14,2.2843532028041727E-18,
5,6,1.6560721621065615E-6,1.8959944997209017E-4,2.761226632809035E-5,1.619486409218523E-9,3.3684916517397536E-8,0.47683075279470044,0.522950343516947,5.816942271098777E-10,3.3559511197874494E-12,1.0437285514730932E-11,
6,6,3.6880130323367177E-4,0.0029872915590242835,0.0056079666976505006,2.338391041456312E-9,1.259154101923853E-7,0.07772572769548693,0.913310077475451,1.1135605455549562E-9,6.97076922040645E-11,5.83208402290515E-9,
5,1,3.7030554760002427E-4,0.6257416976792434,1.380450641057188E-5,1.37087650869409E-4,2.6308269427719297E-5,0.36878972518198005,0.0049210611362569415,5.45623054729371E-13,6.027038659026762E-11,9.967395851792261E-9,
5,5,2.887445326852081E-5,0.23974873075378728,1.8208202044537634E-4,0.002200853958856802,4.910672913035556E-7,0.7573754999176369,4.634676457211493E-4,3.9972469740873294E-11,7.732111552123563E-14,1.4294289508053384E-10,
5,5,8.080518431199053E-6,0.0023806705659916425,7.111474997552112E-5,2.154946419561885E-6,1.633426471561208E-7,0.6610704960365098,0.33646731978623684,2.5471920991767728E-11,1.4577347531891E-12,2.685853140969335E-11,
5,6,1.5197428492366704E-5,7.410105756798844E-4,0.009901268206316486,1.3474661614654373E-7,7.287122523163455E-9,0.025388570368703057,0.9639538024211092,4.398071628391801E-9,4.4920841289199185E-9,7.580449601514785E-11,
5,6,1.9696485088449343E-7,5.756053675176691E-5,3.0896950344447044E-4,7.700160588063333E-11,1.3058763015201006E-9,0.39479935199057625,0.6048339191004988,5.202196478309886E-10,1.384866606377474E-13,6.418159288703669E-13,
6,6,5.911240032710851E-4,0.005863784051562935,0.04380068559260943,1.659064869642619E-9,8.73563957758188E-8,0.1263747036725514,0.8233696088952779,2.8600988810277617E-10,6.360600071058613E-10,3.847196784448622E-9,
5,5,9.508179075075813E-9,2.7049245393013865E-4,8.63627758377078E-6,2.1363822316448795E-9,4.3120132868787214E-10,0.9840024888152028,0.015718370303616874,7.374955580503465E-11,3.0634639790830535E-14,1.2362836918970382E-13,
6,5,1.0356488976382677E-10,2.780381648657316E-5,2.2987411422480918E-6,3.3977258744853215E-7,3.543235050308873E-12,0.9816785207420972,0.018290657755999504,3.790639698023221E-7,6.090229888897954E-13,1.463079139986797E-16,
5,6,0.005448273739945613,0.21322628651604178,0.0011473704037715106,3.001918918881878E-4,0.0016254114250901243,0.13887586917814868,0.6393762273445803,2.3998109072338075E-10,5.334325772164985E-13,3.692600193384483E-7,
6,5,1.6375069251627967E-4,0.008017669052259827,8.035763277166715E-5,1.0512171888907687E-4,3.7483204407511933E-4,0.49805664321434173,0.4932016226632082,1.990349900519642E-10,8.848342790646092E-14,2.782814546008053E-9,
6,6,1.7283722265939538E-5,0.0034188781646039717,1.41361133137984E-5,5.547746288817503E-5,1.318771612833472E-5,0.4030319280285201,0.5934491084772976,1.0503972338682421E-10,1.4009006339819066E-13,2.098023569145166E-10,
1,1,0.06960701937982454,0.47351677269041703,0.4568556532647283,3.185019649662221E-9,1.1994817491839085E-7,1.6886572831310547E-5,3.543675890644044E-6,2.9755948005820354E-10,5.566837690668943E-10,4.2887034387365005E-10,
0,1,0.14384337500608155,0.5367026760941718,0.3194463640236308,1.4188409437175216E-9,1.209359331887162E-7,4.445764551782667E-6,3.0137151402822533E-6,3.3946955414735055E-10,7.170376306182809E-10,1.9851424135749326E-9,
0,0,0.6329230929463242,0.033670567771310146,0.33340096302918343,6.287135932119346E-11,1.443577528255832E-6,2.6946325339112527E-7,3.5034173952120465E-6,1.4466797634961853E-10,6.035850693933689E-8,9.922895902922725E-8,
1,1,0.041433128817479445,0.9419388626396052,0.016626523277181397,8.137949622062696E-10,1.7567236945757552E-8,1.4489065571470976E-6,1.0614149233778687E-8,7.553803703145425E-12,3.1325704962303103E-9,4.223871289416711E-9,
1,1,0.041433128817479445,0.9419388626396052,0.016626523277181397,8.137949622062696E-10,1.7567236945757552E-8,1.4489065571470976E-6,1.0614149233778687E-8,7.553803703145425E-12,3.1325704962303103E-9,4.223871289416711E-9,
0,0,0.9865286982048189,0.007898274582239333,0.005572080919335209,4.8595309592270545E-11,6.319082801058078E-8,6.365053610968734E-7,3.4859988156182994E-8,2.2328021930291903E-10,7.063468197684594E-8,1.408308719769025E-7,
0,0,0.9231933673488273,8.201738226290673E-6,0.07679195366804667,2.4563909395096456E-11,1.614071423040824E-8,1.6903534002695444E-9,1.0484078811458597E-7,1.4678069613104518E-10,5.253547023687561E-6,1.1008546757924033E-6,
1,1,0.4080630786767489,0.5815193828124208,0.010389865801403622,7.794498910078713E-10,6.008134710103548E-6,1.8113784227657014E-5,3.545067135135313E-6,7.751792193913535E-11,2.469029597289097E-10,4.619483180463661E-9,
1,0,0.9910550893883495,2.19248807193582E-4,0.008724464291960535,2.058981982763584E-13,2.1637102822926976E-7,3.4489503343032345E-9,2.5114830830031536E-8,8.188481860695565E-11,3.7246310668772625E-7,5.800324894425348E-7,
1,1,2.5527534452562587E-5,0.9765117617709199,0.023236258120999373,2.0057840731989894E-5,2.3215493689660874E-8,1.902932662289654E-4,1.389242451579282E-5,2.2309240144322714E-10,2.1838346952353226E-6,1.7688705506815016E-9,
1,1,2.0529465137726258E-5,0.9899369986752256,0.008640739148396885,1.6328721269169692E-5,1.051075616862847E-8,0.0013689039801993716,1.6306451306006854E-5,2.0854462996393812E-9,1.8065731479760752E-7,3.04947878917465E-10,
1,1,0.0014053196352289442,0.9962497290807635,0.0020632828050767362,2.1160540780793297E-6,7.599830219462373E-8,2.7545166953905545E-4,3.967861934644446E-6,1.6249685652658114E-10,5.26038302558677E-8,4.12874991483066E-9,
1,1,2.0529465137726258E-5,0.9899369986752256,0.008640739148396885,1.6328721269169692E-5,1.051075616862847E-8,0.0013689039801993716,1.6306451306006854E-5,2.0854462996393812E-9,1.8065731479760752E-7,3.04947878917465E-10,
0,1,0.19320012484899454,0.6078058907487682,0.19887313757100508,1.1774092372308592E-10,8.282737849716426E-7,1.0950498028443197E-4,1.0507379858618338E-5,4.27774260074565E-11,2.710672325125928E-10,5.765718552590122E-9,
0,0,0.6329230929463242,0.033670567771310146,0.33340096302918343,6.287135932119346E-11,1.443577528255832E-6,2.6946325339112527E-7,3.5034173952120465E-6,1.4466797634961853E-10,6.035850693933689E-8,9.922895902922725E-8,
1,1,0.0011523132059654874,0.7902173063874067,0.2084626849264017,1.1535299165617108E-9,1.4660801528505537E-9,1.675381269211593E-4,1.5463335407300992E-7,2.0443827665827072E-12,3.8863851600426944E-11,5.943243315793728E-11,
0,2,0.05038859328288995,0.014012985511375513,0.9355874394690915,6.005937070033913E-10,5.594761392105887E-8,6.698136373837895E-7,1.0248824354852898E-5,1.1921672437860656E-9,7.718110205805358E-10,4.5864645452035E-9,
1,1,3.14516405679481E-4,0.6718871169639004,0.32554563634505473,3.678009986910831E-9,1.4054611700741463E-9,0.0022520231713767064,7.020147974227116E-7,1.0002740666328374E-11,7.840165855635702E-13,4.9335280896357714E-12,
2,2,0.06512386109150689,0.32935275656662233,0.6055154000213582,1.5980148188744124E-9,1.6666009459984405E-7,1.4117912371930012E-6,6.399138840102785E-6,1.3085185470717608E-10,1.4538794837773105E-10,2.8560861207816595E-9,
1,1,1.8644251463923183E-4,0.9797801445273276,0.00485686433432159,3.29758604893663E-8,2.08967907645471E-8,0.01517117328928897,5.321322740962112E-6,1.310032998511025E-10,1.2667729934766424E-12,6.76025253355289E-12,
2,2,0.115122857419032,0.12287845619678055,0.7616512342872216,1.0433722461788736E-8,1.3208434130484168E-6,1.9099235087042472E-5,3.26858426131239E-4,1.2946869844658928E-7,1.8221358002691437E-8,1.5468555720866792E-8,
1,1,6.891987086149156E-4,0.9144414498757171,0.08481373800304119,6.379690014026067E-9,2.7820178487460786E-9,5.5509586078017755E-5,9.46411898165613E-8,4.845695733055474E-12,1.3159570908749174E-11,5.645802257519595E-12,
2,2,0.15600408398135265,0.003124982926944028,0.8406549649646075,6.39776681950601E-9,2.0826434596201867E-7,1.5275608527020079E-6,2.1401161777262207E-4,1.428980867581555E-7,6.56972504654805E-8,5.691020413802079E-9,
2,2,0.01934793085087237,0.07592206596166792,0.9042290046183618,3.0982469084370077E-9,2.7389618804479613E-8,3.0294360375664143E-4,1.9800406361446048E-4,2.0150707926389977E-8,1.163324854346214E-10,1.4682085990194166E-10,
2,2,0.052766096300377784,0.44793484403376105,0.49916776128297213,1.1070053574462992E-7,1.0015437469759935E-7,4.7186536224011095E-5,8.388967937824313E-5,5.931234156345609E-10,9.043242347505388E-9,1.6760102841152365E-9,
1,1,0.003163307923257403,0.9826454732606286,0.014155107454665423,9.925231729333934E-9,1.3822114648006007E-8,3.601969287307897E-5,6.78085157237927E-8,4.815049048073867E-12,4.6009354926055443E-11,6.188914640057518E-11,
1,1,2.3610729588601683E-4,0.9843097242720746,0.0133016185471818,4.1253553047513625E-8,4.700637659539006E-8,0.0021478444325217358,4.617122601982934E-6,1.4272538447681826E-11,1.559538949790254E-11,3.993618480378596E-11,
0,0,0.6432163538335267,4.048333963957559E-4,0.3563729928651131,5.529746333700032E-10,4.7007389572628697E-8,1.058779450424867E-9,1.1534399659242568E-6,2.675308234581774E-9,4.245502286763612E-6,3.6966825997991986E-7,
0,2,0.06157768681466349,1.6553837381295996E-4,0.9382555128319348,1.5618072622270862E-10,4.157333475375067E-9,7.169630825733273E-10,7.07382408714376E-7,1.183021284705592E-9,5.335657820020344E-7,1.4817899342071734E-8,
2,2,0.06157768681466349,1.6553837381295996E-4,0.9382555128319348,1.5618072622270862E-10,4.157333475375067E-9,7.169630825733273E-10,7.07382408714376E-7,1.183021284705592E-9,5.335657820020344E-7,1.4817899342071734E-8,
2,2,0.06157768681466349,1.6553837381295996E-4,0.9382555128319348,1.5618072622270862E-10,4.157333475375067E-9,7.169630825733273E-10,7.07382408714376E-7,1.183021284705592E-9,5.335657820020344E-7,1.4817899342071734E-8,
2,2,0.06157768681466349,1.6553837381295996E-4,0.9382555128319348,1.5618072622270862E-10,4.157333475375067E-9,7.169630825733273E-10,7.07382408714376E-7,1.183021284705592E-9,5.335657820020344E-7,1.4817899342071734E-8,
0,0,0.918239185018117,1.5095269286372515E-5,0.08174026012266436,2.321398146114031E-12,1.9042994745637207E-7,1.0659606914710287E-9,1.0984387806426482E-7,2.067419973661124E-11,4.958996505421872E-6,1.9923064504343199E-7,
0,0,0.9652618442979805,1.8543838960474449E-6,0.03468581414530826,2.3081677047215713E-14,3.06544088197276E-8,5.707075323325966E-12,1.9361344410274613E-8,1.4389459284708797E-12,4.590512878778309E-5,4.532021104992498E-6,
0,0,0.8858735343230634,0.07060131586954217,0.04352415802621192,2.661255692371313E-10,8.61720301039714E-8,2.9627455862445716E-7,5.624333815621358E-7,1.000442941434312E-9,2.0613063989739332E-8,2.5021579725792366E-8,
0,0,0.7349336396109443,0.23451194999173194,0.03055315832586541,4.1872384592737384E-10,2.9828409465449576E-7,4.985890332889736E-7,4.095992474903338E-7,1.749004415343003E-10,8.059044518192192E-9,3.6946414174894124E-8,
0,0,0.8754193383909495,1.686871272542254E-5,0.12455915883485642,1.945592905891925E-10,1.2043249306762324E-7,8.640184012958053E-10,2.014814675326541E-6,1.1026467541442658E-9,2.4497382985557856E-6,4.691477744349105E-8,
0,0,0.9652618442979805,1.8543838960474449E-6,0.03468581414530826,2.3081677047215713E-14,3.06544088197276E-8,5.707075323325966E-12,1.9361344410274613E-8,1.4389459284708797E-12,4.590512878778309E-5,4.532021104992498E-6,
0,0,0.8858735343230634,0.07060131586954217,0.04352415802621192,2.661255692371313E-10,8.61720301039714E-8,2.9627455862445716E-7,5.624333815621358E-7,1.000442941434312E-9,2.0613063989739332E-8,2.5021579725792366E-8,
2,2,0.3715292000592282,0.1264707460995787,0.5019976124699296,3.292787956309268E-10,3.33864301827541E-8,8.789022629452276E-7,1.5110724301570532E-6,1.938054515817107E-9,1.1348968095518214E-8,4.393838954395604E-9,
1,1,0.01562101623174539,0.9721991879918769,0.012176235833166767,1.8004658767858323E-9,1.4851355820669944E-8,3.5183491293228895E-6,2.3483081604143882E-8,6.114247223406833E-12,4.0896530327958826E-10,1.044099002693586E-9,
1,1,0.004495095035720713,0.9757233533829539,0.019774401990974945,3.453109450794915E-9,9.121126060499007E-9,7.0596686707097226E-6,7.696392606912201E-8,5.071587977316606E-11,2.7137973843284862E-11,3.0566448314458315E-10,
0,0,0.5116891257611343,0.4469861062748528,0.041320372177267285,1.710779745018739E-9,4.65681781979134E-7,2.235824878266762E-6,1.6734993791180524E-6,2.6143559277177747E-10,1.942968112550867E-9,1.6865522766501945E-8,
0,0,0.9947890431368225,9.929586208631214E-7,0.00516167537664657,8.488708514437285E-13,5.1342404608428736E-8,1.320377492199632E-11,1.7651177611108526E-9,4.145976194984977E-13,4.781594910146455E-5,4.1945681892910295E-7,
1,1,8.773910269431687E-4,0.9242144322404287,0.0677710423471287,4.635696465089014E-9,8.647338377999719E-9,0.007127523167405481,9.597787167552383E-6,6.247015032017486E-12,4.018141455174745E-11,1.0146304477737424E-10,
1,1,0.041433128817479445,0.9419388626396052,0.016626523277181397,8.137949622062696E-10,1.7567236945757552E-8,1.4489065571470976E-6,1.0614149233778687E-8,7.553803703145425E-12,3.1325704962303103E-9,4.223871289416711E-9,
5,5,1.0822521188484327E-10,2.9371121086220576E-5,4.063432009303853E-6,7.802322877677825E-10,4.7800276884344664E-14,0.9956611955727784,0.004305355877938909,1.3107681430131083E-8,3.0034367935489637E-16,5.670440100522163E-18,
5,5,3.741983195586088E-9,2.5364022437792636E-4,1.660416546664743E-4,1.4224356061075023E-8,3.9611056679155694E-13,0.8571322118716594,0.14244593759616406,2.150686374408732E-6,2.2035721799231126E-14,1.101562099933987E-16,
6,6,8.335448777568552E-12,5.254206431611735E-9,2.5150672314722002E-6,2.7805996687918283E-9,5.0450135585623E-12,4.3329993384492164E-4,0.9995517260631336,1.2450887601905489E-5,1.6189997740573427E-15,4.557080428705104E-18,
6,6,1.892876074812301E-12,3.3888605101150663E-10,3.5615746456064296E-6,1.252028546978705E-9,1.1284818166488594E-12,4.671581002977125E-5,0.9999225386616516,2.7182359736831434E-5,3.129659876094455E-16,1.2421353195492113E-17,
5,6,5.359504925685731E-9,5.098974457437418E-6,2.463735967975809E-5,5.90973160404888E-10,5.430821271070772E-13,0.4715609088540921,0.5284053279471568,4.020913588074197E-6,4.577542947315064E-15,7.780240987603265E-17,
5,5,1.3583468692835661E-9,0.0016153968388412556,4.223975619911111E-5,1.622117537024178E-9,1.0931543783402453E-12,0.9827264516548625,0.015615904875514355,3.8930164499696E-9,8.616997844545795E-15,1.5797194547105446E-16,
6,0,0.9709216207361048,1.293247003255165E-5,0.02906323309927392,5.856016347298485E-12,3.686814973073886E-8,1.0864679706349717E-8,1.982786478817651E-6,6.5236770777549964E-9,1.642003467465598E-7,1.2445400321337372E-8,
6,2,0.4156766595685132,3.980220749834296E-5,0.5185427430471898,1.481520045053086E-10,6.673091412590754E-7,4.6344750317864117E-5,0.06569260503544724,4.360037034726081E-7,7.302629247894205E-7,1.1667112157841323E-8,
0,0,0.8611422107008554,1.0625443943091187E-4,0.1387001336187508,8.935678090844766E-11,2.974871030359285E-7,1.718642450948163E-8,5.0532414344868525E-5,4.5734329515517096E-10,5.323732127422426E-7,2.123317749849039E-8,
0,0,0.9844756754183842,2.40064420338714E-6,0.015520513362849082,3.561450490004799E-13,3.593939735470605E-8,4.576755375335616E-11,6.920646632415383E-9,1.797632203126883E-11,1.335535802444068E-6,3.211461701891363E-8,
6,0,0.6283948606185261,3.2150240044743836E-5,0.33932396058446646,1.1349667771494403E-9,1.7569310395392518E-7,9.188579152800938E-6,0.032200863259538484,3.8795657899859574E-5,8.240250903658634E-10,3.408275653242015E-9,
6,6,3.4422932432154346E-4,7.687569822328869E-7,0.013852964384100353,9.43045429235133E-9,5.448280066312633E-10,0.001785113269935844,0.9839490045705099,6.790965585631814E-5,5.220151912066623E-11,1.0809797809834986E-11,
5,5,4.290790590006948E-8,8.924670766170276E-4,2.4126528332591797E-5,3.427109537405971E-10,1.6948547989388258E-12,0.998506778980887,5.765841423258698E-4,1.9430804743550937E-11,8.701381677013419E-14,7.935646494913248E-15,
5,5,3.172724104922123E-8,2.0728967228285012E-4,4.97074587674404E-6,3.405134033807148E-9,6.877944089604592E-13,0.9978983463869155,0.0018893578592529543,2.0238876572966498E-10,2.0887837162795513E-13,1.1240070221432222E-14,
6,6,0.0032219649418030938,4.951142960833295E-4,0.12808214698314424,3.262030503957746E-8,5.243197963029493E-9,0.13055765727323518,0.7375928752884737,5.020267492535739E-5,1.9274438805540386E-11,6.595574682565803E-10,
6,6,6.400829037811671E-7,1.092703187323983E-6,1.026536700320336E-4,1.269668763894447E-9,4.204218397688877E-12,0.08281049189955116,0.9170848668024357,2.5356361746441397E-7,3.985123191220057E-12,4.1437829462317746E-13,
6,6,2.616632188890435E-6,6.090307506168435E-8,0.001481120029845721,1.0551743126999958E-9,1.9997739427860136E-12,4.7950203496171536E-4,0.9980341665311308,2.53280567483729E-6,5.8408323027151396E-12,1.0816748703771447E-13,
6,6,2.4784083156847395E-4,1.3087504758996274E-6,0.008586645926075885,1.3481293553550026E-8,7.630445620661764E-11,7.931907011557325E-5,0.9910601564714406,2.4703146966943746E-5,1.2237598074522251E-8,8.160642883206035E-12,
6,6,2.345041354431685E-6,6.818650984300449E-7,0.005461642470605352,2.740563403388245E-9,4.7898318359100025E-11,0.00770621704720008,0.986828453740096,6.541336970550054E-7,2.906151987587331E-9,7.335148223192942E-12,
5,5,1.2525323573804252E-6,0.09490812416649967,1.6691959020942023E-4,2.3215575987222276E-7,4.156173023902886E-10,0.9025657862807585,0.0023576848431367805,3.331626592583957E-12,1.2582077172979239E-12,1.1071288161216769E-11,
5,1,2.832271175234964E-6,0.5602285497449945,0.0017311639881365806,1.443639588190273E-6,1.3984037279828178E-10,0.43534466832217217,0.0026913415538904178,2.950640266872781E-10,3.9292398775665105E-11,5.846389939819951E-12,
1,1,3.5445557216886184E-6,0.9724650560757582,0.00990231857408253,5.296996122261958E-6,2.231322858481707E-9,0.01709894913682318,5.24832344139697E-4,7.579349310338735E-11,3.308950710746222E-13,9.904986089927727E-12,
5,5,1.6558792795861264E-7,2.5928003383350986E-4,7.064138434715495E-5,1.009720900393197E-7,3.6203805431906173E-11,0.528732706248943,0.4709345543715774,2.551147960457472E-6,2.1640925871792448E-10,7.074695849556641E-13,
6,6,2.0821547438648557E-9,1.8061387796670717E-7,2.8292331674555163E-7,4.954833301795084E-9,7.992877336660088E-11,0.001128782071566468,0.9988682301718338,2.5171018727266963E-6,6.104758347932547E-13,5.022678427189974E-15,
6,6,2.424067069976897E-12,4.2408654424399506E-11,1.133946728280756E-6,1.3187191170895707E-7,4.085277625422415E-11,2.0044540820206584E-5,0.9993553226127456,6.233669419394262E-4,1.6939145299500514E-13,7.732414865314548E-17,
6,6,1.659616230997363E-11,1.6993348176051442E-10,4.010170043946052E-6,3.585248784768747E-7,1.6321924180801479E-10,2.1872811243541066E-5,0.9995425046872431,4.312534316672303E-4,2.5173947749742102E-11,7.771199059616301E-16,
5,5,1.487487525821769E-6,0.11730775243269982,0.0018904354880223764,2.6074702682579298E-8,4.1249647027208345E-11,0.8782584038494747,0.0025418943901527034,2.3509995071933475E-10,2.5045793943817525E-13,8.220465006323535E-13,
1,5,8.478909391808565E-7,0.24738277911262582,0.0033974121858592965,1.4507274940616656E-6,4.5933021119921627E-10,0.7437074821853444,0.00551002239708916,5.039611306425361E-9,8.330805892988381E-15,1.6981843503283257E-12,
5,5,3.696762387168008E-13,5.288284500630092E-6,1.6466087157340054E-7,0.0021360765648669256,2.4851585811224444E-13,0.9932723942485323,0.004493946423599572,9.212981701082824E-5,2.765023722414159E-17,2.0037561630772444E-17,
3,5,7.599945922641501E-9,0.0043483518295172165,9.395299932537197E-6,0.464415943365738,1.2958829703841002E-9,0.5292130538463978,0.0020132432444042022,3.5180234483388717E-9,1.2277319409108537E-14,1.4564085204102975E-13,
3,3,1.1347530235326472E-7,0.44683892447954865,1.271598698040101E-5,0.5527330770210693,3.757937426963465E-9,4.1270346259273007E-4,2.46096169474782E-6,8.481552927667523E-13,8.053114272161807E-10,4.871472103280814E-11,
3,3,4.3419920964921996E-8,0.005087593671024858,9.849184595947643E-7,0.9948862298314295,7.923614206127186E-9,2.4862445596234255E-5,2.7777586481913964E-7,2.167901366154658E-12,1.1188802780162056E-11,7.327673836372566E-13,
3,1,7.912402712791878E-5,0.9818717950458381,4.874339025533879E-4,0.01680063102067762,2.2798712936030226E-6,7.573910744112156E-4,1.3449571218984667E-6,5.400631475024912E-13,2.044043194533605E-12,9.839202966123921E-11,
3,3,6.545378642300401E-7,0.3226369798123724,8.638433662848045E-7,0.6771783713268572,5.51911430994642E-8,1.8089787601722072E-4,2.1773823913987965E-6,8.828607719671113E-13,6.2819662009714444E-12,2.2823385809480234E-11,
3,3,8.981679946693403E-8,0.20028604594669894,2.3665352613255787E-6,0.7995833251404021,8.426095643742211E-8,1.2626460209099168E-4,1.8236588248489959E-6,4.034499125342693E-12,1.6822913389835545E-12,3.324916198278876E-11,
1,1,0.002916297838709151,0.9909330525943756,0.00614941859688775,2.7954321908937768E-8,8.051642108445847E-9,1.161513547626931E-6,3.23879444840283E-8,9.997184025680911E-11,1.9299311171542356E-10,7.696062277134696E-10,
1,1,0.0018263183114715497,0.9943088805198954,0.0038639882926494637,4.07948985505798E-8,6.598069561910051E-9,7.467089043506194E-7,1.7388199863488045E-8,1.3582001867669866E-11,9.084630225109803E-10,4.6386592123158926E-10,
0,0,0.997815866660522,9.896235538563839E-5,0.0020800068479400946,8.175676429020137E-15,3.23602652503962E-6,8.248981486235874E-11,5.676081525386833E-9,1.1604433814151318E-13,3.364272052787343E-7,1.5859237266847243E-6,
0,0,0.9996067492622265,1.2776493470153211E-5,3.7477339025651147E-4,1.0311591921848618E-14,6.184009668373644E-7,1.0404048104817534E-10,2.386323909019468E-9,1.4636120572346408E-13,2.6065349112350763E-6,2.4734276479825404E-6,
1,1,0.09033064700298278,0.8538449645414269,0.0528196874764313,6.186660706509369E-8,2.8163661760830104E-7,0.002936144934711387,6.820332598615803E-5,2.4611053885246357E-10,1.6200365775514593E-9,7.349089895532191E-9,
0,0,0.9805004931507607,6.426637141417177E-6,0.0194802214960484,1.0487109788861029E-11,5.631860673489136E-9,2.5595222307497454E-9,2.3741948662329454E-8,1.8310293594170086E-10,1.245866710980844E-5,3.6792201806167823E-7,
0,0,0.995689527630508,2.703426348473329E-4,0.004031701326415917,4.78746457204923E-14,7.240802427389291E-6,5.30164768916413E-10,3.3237664732420736E-8,2.4860693334285715E-13,1.1624885900391339E-7,1.0375888163154771E-6,
1,1,0.0042419505086523646,0.9943258646085821,0.0012883699267037868,4.0602610041523624E-8,1.8539080349111375E-7,1.4313502890442087E-4,4.538845964908374E-7,4.972950447452162E-12,3.3180259878980955E-12,4.085630961066411E-11,
0,0,0.7210537839480666,0.027477135806487318,0.251464599756334,1.1568158249634517E-9,5.057330071191084E-7,2.1597817424288402E-7,3.344527752747785E-6,3.7320368773011136E-10,1.8262094875125353E-7,2.3009920976460718E-7,
1,1,5.357953956641107E-4,0.9878067665052603,0.005874291136318707,7.423627954129688E-8,3.9131619881795936E-9,0.005781977530434933,1.0911995800313542E-6,2.4009604133904516E-12,2.2941955257398536E-11,5.795696639437367E-11,
1,1,2.268296030541929E-5,0.9859927948549497,6.83772525486921E-4,7.729043455671895E-7,3.3402996804492363E-10,0.013296025106088438,3.951291639748502E-6,8.999058000533338E-12,1.2711405140188632E-11,1.4439321957176173E-12,
0,0,0.8378989727636705,0.011663381273316037,0.15043566151934376,2.2907614941573908E-10,2.620862313750302E-7,3.896699015955275E-8,6.622934460960895E-7,2.0200130608012732E-10,6.128448419581025E-7,4.0782108262077585E-7,
1,1,3.900244462948269E-4,0.9897642987827129,9.867933656814171E-4,1.2028083854155386E-7,2.8485292147947097E-9,0.00885754895528306,1.2110167651099513E-6,5.825813755191068E-13,1.2393352201942487E-10,1.793788261958193E-10,
1,1,0.001014964131497726,0.9984278410100461,3.042853994796308E-4,1.0632332184653465E-7,5.117190950904663E-9,2.525712753057916E-4,2.2615966669686924E-7,1.5449340354336332E-12,3.286564321222341E-10,2.532897723580992E-10,
1,1,0.001014964131497726,0.9984278410100461,3.042853994796308E-4,1.0632332184653465E-7,5.117190950904663E-9,2.525712753057916E-4,2.2615966669686924E-7,1.5449340354336332E-12,3.286564321222341E-10,2.532897723580992E-10,
1,1,0.005266303950961985,0.9944831238444142,1.9066277070248176E-4,4.455388982144503E-8,1.3431213411315868E-7,5.960408365972029E-5,1.2550388716812145E-7,2.079500150385219E-13,6.635633797446506E-10,3.1657891438268533E-10,
1,1,1.4184094696319344E-4,0.9992899155018251,4.981192607362229E-4,1.3664350381870442E-7,1.670949751349453E-8,6.95768699733222E-5,3.9134937308569863E-7,2.7164167230820262E-12,2.618848264790315E-9,9.656306235911915E-11,
1,1,0.05725107429785498,0.9415037521332756,0.0012436405364709775,1.1861743040409404E-9,2.753397159938188E-7,1.2342252623230481E-6,1.4033608373439493E-8,1.9377149306885672E-13,4.328240455793317E-9,3.919203583576755E-9,
2,0,0.5790619777792942,1.73862452817365E-5,0.4209072147907917,7.842977995094592E-12,7.250639202384173E-7,9.33081088342976E-11,1.2670820036892651E-5,7.719788641173252E-11,9.76544824271475E-9,1.53568780724146E-8,
0,0,0.9995414934160377,3.981385871762879E-8,4.5819513890019636E-4,2.400348320855884E-15,6.707943764027662E-8,7.606702462769718E-15,3.591133208870402E-11,3.441008813449925E-14,1.2218650105569302E-7,8.232930917028232E-8,
0,0,0.999781749518957,2.1208475981131173E-8,2.1795113225504738E-4,1.5522216096745698E-13,1.8456069768958344E-7,5.398890802353108E-13,2.500896137651247E-10,8.140904211199361E-13,6.328594607381358E-8,3.004206944221207E-8,
1,0,0.6730755193010758,0.2935101979360548,0.030696927837551596,6.644006726706483E-8,1.1104532749960245E-4,7.051965470467222E-4,0.0019010414037446538,1.0468514953077396E-9,1.6288141020403588E-11,4.143819782327496E-9,
0,0,0.999615487539652,1.8687814808649418E-7,3.840945856309018E-4,5.470950389719563E-14,2.13736193495124E-7,1.902889610290871E-13,8.814642583026397E-11,2.8693379082815674E-13,8.649158366000458E-9,8.522538663999224E-9,
0,0,0.999615487539652,1.8687814808649418E-7,3.840945856309018E-4,5.470950389719563E-14,2.13736193495124E-7,1.902889610290871E-13,8.814642583026397E-11,2.8693379082815674E-13,8.649158366000458E-9,8.522538663999224E-9,
1,0,0.9626640178204733,0.036988571625747396,1.5164972345643732E-4,3.3450505944343747E-12,1.9566685057231163E-4,1.1307230577220433E-8,5.070926603124675E-8,1.6830516788766783E-13,1.965174642271292E-11,3.1940089062184234E-8,
0,0,0.9084739697223599,0.0900490793703112,0.0012077675146955824,9.293241345810844E-12,2.674871503845657E-4,9.738284704369007E-7,6.668358488045793E-7,1.5586217116613274E-13,1.8198869963961156E-11,5.55502811776569E-8,
1,1,0.06289021953729859,0.9353855163916505,0.0016562738589299892,2.9561990722840274E-11,3.941335985796029E-5,2.7886373387681194E-5,6.661682484595941E-7,8.547569212536662E-15,2.0949585010097261E-10,2.4071560593699174E-8,
0,0,0.998162643863186,0.0018054523401991147,1.4559395760223472E-5,7.441220403353266E-13,1.725925518281869E-5,2.2917596494366307E-9,3.760170580166123E-9,1.0233672779265936E-13,4.550900408640974E-10,7.86378053549975E-8,
1,1,0.00488827850027836,0.9791857462332103,9.715819005542427E-5,8.708581488910377E-5,0.015184580776334985,4.88090973797181E-4,6.884422660644881E-5,2.145025166478291E-15,3.2711033314908947E-12,2.1528155544435466E-7,
1,1,9.196870311783494E-4,0.9922164548211942,0.004625271210151403,0.0016483059927559723,8.346799689873787E-5,5.048987697116422E-4,1.914008868718727E-6,1.1040485057011845E-12,2.9019394159015155E-14,1.681082614961576E-10,
1,1,0.004588272437877075,0.8727948569477941,0.001184661160346218,0.1206349640592196,7.950375812830839E-4,5.589014554256112E-8,5.324959187214874E-7,2.4608500685479117E-12,5.353100378274567E-8,1.5658939510190732E-6,
1,1,0.004487296168938644,0.9898379414728926,1.0113909738638208E-4,0.005253651174267936,3.1908508652137696E-4,5.90770137480169E-7,5.3735409391061294E-8,1.0563941229021045E-15,2.635330386468184E-9,2.3985911457649173E-7,
0,0,0.9833441566724495,0.015431093429842837,0.001118223332774415,4.346539601405014E-12,7.919833019344397E-5,2.7421527878667846E-6,2.2737840666258214E-5,5.655423138402292E-14,1.7975435033633455E-8,1.8302614475772547E-6,
0,0,0.999631342176623,2.1592927626435E-4,1.2231595610110168E-4,2.098455254776864E-12,2.986979700730105E-5,1.0133401040425385E-9,3.134023288648304E-8,2.2289768871606826E-13,1.0526485332656107E-8,4.999116244759225E-7,
1,4,0.3514549946553186,0.13521078490123625,1.204151130661319E-5,4.4175983802142925E-7,0.51315328001836,1.516097774894522E-10,3.8745333757356106E-9,1.0759259866399772E-17,1.2811266079677476E-8,1.6844031653105913E-4,
1,1,0.03852803839003007,0.9458192519323355,3.918999738254874E-4,0.0010018965219295252,0.014258311993236556,3.46411865498157E-7,1.1514140680887704E-7,1.3364938767273553E-14,5.317928187827564E-10,1.3910356436657135E-7,
1,4,0.18319344025289758,0.24580651193258699,3.54227202933706E-5,1.5346957265274286E-6,0.5708737429947085,5.510400959046554E-10,2.300181664688385E-8,1.616567972149651E-16,1.5399038732595667E-9,8.932231102620549E-5,
1,4,0.3342599981864626,0.17700802516503364,2.642856526365744E-6,9.351651496887571E-7,0.4880471669396413,3.034493469441146E-10,5.618070784067677E-9,3.41095373814746E-18,9.042161296041957E-8,6.811353440534503E-4,
1,4,0.08941087213867062,0.4127986395358487,9.432045308003108E-6,1.900498349714951E-4,0.4975874292521281,2.2090639551284787E-9,2.3619965072467395E-8,3.3410909019810446E-15,9.195332615174897E-11,3.5512720876260046E-6,
1,4,0.08941087213867062,0.4127986395358487,9.432045308003108E-6,1.900498349714951E-4,0.4975874292521281,2.2090639551284787E-9,2.3619965072467395E-8,3.3410909019810446E-15,9.195332615174897E-11,3.5512720876260046E-6,
9,9,7.691034355855441E-4,2.0013523420102168E-11,6.804414469973305E-12,1.295028319565564E-13,3.2256595477041445E-4,8.715852838845847E-17,1.2506989767724365E-12,6.293514777056747E-19,0.0015243101922028399,0.9973840203892429,
1,0,0.9724639253915333,0.025271312232351833,8.377084257999605E-6,7.273497808095938E-8,0.0022505800088219326,4.312918882253558E-9,1.8753101243730892E-10,4.684697186761175E-16,1.873719432224498E-9,5.726173887185806E-6,
1,0,0.976897295164553,0.0075496629921112,6.116617731993397E-7,2.6965847304527332E-8,0.015256871658906247,3.329960800587468E-9,8.759794535068633E-11,6.053587767866367E-17,5.188691878666049E-7,2.9500927006234737E-4,
1,0,0.8238380257670536,0.16612433209805563,3.9458085481504234E-5,4.894275338741056E-8,0.009995015640253629,2.9021267456640722E-9,3.785641105436742E-10,3.1522932316160366E-16,2.052481403726349E-10,3.115980462837823E-6,
0,0,0.9961172267649159,4.339039058191304E-5,7.457363545687663E-6,6.085686236292421E-9,0.00381354888649058,3.7840581251629074E-11,3.4780813365947115E-9,1.3623188836052563E-15,6.429412990643302E-9,1.83605634435545E-5,
0,0,0.661921852915645,7.781250900802054E-5,2.9751509038203432E-8,9.565549437992871E-12,0.3252324320109696,4.827247031784372E-13,1.1863258673511372E-10,6.221459417700823E-18,9.674310116078428E-9,0.012767863009877306,
9,9,3.969124261542353E-6,2.1557932616828826E-15,1.2310264759562438E-13,3.525128294159038E-16,1.6850890994597222E-6,2.3777685514797247E-18,7.489815801360674E-15,5.1507942338572216E-20,0.0037157107239586084,0.9962786350625472,
9,9,2.0720884715660855E-4,6.224393192955631E-11,5.094847291219511E-12,7.933585414688153E-14,2.964681589314071E-4,4.111410590323213E-15,5.703304829785565E-13,2.0089313035067904E-18,1.3765592332394322E-4,0.9993586670025956,
9,9,2.0720884715660855E-4,6.224393192955631E-11,5.094847291219511E-12,7.933585414688153E-14,2.964681589314071E-4,4.111410590323213E-15,5.703304829785565E-13,2.0089313035067904E-18,1.3765592332394322E-4,0.9993586670025956,
9,9,2.0720884715660855E-4,6.224393192955631E-11,5.094847291219511E-12,7.933585414688153E-14,2.964681589314071E-4,4.111410590323213E-15,5.703304829785565E-13,2.0089313035067904E-18,1.3765592332394322E-4,0.9993586670025956,
9,9,7.396120651997265E-4,1.018163077620886E-9,1.9232219123997485E-11,9.982664472082829E-14,0.0018651983955382215,5.173301891245588E-15,7.176349093355881E-13,2.5277962109342934E-18,8.973507692536174E-5,0.9973054534241188,
0,0,0.9654547705401636,1.6906958904496457E-8,1.82351459128068E-8,8.207237050641682E-12,0.0020192006616351244,1.0014128104631688E-13,3.390714999214686E-12,2.541475757711122E-17,8.014030920749763E-5,0.032445853335190795,
0,9,0.18185945525294883,1.9949627624122165E-11,3.9422378548046426E-10,2.196564038826604E-12,5.178986045141841E-4,1.1099634975685165E-14,2.062459849661424E-12,4.225448224059421E-17,0.010221928537329672,0.8074007171867637,
0,0,0.9987457482879042,2.1550208628717518E-5,1.7281406894182308E-5,2.8132886791189215E-15,9.540814680296084E-4,8.949395810029152E-13,1.0116002191870388E-10,2.933600104624974E-16,8.190956807795932E-7,2.6051943080457676E-4,
6,0,0.9994144727518036,1.4361823150919934E-5,5.510086282513276E-6,2.1331562163277007E-15,5.206128557104408E-4,9.818608988945242E-11,3.1664931019757076E-10,1.4760830882475682E-13,5.09230274501838E-8,4.4991145039927514E-5,
0,0,0.9991576858765833,7.875163584152272E-6,8.900371469150803E-6,4.796064821050513E-16,4.2566060633315384E-4,1.3900672287058824E-13,1.724565367294391E-11,1.3669865946695976E-16,2.36640823825842E-6,3.9751155640652797E-4,
0,0,0.999855191199881,2.7363033443898044E-5,1.6661371794351344E-5,1.6282765001903648E-12,3.964287337131213E-5,4.480786363377761E-12,1.0762969309267623E-10,9.261329463926699E-15,1.545929296090895E-5,4.568211480018005E-5,
1,1,0.462747064736991,0.5214460046626762,1.2550346282846688E-4,4.2697101079031517E-7,0.015679272463642622,1.1668538387279187E-8,2.0762060358764765E-9,1.1072388723308535E-15,1.998311923622612E-10,1.713758274176351E-6,
1,1,0.0011763699958521378,0.99644097920265,5.6663987644941106E-6,3.934507919382067E-4,0.00198283946507149,4.99024321081856E-9,3.8868223945629046E-9,5.311113625213082E-15,3.9712263396298367E-8,6.455563893216533E-7,
1,0,0.888786588939896,0.10489392294995484,2.1988659942179372E-5,2.096756560457308E-8,0.0062925384233978015,4.990194649958177E-10,5.966414109120076E-11,3.4364341289627214E-17,4.806530267629003E-9,4.934694029745097E-6,
0,0,0.9936542679643935,0.005697609464296747,1.891433826123585E-5,1.1099309013062452E-12,6.28928429743221E-4,1.6749501360741255E-10,9.41450200482762E-10,4.1281687090185546E-16,1.0222352597651257E-9,2.776710141345278E-7,
0,0,0.999986473445949,1.9038459571282046E-6,2.5760993499540804E-6,9.201690014442374E-15,6.297645961412274E-6,4.812307100633373E-11,6.988972192761311E-11,3.542170350335307E-15,9.454770107087155E-8,2.654297055866674E-6,
0,0,0.999852800666602,9.42254940132151E-9,6.3110907328937725E-6,1.252382266712725E-14,4.18966874098112E-6,9.356740936175243E-12,2.8113942389623795E-10,1.0177704697480571E-14,4.612937427006698E-5,9.055948658592621E-5,
1,0,0.9989632444792285,9.318680526460904E-4,7.325586940856724E-5,4.153429739251877E-15,3.076842707470194E-5,5.647626297616253E-11,4.731990249615886E-10,1.5988536509584286E-15,5.279993885953996E-9,8.57361967278931E-7,
0,0,0.9999176116751529,5.243822404279074E-6,5.6955215829917055E-5,2.5116173458613482E-15,4.52761921935796E-6,4.878816875462053E-12,2.8190859629331835E-10,2.0411099980155117E-15,2.7262472530889487E-6,1.293513334880196E-5,
1,0,0.9475430103932757,0.05193401695332005,5.075083520201777E-4,5.369552826996654E-12,1.5355483297018777E-5,3.78397941618119E-8,6.174274367942863E-8,1.2007207228098561E-12,4.015646543356521E-10,8.827414088073409E-9,
0,0,0.997815866660522,9.896235538563839E-5,0.0020800068479400946,8.175676429020137E-15,3.23602652503962E-6,8.248981486235874E-11,5.676081525386833E-9,1.1604433814151318E-13,3.364272052787343E-7,1.5859237266847243E-6,
0,0,0.9475430103932757,0.05193401695332005,5.075083520201777E-4,5.369552826996654E-12,1.5355483297018777E-5,3.78397941618119E-8,6.174274367942863E-8,1.2007207228098561E-12,4.015646543356521E-10,8.827414088073409E-9,
0,0,0.9090033165843948,0.020175744438349432,0.0705001783322609,2.4425545112299733E-11,5.7419305838958204E-5,1.1434306344363345E-5,2.515612462970347E-4,1.171828737987488E-11,2.801540329462339E-8,3.177349674152225E-7,
1,0,0.9801002190180191,0.01962241624935341,2.7024937281876617E-4,9.46457961753574E-13,7.083272550821446E-6,6.076917182606837E-9,1.0883012649042289E-8,5.784926070754707E-13,1.1995075225858634E-9,1.39262953581555E-8,
1,0,0.5440207349143213,0.45262075810999125,0.003355443153222802,4.663220794655687E-12,2.89066164991281E-6,4.4769095600451554E-8,6.638773277652831E-9,6.333881726231804E-14,2.2458007502792495E-8,9.929021188855174E-8,
1,1,0.04434919309594424,0.937715028657976,0.017815562393107238,2.2044261509472876E-11,2.672550716793132E-6,1.0801137791843994E-4,9.510644607451127E-6,1.1132477570099184E-13,6.912210647878449E-10,2.0566353161996226E-8,
0,0,0.8689154925377515,0.1001730388714975,0.026701074037852015,2.444383421964362E-12,1.9236556556618022E-5,0.0011589930050522395,0.0030319468062875313,3.686206387465387E-10,5.970154387648425E-10,2.1721692231271304E-7,
0,2,0.020550174438006073,0.028794388469915562,0.811456369420504,2.4155519210428094E-8,6.947070821691825E-9,0.12292279140572793,0.016262548955938552,1.3696186340832991E-5,8.625307494846788E-14,2.089072402492892E-11,
1,2,0.001273647145842708,0.3273055120999449,0.6574480039557957,2.645257983289867E-7,1.1719950577006232E-9,0.01391062162203654,6.194445336320643E-5,5.022700354258304E-9,1.2126386925746467E-13,2.4018316155731923E-12,
1,1,3.7516225270288066E-6,0.756670782404056,0.20262262311992804,2.180244079964204E-7,6.201115682217293E-11,0.04057642980054382,1.2619333408854592E-4,1.6314631011276701E-9,2.047461640192785E-13,7.692601788777148E-13,
1,2,0.0023821406986919715,0.35828862688555274,0.6351653352160288,1.9646729674905738E-7,1.2791774699104728E-9,0.0041467730900969215,1.6925402386188366E-5,9.49251532626756E-10,4.923188849791186E-12,6.59433011555866E-12,
0,2,0.03246282418309265,3.9754398935427704E-4,0.9643155822837112,6.726238112402119E-10,1.8402078946637976E-9,2.6329640068953965E-4,0.0025551136046539557,5.635917773665876E-6,1.6358418991963605E-11,1.0915345824608276E-9,
1,1,0.005568826555226942,0.5090194967177284,0.48144619400708816,2.8775387173059365E-5,5.318042481831832E-9,0.0038808486158095168,5.5808807330167174E-5,1.8281426314665104E-8,2.6239079718662635E-8,7.109527424487431E-11,
1,2,0.0060866313641247585,0.3769965232718246,0.6132850371985863,3.691244591880031E-5,3.910096319309715E-8,0.003563448036204572,3.139926935416755E-5,8.579641209837275E-9,6.620559683298592E-10,7.132660106368572E-11,
1,2,0.30464190630139876,0.09035858102509656,0.6049823922532309,7.78394215078915E-8,1.548058431054963E-5,7.150996119051657E-8,1.2452304095897084E-6,2.6283103006723838E-9,1.3683442460699026E-7,1.0579343593519228E-7,
