2,2,0.06304334501785382,0.12260325822180704,0.814353396760339,
0,2,0.023403084374500466,0.052196815966039936,0.9244000996594597,
2,2,0.01608642486419993,0.1802934078603739,0.8036201672754262,
2,2,0.1332022233905041,0.19683089184812602,0.6699668847613699,
1,1,0.14096733279999502,0.5088409979080468,0.35019166929195805,
2,2,0.015670025581183643,0.40762208907054104,0.5767078853482753,
1,1,0.1103539930964208,0.5892123636538785,0.3004336432497007,
2,2,0.11090745281585741,0.13180569236494896,0.7572868548191936,
2,2,0.13515708548927144,0.18318082276389652,0.681662091746832,
2,1,0.06726241832236705,0.4861768330262375,0.4465607486513954,
2,2,0.04359472577881426,0.2913111180797648,0.665094156141421,
2,1,0.05618320371474061,0.48935246524739245,0.45446433103786693,
2,2,0.14588148192152514,0.24274840392256,0.6113701141559148,
2,1,0.048985129081727384,0.7194843480608544,0.23153052285741824,
2,2,0.13219733150134633,0.20868093165392698,0.6591217368447266,
2,2,0.10391898413818906,0.23941945828949063,0.6566615575723203,
2,2,0.026978101421975684,0.060556209325995,0.9124656892520292,
1,2,0.09989604657819143,0.2689057650179528,0.6311981884038558,
2,2,0.16420336556360005,0.27339923349491113,0.5623974009414888,
2,1,0.04061870030571466,0.4953193018103637,0.46406199788392155,
1,2,0.043662662969877,0.24637694867567725,0.7099603883544459,
2,1,0.04786017315330499,0.5835766736842065,0.36856315316248844,
2,2,0.04853844403136746,0.27564624978569396,0.6758153061829386,
1,2,0.15059184103290035,0.2307835846088332,0.6186245743582666,
1,2,0.10005805815725681,0.14436426117737844,0.7555776806653648,
1,2,0.16263864025453206,0.28067364659121347,0.5566877131542545,
2,1,0.23514456107218643,0.4677730301771687,0.29708240875064496,
1,2,0.15460679223792187,0.3161483565793836,0.5292448511826945,
1,2,0.2390367311100591,0.19472369773735923,0.5662395711525817,
2,2,0.2046865549659422,0.3497341389140181,0.4455793061200397,
2,1,0.21246807097896925,0.446144125367306,0.3413878036537247,
0,2,0.12437319823230802,0.21883649805548433,0.6567903037122077,
2,2,0.04309108668515779,0.26089865603095325,0.6960102572838889,
2,1,0.03589444120848197,0.7455300166082411,0.21857554218327677,
2,2,0.13938750010704534,0.21089743787122764,0.649715062021727,
2,2,0.014168705714085452,0.24566373985008566,0.7401675544358289,
2,1,0.045161909793387967,0.7072086277692616,0.24762946243735032,
2,2,0.026660406945397633,0.4742707876776517,0.49906880537695064,
0,2,0.08853977685784044,0.12165071123395839,0.7898095119082011,
0,2,0.025070036021432037,0.09808535747631321,0.8768446065022547,
2,1,0.049604205897391195,0.6528358373619851,0.2975599567406235,
2,1,0.05221625557838063,0.6715595728485287,0.27622417157309076,
2,1,0.07518181920405756,0.5519060448323462,0.37291213596359624,
2,2,0.038216520051270776,0.0897816831685192,0.8720017967802101,
1,2,0.08882926862017394,0.38996950746399284,0.5212012239158332,
2,2,0.027073163227854777,0.4363750268758993,0.536551809896246,
1,2,0.03864142053087711,0.232466883684351,0.7288916957847719,
0,2,0.10403784130132883,0.2867535693903745,0.6092085893082966,
2,2,0.16666935316318943,0.19535953040164675,0.6379711164351639,
1,1,0.06863655615865476,0.5215772732167413,0.40978617062460404,
2,2,0.03011850688040313,0.4553403816954226,0.5145411114241744,
1,1,0.061093711279417845,0.48858608880710674,0.4503201999134755,
2,1,0.09231420860028548,0.4563704803670036,0.451315311032711,
0,2,0.20836236722927334,0.22235430292000755,0.569283329850719,
1,1,0.028156359509145672,0.5073318179363382,0.46451182255451606,
2,2,0.06460427709993578,0.34439994644614536,0.5909957764539189,
1,2,0.18128583686191632,0.10038476669738257,0.718329396440701,
1,2,0.17495517594672125,0.33994428155064277,0.485100542502636,
2,2,0.19397879967415096,0.37535215264775607,0.4306690476780929,
1,2,0.03928266270967957,0.260824055058177,0.6998932822321434,
2,2,0.17088987679990164,0.15025117808844654,0.6788589451116519,
2,2,0.02768105669102434,0.43350990507736126,0.5388090382316144,
2,2,0.11317441461550418,0.38569558008945976,0.501130005295036,
2,1,0.11266947081127214,0.580399980464299,0.30693054872442893,
2,1,0.14002707343560356,0.5006374871532733,0.35933543941112317,
1,2,0.03344177050310576,0.34349985087757856,0.6230583786193157,
2,2,0.020475108646359808,0.2562323047043045,0.7232925866493356,
2,1,0.10186461380051152,0.5156480118803124,0.3824873743191761,
2,2,0.16431535966520477,0.1294116646577854,0.7062729756770099,
2,2,0.02679100031916546,0.17166632549890307,0.8015426741819314,
2,1,0.09695771077681067,0.4973197884367445,0.4057225007864449,
1,2,0.11534026103742138,0.2066421807858283,0.6780175581767502,
2,2,0.09816923463529209,0.40061869360225416,0.5012120717624537,
2,2,0.018171944310581042,0.12461575297074225,0.8572123027186767,
2,1,0.10787710975222076,0.5148593572950265,0.37726353295275283,
2,2,0.020048673312470684,0.11684235882995621,0.8631089678575732,
2,2,0.18305015753797324,0.20798518449572867,0.6089646579662981,
2,2,0.005989224332461821,0.06888732680172704,0.9251234488658111,
2,2,0.015313329722561574,0.14999077444822181,0.8346958958292167,
2,2,0.041893144481279704,0.31560488659687014,0.6425019689218503,
2,2,0.0070676065357054155,0.18867258838122028,0.8042598050830743,
2,1,0.04559593623149273,0.5838982975269329,0.3705057662415745,
2,2,0.06150115719753104,0.20169980421141281,0.7367990385910561,
2,2,0.025258151282268212,0.3506317267954571,0.6241101219222748,
2,2,0.10543661780015655,0.18487943959881037,0.709683942601033,
0,2,0.15472267325616385,0.292328453096289,0.5529488736475471,
2,1,0.032586419858433156,0.4911817040945008,0.4762318760470661,
2,1,0.14099947351170303,0.4967511736979473,0.36224935279034953,
2,2,0.15274306386782915,0.2937042883956102,0.5535526477365608,
2,2,0.026792277431631647,0.33525999118595523,0.6379477313824131,
0,2,0.09391387176722557,0.39974433015966176,0.5063417980731126,
1,1,0.07180243986590513,0.487645624336722,0.4405519357973728,
2,2,0.09077086250658872,0.27742496171804953,0.6318041757753617,
1,2,0.035181745258974086,0.4097721253654555,0.5550461293755704,
1,2,0.2316803674481956,0.22486541182360906,0.5434542207281954,
1,2,0.22557881735284274,0.1872712669309757,0.5871499157161816,
2,2,0.09522339985150444,0.3910511671336254,0.5137254330148702,
2,2,0.01749614136486415,0.10871140619817059,0.8737924524369654,
0,2,0.11386357694384776,0.19812809715218782,0.6880083259039644,
2,2,0.12310669968930882,0.26528435068934697,0.6116089496213442,
2,2,0.04719248641572905,0.23942543903379654,0.7133820745504744,
2,2,0.11266157482415537,0.21559134896360566,0.6717470762122391,
2,2,0.017960770201026346,0.18244902878364702,0.7995902010153267,
2,2,0.10151688390704001,0.20159110278933304,0.6968920133036269,
2,1,0.13268082771434872,0.468842291236084,0.3984768810495672,
2,2,0.19267750930308147,0.2783126048324324,0.529009885864486,
2,2,0.1677378401511478,0.3189514345968418,0.5133107252520105,
2,2,0.046579421435747566,0.08317710001283254,0.8702434785514198,
2,2,0.0919324828977445,0.27027721149957973,0.6377903056026758,
2,2,0.03830327904409553,0.07871358738931812,0.8829831335665863,
2,2,0.04096208783457981,0.05520987534216503,0.9038280368232552,
1,2,0.1687712537711259,0.3271079428751764,0.5041208033536976,
1,1,0.1751180654948326,0.4238314867726845,0.4010504477324829,
2,2,0.053205270898794815,0.09561823629015054,0.8511764928110547,
2,2,0.0941002533794242,0.1654950998855657,0.74040464673501,
2,2,0.13956600239250405,0.2691693623138389,0.5912646352936569,
2,2,0.037758233483759895,0.28530515823211466,0.6769366082841254,
2,2,0.007065341581695397,0.15319674821706558,0.8397379102012391,
2,2,0.015267661893592617,0.09426033587596588,0.8904720022304414,
2,2,0.01658888770220076,0.2954208592267313,0.687990253071068,
2,2,0.028815396918850968,0.196340132864808,0.7748444702163411,
2,2,0.2086345592366341,0.38903916287881507,0.4023262778845509,
2,2,0.0016103872287869297,0.04310235901196606,0.955287253759247,
2,1,0.24616755256834214,0.38992789052516597,0.3639045569064918,
2,2,0.05561593590534392,0.40184171778781763,0.5425423463068384,
2,2,0.00843753285722926,0.07478510466125497,0.9167773624815158,
2,2,0.03022290652586833,0.30167758578014575,0.6680995076939859,
1,2,0.15730952378160543,0.3960580013027125,0.4466324749156819,
0,2,0.19140943030728313,0.38389339326204425,0.42469717643067273,
2,2,0.0988660717695121,0.07062337772755228,0.8305105505029355,
2,2,0.07545742501151703,0.263830326753551,0.660712248234932,
2,1,0.2471706593416281,0.46312397814514744,0.28970536251322443,
1,2,0.08195361095676565,0.25122587241061034,0.6668205166326239,
1,2,0.08377784475483065,0.14640204558003123,0.7698201096651383,
2,2,0.038715454261159146,0.05732451916852045,0.9039600265703204,
1,2,0.1996597364923205,0.3147391070714541,0.48560115643622537,
0,2,0.14689329813589866,0.15208381239727659,0.7010228894668248,
2,2,0.17663780528829173,0.13925567136195685,0.6841065233497514,
2,2,0.1114955993944141,0.24098214512409305,0.6475222554814929,
2,2,0.20826084757674204,0.36969389325516616,0.42204525916809166,
2,2,0.0524084196328455,0.2120963599564933,0.7354952204106613,
1,1,0.2904389335539735,0.38773977330010817,0.3218212931459184,
2,2,0.007315411941619546,0.06442612788979009,0.9282584601685904,
2,2,0.12532057713047998,0.18619672121794062,0.6884827016515794,
2,2,0.09989260304156289,0.1047496844440995,0.7953577125143376,
2,2,0.09562058925609389,0.19147705019794117,0.712902360545965,
1,2,0.17725407008097066,0.2544026807240223,0.5683432491950071,
1,2,0.128751290182,0.3630740867926446,0.5081746230253554,
0,1,0.14957275779090054,0.44488864904039327,0.4055385931687063,
2,1,0.14908221530215054,0.5728835293831127,0.27803425531473686,
0,2,0.04375324914597127,0.23661656991590077,0.7196301809381279,
1,2,0.1050940364790177,0.2550071349585443,0.6398988285624381,
2,2,0.09203514856133847,0.10023836940059377,0.8077264820380679,
2,2,0.14535161714967573,0.39539148612826763,0.4592568967220565,
2,1,0.22968654793790624,0.4683339569731793,0.30197949508891436,
1,2,0.19084007377651235,0.3239976808072674,0.4851622454162202,
0,2,0.2150973009003653,0.24592572486024708,0.5389769742393877,
2,2,0.05984063255471438,0.29309197166063033,0.6470673957846552,
2,2,0.14714136014877557,0.4144822126640863,0.4383764271871382,
1,1,0.10118245822303115,0.5256717169598908,0.37314582481707814,
2,1,0.13002234567994084,0.497497322802299,0.3724803315177602,
1,2,0.16460306595722204,0.3569674185670425,0.4784295154757353,
2,2,0.07508533388395282,0.27515627650719743,0.6497583896088497,
2,2,0.0290048930875212,0.10731122192507044,0.8636838849874084,
2,1,0.12165869428436774,0.5533862364868953,0.32495506922873685,
2,2,0.10079601177395307,0.11826623923329746,0.7809377489927494,
0,2,0.16118753008657785,0.40928348775317785,0.4295289821602444,
2,2,0.15676091381379192,0.21541152762217763,0.6278275585640305,
1,1,0.10591276416306752,0.5239263904536521,0.3701608453832803,
2,2,0.15954732436008479,0.4012638625607299,0.4391888130791852,
2,2,0.0077634427775784545,0.1199377528755912,0.8722988043468304,
1,2,0.033671066485571916,0.17445910738260326,0.7918698261318248,
2,1,0.11680075103543923,0.6529255003511486,0.23027374861341224,
1,2,0.029754732790143165,0.2384972602035627,0.731748007006294,
2,1,0.17643161947215752,0.6591270404803987,0.1644413400474438,
1,2,0.04003793108084515,0.17616877800906464,0.7837932909100902,
2,2,0.1420050733226231,0.2579070282095437,0.6000878984678332,
2,2,0.07071821833761432,0.3758684889148853,0.5534132927475004,
1,2,0.17537615198068193,0.36958076535540124,0.45504308266391674,
2,2,0.12378946364294953,0.10867200507925814,0.7675385312777925,
1,1,0.14605504563040805,0.5817276780149973,0.27221727635459464,
2,1,0.13801331429088926,0.5065557943913075,0.3554308913178032,
2,2,0.1666468221324224,0.34867838883671787,0.48467478903085975,
2,2,0.094313971203317,0.164322410211867,0.741363618584816,
2,2,0.019264377589687538,0.07627886463673036,0.904456757773582,
2,2,0.11156558960291946,0.056612860074537974,0.8318215503225427,
1,2,0.03732339578033627,0.19554631317320717,0.7671302910464566,
1,2,0.04869580415419529,0.27395813314548373,0.6773460627003209,
2,2,0.12260113585558988,0.09619011579627366,0.7812087483481365,
0,2,0.19268088386323604,0.1139943663970173,0.6933247497397467,
1,2,0.2490591843363506,0.37262263526762257,0.3783181803960269,
1,2,0.14048371999453538,0.42759388869483494,0.43192239131062976,
1,2,0.04159388223189951,0.14086638636313778,0.8175397314049628,
1,2,0.04228799015053998,0.19051976937842985,0.7671922404710301,
2,2,0.05567878009056577,0.05777679817359069,0.8865444217358436,
2,1,0.14779679779934002,0.4789998689884934,0.37320333321216675,
2,2,0.06815197822810536,0.22691844976373313,0.7049295720081614,
0,2,0.20646271089738008,0.28124828512455624,0.5122890039780637,
2,2,0.09930474011735868,0.13882467829216052,0.7618705815904808,
2,2,0.04322566873194054,0.2592701592602661,0.6975041720077935,
2,2,0.11517971970688017,0.10778229534123228,0.7770379849518875,
0,1,0.16740932920891177,0.4264579134194839,0.4061327573716044,
2,2,0.11137106317151947,0.12769771823288043,0.7609312185956001,
2,2,0.18722824741193467,0.2559066000234555,0.5568651525646098,
1,2,0.09147533799929224,0.1138956537479037,0.7946290082528041,
2,2,0.2728201874655063,0.24725858549732843,0.47992122703716533,
1,2,0.1925929399452012,0.39081135386560545,0.41659570618919334,
1,2,0.10927323115708538,0.3815275207916984,0.5091992480512162,
0,2,0.08349758389622305,0.29107134100320187,0.6254310751005752,
2,2,0.09057474153123915,0.14221141641927426,0.7672138420494867,
0,2,0.1664928876075978,0.37217331237054413,0.46133380002185803,
0,2,0.15857172060625063,0.12421629880621496,0.7172119805875345,
1,2,0.18321956010709087,0.18490150105189146,0.6318789388410178,
0,2,0.1754630621158747,0.32417369126350415,0.5003632466206211,
2,2,0.01817150019393012,0.07904263332771116,0.9027858664783588,
0,2,0.17205106002394926,0.2935666552648253,0.5343822847112255,
2,2,0.09368682614161529,0.0735192574149159,0.8327939164434688,
2,2,0.06808928152535441,0.19958451908770342,0.7323261993869421,
1,2,0.028852462121075395,0.3656882234423467,0.6054593144365779,
2,2,0.11446701858082717,0.08573798319673093,0.7997949982224419,
2,2,0.04555958393722899,0.12308138756302284,0.8313590284997481,
1,2,0.031324667902418224,0.2263269456119936,0.7423483864855882,
0,2,0.17611826391004842,0.21296084976051596,0.6109208863294355,
2,2,0.12332885327901663,0.20442187073311183,0.6722492759878715,
1,2,0.14189603499371725,0.29942392870798057,0.5586800362983022,
1,1,0.07567546028226886,0.4813236286276842,0.4430009110900468,
2,2,0.07874535497108782,0.0815533836575693,0.8397012613713428,
2,2,0.21753811438183343,0.22228303295475688,0.5601788526634096,
1,2,0.00619667100698518,0.041153320310216436,0.9526500086827983,
1,1,0.2775507315975534,0.43504521811317515,0.2874040502892715,
1,1,0.3230252974102363,0.3607561351435132,0.31621856744625054,
2,2,0.01752328920527137,0.10147379906009313,0.8810029117346354,
1,0,0.4316129104441109,0.23317576559559358,0.3352113239602955,
1,2,0.21294142746729203,0.27769880855051693,0.5093597639821911,
2,2,0.11238040179148491,0.16165941624887536,0.7259601819596397,
0,2,0.24308189882579007,0.18299557363510843,0.5739225275391016,
1,2,0.12305546661801704,0.36444499321406343,0.5124995401679197,
1,2,0.3297861305999861,0.27334333806926914,0.3968705313307446,
0,2,0.23687044284241943,0.18058755655157205,0.5825420006060085,
2,2,0.22256685068511528,0.17363139022019128,0.6038017590946935,
1,2,0.20184041119992344,0.3030624387154205,0.49509715008465616,
1,2,0.1936035818913063,0.26325890629548065,0.5431375118132131,
2,2,0.11774111263751258,0.06944148550456192,0.8128174018579255,
1,2,0.2053851071120104,0.3132929859479607,0.481321906940029,
1,1,0.10984353913786163,0.6545305537329701,0.2356259071291683,
1,2,0.11164738967550217,0.1526815113310521,0.7356710989934457,
2,2,0.18097120009518272,0.24295349648191675,0.5760753034229005,
1,2,0.2008283263341589,0.1444038383727769,0.6547678352930641,
1,2,0.05270236970091836,0.15438505811679237,0.7929125721822892,
1,2,0.17096073354426805,0.1681883720897466,0.6608508943659853,
1,2,0.04664892396024808,0.1676483761757752,0.7857026998639768,
1,1,0.18603426553390032,0.4223940567058396,0.39157167776026,
2,2,0.11884805732712557,0.1556256340190686,0.7255263086538059,
0,2,0.300253976908292,0.14097236563218332,0.5587736574595247,
1,2,0.23919350868097666,0.2395424244262615,0.5212640668927618,
0,2,0.09493773235378573,0.31820736369980324,0.5868549039464109,
1,2,0.2574998326364501,0.1693785574318307,0.5731216099317192,
1,2,0.16213827922167479,0.2531306453325527,0.5847310754457725,
2,2,0.15173257499350656,0.14404031788871843,0.704227107117775,
0,2,0.2423900776635862,0.2311911097353018,0.526418812601112,
0,2,0.1418593298001104,0.09716780487716171,0.7609728653227279,
1,0,0.39599945454120583,0.3157850992552025,0.28821544620359174,
0,2,0.22427175750292594,0.12307547441943252,0.6526527680776415,
2,2,0.08736065840586771,0.09164081345182058,0.8209985281423118,
2,2,0.09601991302388935,0.07568949624371096,0.8282905907323997,
1,2,0.2013748808732824,0.19262122982847063,0.6060038892982469,
2,2,0.09362759268235125,0.11710048860762624,0.7892719187100226,
1,2,0.2798934794924924,0.13117752342330222,0.5889289970842054,
1,1,0.28243397522363495,0.3621459322331812,0.3554200925431838,
2,2,0.09354768768759056,0.056299452492616336,0.8501528598197932,
1,2,0.2426872208803699,0.13489623793276243,0.6224165411868676,
2,2,0.017829177108504932,0.10763650975743767,0.8745343131340575,
1,2,0.1811035709658063,0.20145189088643659,0.6174445381477571,
2,2,0.03794713150287749,0.1978755392337639,0.7641773292633586,
0,2,0.27230217602961587,0.1977820605553128,0.5299157634150714,
2,2,0.04491092711621004,0.22252753911086098,0.732561533772929,
2,2,0.053842494288758154,0.3048556244289144,0.6413018812823273,
2,2,0.0071774417295717655,0.04797251660488254,0.9448500416655458,
2,2,0.06853919184166281,0.19383152627954536,0.7376292818787918,
2,2,0.05184461051024468,0.2570362535228847,0.6911191359668707,
0,2,0.25972590779291205,0.12017826273608087,0.620095829471007,
2,2,0.03785964516409215,0.18689580702372605,0.7752445478121819,
2,1,0.11480984786282392,0.5946142459481041,0.2905759061890721,
2,2,0.04795281444380096,0.28946849338501923,0.6625786921711798,
2,2,0.10667420797191939,0.2129744684768586,0.6803513235512221,
2,2,0.0330893124381593,0.1232077422869773,0.8437029452748634,
2,2,0.07395295910395772,0.1462247511621064,0.7798222897339359,
2,1,0.11344973551342838,0.44605663473734514,0.4404936297492264,
2,2,0.04392600017933028,0.16469938731959216,0.7913746125010775,
2,2,0.24887409330544225,0.17271706979730184,0.578408836897256,
0,2,0.05266244749146644,0.060032465187636164,0.8873050873208973,
0,2,0.0411642787293485,0.10643763937285368,0.8523980818977979,
2,2,0.1483947236217252,0.3425800983649305,0.5090251780133443,
2,2,0.062120008284756306,0.17977264483952535,0.7581073468757183,
1,2,0.05241218755541148,0.13721745612451056,0.810370356320078,
2,1,0.2650792814512533,0.4194693049290778,0.31545141361966883,
2,2,0.01589739765782163,0.10832313020915511,0.8757794721330232,
0,2,0.2541639917596405,0.08840556110600525,0.6574304471343543,
2,2,0.05203682607194437,0.08232914936587808,0.8656340245621775,
2,1,0.275104411216801,0.4698765622469671,0.2550190265362319,
1,0,0.38649167423466496,0.24763692960927242,0.3658713961560627,
2,1,0.23297961134868847,0.5656854061499673,0.20133498250134424,
2,2,0.20955505188525367,0.30118573254148795,0.48925921557325835,
2,1,0.3624472667441734,0.4315081711788913,0.20604456207693528,
1,1,0.2819326692458278,0.4877391634143881,0.23032816733978415,
2,1,0.08809990961204511,0.4574165453691419,0.4544835450188129,
2,2,0.17433263071518368,0.36254123208969424,0.4631261371951221,
2,2,0.2523084351809026,0.36419650808793236,0.383495056731165,
2,2,0.11305930729199337,0.15582230399460711,0.7311183887133995,
2,2,0.22883292875466643,0.3549903976093774,0.41617667363595623,
2,2,0.26544500070680555,0.27067017873456295,0.46388482055863145,
2,2,0.24517527104954473,0.35539666919689167,0.39942805975356366,
2,2,0.3524311944427642,0.2699342158929409,0.37763458966429486,
2,2,0.08310335178578804,0.09033876558783316,0.8265578826263787,
2,2,0.21363465154190944,0.18045016304421213,0.6059151854138785,
0,2,0.11977129909761083,0.08159468778476936,0.79863401311762,
2,2,0.1516520190519555,0.2099129565233122,0.6384350244247323,
0,2,0.14340941116659722,0.20084481369941723,0.6557457751339856,
2,2,0.29331506760695913,0.2782954803889689,0.42838945200407197,
2,2,0.10554122479876284,0.1505818436429084,0.7438769315583288,
2,2,0.3026984497814095,0.08139072561204053,0.61591082460655,
1,1,0.1370805912026237,0.7972858891979793,0.06563351959939698,
2,1,0.39594676446924365,0.49304714297841196,0.11100609255234438,
2,2,0.24882104119418136,0.2943618686554032,0.45681709015041533,
1,0,0.3437828086846764,0.33903776256258067,0.3171794287527429,
2,2,0.08132755501272214,0.1628767325040395,0.7557957124832383,
2,2,0.03983082452081495,0.18722114756592312,0.772948027913262,
1,1,0.199346952236849,0.40270636222308015,0.39794668554007084,
2,0,0.5732613663858442,0.2808541659255557,0.1458844676886002,
1,1,0.3281006300189879,0.4962584349343396,0.17564093504667258,
2,0,0.480537491898361,0.2859595876066861,0.2335029204949529,
1,1,0.39892306993318416,0.5200858009883236,0.08099112907849217,
2,2,0.3399137527136574,0.05805098792383484,0.6020352593625078,
2,2,0.26733534311766294,0.19759375982881422,0.5350708970535228,
2,0,0.5891980946377391,0.3022203650970044,0.10858154026525647,
1,0,0.6511208708884993,0.1873429250552381,0.16153620405626248,
2,2,0.2352289767696902,0.2747446663303886,0.49002635689992124,
2,0,0.6382928193793334,0.17826654457092872,0.18344063604973795,
2,0,0.5735540655445063,0.10510826781192882,0.32133766664356483,
2,0,0.654806992200256,0.18405159321671283,0.16114141458303124,
2,2,0.12409317725617136,0.24103748940405276,0.6348693333397759,
2,0,0.4121597662122373,0.326891839613509,0.26094839417425375,
2,2,0.31523085627875935,0.3036801427910705,0.3810890009301703,
2,2,0.2976593907968241,0.12622184162047312,0.5761187675827029,
2,0,0.48901397662070584,0.11836325162756685,0.3926227717517273,
2,1,0.3384263211736701,0.3545158985306968,0.3070577802956331,
2,0,0.4368988560981255,0.362788563762379,0.2003125801394956,
2,0,0.4656055583033316,0.2327427153490441,0.30165172634762427,
2,2,0.24408063030740243,0.13161165556370952,0.6243077141288882,
2,2,0.24969679403463363,0.3177120878742103,0.43259111809115597,
2,2,0.17483942744544514,0.1569659349730583,0.6681946375814966,
2,1,0.3631360287138829,0.3982677306582463,0.23859624062787077,
1,0,0.5431985867837857,0.3742453947732803,0.0825560184429339,
2,2,0.2716145642657747,0.11444362144026574,0.6139418142939594,
2,2,0.3814155034341678,0.22776742767609,0.3908170688897422,
2,1,0.3364831981770618,0.36190499946346855,0.30161180235946955,
2,2,0.38416899023740425,0.16593151424743185,0.4498994955151638,
2,0,0.6172809471938928,0.12629580195513435,0.2564232508509728,
2,2,0.35590176117179567,0.1750256690407709,0.46907256978743345,
2,0,0.4837290116095695,0.2201094539421758,0.2961615344482547,
2,1,0.30861317430866025,0.4154006598527143,0.27598616583862534,
2,0,0.3755764729045413,0.31393032665363135,0.31049320044182743,
2,2,0.33364869846069073,0.1832190364785694,0.4831322650607399,
2,2,0.30895707884957213,0.16857878711388605,0.5224641340365419,
2,2,0.19913073023288372,0.23151042811064393,0.5693588416564724,
2,0,0.44110625338495896,0.40893983877677204,0.14995390783826906,
2,2,0.3239932421317024,0.324678275707905,0.3513284821603926,
1,1,0.38236580552309835,0.45574305615324445,0.1618911383236572,
2,2,0.14105624737250766,0.24647327441298972,0.6124704782145025,
1,2,0.04639935720718663,0.21173417645920448,0.7418664663336089,
2,2,0.2746870078723392,0.1833370174750263,0.5419759746526346,
2,2,0.09440172479305398,0.3568848345449945,0.5487134406619516,
2,1,0.23537800650848048,0.44133160226539436,0.32329039122612513,
2,0,0.491417919781121,0.2480588302956762,0.2605232499232027,
1,2,0.2729543274217438,0.1888272600497344,0.5382184125285218,
2,2,0.33545935075024746,0.3054303900313984,0.35911025921835427,
2,2,0.22788814259912546,0.1868838362758828,0.5852280211249917,
2,0,0.5096904469579714,0.2589325100520874,0.23137704298994125,
2,1,0.18366225405165298,0.45483319753509965,0.3615045484132474,
2,0,0.48978375170153565,0.1217193445974027,0.38849690370106166,
1,2,0.31045282784630784,0.29857618995144686,0.3909709822022453,
1,2,0.20050927231687787,0.3882592254172615,0.4112315022658606,
2,2,0.22290445479584176,0.23585950792128688,0.5412360372828714,
2,1,0.36033602739298265,0.4057635973192261,0.23390037528779117,
2,1,0.2576593895912916,0.5500006801547425,0.192339930253966,
2,1,0.2892086344670243,0.4365734157338336,0.2742179497991421,
2,2,0.11414197983927991,0.26656697861494755,0.6192910415457725,
1,1,0.2683419898022778,0.5575676862565869,0.17409032394113522,
1,0,0.4934678694894204,0.35029361432575906,0.15623851618482057,
0,2,0.23568514305259666,0.12682017116595692,0.6374946857814464,
2,2,0.2668262988137888,0.17994706694380044,0.5532266342424108,
2,0,0.3874144355240189,0.34310246145850315,0.2694831030174779,
2,1,0.2507323893833585,0.4443183578451245,0.30494925277151685,
1,1,0.2139454880875818,0.5871447630417377,0.1989097488706805,
2,2,0.13560898244505526,0.3315763922974703,0.5328146252574744,
2,2,0.30062514366279125,0.34940575165717686,0.3499691046800319,
1,2,0.0534432839220071,0.307649186656549,0.638907529421444,
2,2,0.22177378419949753,0.10714302359518749,0.671083192205315,
2,2,0.059913573129862854,0.2751202605577953,0.6649661663123418,
2,2,0.14969570232445678,0.35848710348871343,0.49181719418682984,
2,1,0.3288013949487368,0.44838434157562224,0.22281426347564098,
0,2,0.07308392147153224,0.15336725345707838,0.7735488250713893,
2,0,0.6600509865997907,0.14138968391440274,0.1985593294858065,
2,2,0.12429518075793906,0.30482222694771105,0.5708825922943499,
2,1,0.25267217841393613,0.4960103829984244,0.25131743858763933,
1,1,0.23227281057877527,0.5658931359864293,0.20183405343479535,
2,1,0.19927585248675003,0.516679365704139,0.2840447818091111,
1,2,0.05157718879042167,0.18001638989732605,0.7684064213122522,
2,0,0.5229017309908155,0.27634905147591027,0.20074921753327413,
2,0,0.3691441385907425,0.35914133348867366,0.2717145279205837,
2,0,0.4468939459228372,0.2449658121345467,0.308140241942616,
2,0,0.5374551442195284,0.28586205281428256,0.17668280296618896,
2,2,0.2637339946867662,0.3417651549813821,0.3945008503318517,
2,2,0.2937791251559874,0.3160226110817782,0.3901982637622343,
2,1,0.15249016988847464,0.5300159341667569,0.31749389594476857,
0,2,0.20167127149538253,0.2693689197207886,0.5289598087838289,
2,1,0.1520056469838758,0.6456002954665949,0.20239405754952913,
1,1,0.1966787369683946,0.517572734257487,0.2857485287741183,
2,2,0.07436915842799714,0.2824748837695168,0.643155957802486,
2,0,0.6306103579619203,0.07355104278970633,0.2958385992483733,
2,2,0.18265542018655415,0.393156600497791,0.4241879793156548,
1,1,0.33690859240985704,0.505468626296043,0.15762278129409982,
2,1,0.3508459679974013,0.3743078795669873,0.2748461524356115,
2,0,0.480977837728352,0.3228399434275823,0.19618221884406575,
2,0,0.40114319015329264,0.24396840990312194,0.3548883999435854,
1,1,0.11740142620761759,0.6585829302669185,0.2240156435254639,
2,0,0.40259760527872346,0.24842795477338822,0.3489744399478883,
2,0,0.4113627597335892,0.38142328667545,0.2072139535909607,
2,2,0.21576824236840664,0.3046081096174894,0.47962364801410406,
2,0,0.3899093680040292,0.24877022132403465,0.3613204106719362,
2,2,0.3808916387974931,0.23353626528083257,0.3855720959216743,
0,2,0.24650502758505607,0.239340018975694,0.5141549534392499,
2,2,0.15780117367209934,0.3040374804340527,0.5381613458938479,
2,2,0.10288744885299163,0.22173398130274935,0.675378569844259,
2,0,0.658287923819253,0.07727161832812308,0.2644404578526239,
2,1,0.39190570980816525,0.39919509953367527,0.20889919065815946,
2,1,0.32680970421620686,0.39768012702211614,0.2755101687616771,
2,2,0.11376825091294272,0.2467557733605868,0.6394759757264704,
2,0,0.4275226618389306,0.28558017787645984,0.2868971602846096,
2,0,0.5374504742419753,0.17098641596528294,0.29156310979274175,
2,2,0.28213400916094433,0.21864490027147238,0.49922109056758335,
2,1,0.31876961298060724,0.5151824606845513,0.16604792633484147,
2,0,0.40150937441791784,0.2884727820461155,0.31001784353596673,
0,2,0.17378843480265058,0.2860932292301517,0.5401183359671977,
1,1,0.13289934015506574,0.43646900719469617,0.43063165265023795,
2,2,0.252917768422094,0.11899464846104982,0.6280875831168562,
2,1,0.267660784409277,0.49659547828246825,0.2357437373082547,
2,0,0.4881004187044857,0.18018011517935956,0.33171946611615477,
2,2,0.1433604041161492,0.17201990024330432,0.6846196956405464,
2,2,0.23191938983304222,0.16636586342843035,0.6017147467385273,
2,0,0.4220064180724402,0.2583030967584749,0.3196904851690849,
2,0,0.43264410780019646,0.32544240689017534,0.24191348530962817,
2,2,0.23876739361834656,0.22556881149990948,0.535663794881744,
2,0,0.5057766478300639,0.22332617246933664,0.2708971797005995,
2,0,0.46653697470146555,0.15293585603929133,0.38052716925924307,
2,0,0.41717178187471804,0.316692493636419,0.26613572448886313,
1,1,0.16224259184929585,0.5641693496037249,0.2735880585469794,
0,1,0.30724168438000854,0.571708360424618,0.12104995519537343,
2,2,0.3420231989837879,0.25054155559876634,0.40743524541744575,
1,2,0.3319622697429564,0.25263640687616346,0.41540132338088015,
2,2,0.13181193203392377,0.17660937403359708,0.6915786939324792,
2,0,0.4382966130499023,0.17951426279752378,0.3821891241525739,
2,0,0.554856948573623,0.16068776444526087,0.2844552869811161,
2,2,0.16125574926832253,0.16165561485334648,0.677088635878331,
2,2,0.09631987811878485,0.2030021012174796,0.7006780206637355,
2,2,0.06536791183815038,0.29807110378023205,0.6365609843816176,
2,2,0.21651603796089564,0.3280781454012286,0.45540581663787577,
2,2,0.15894305057758346,0.1572166926550512,0.6838402567673654,
2,0,0.3860326391338814,0.29714800723307155,0.316819353633047,
2,0,0.40554823977930604,0.2811182301441904,0.31333353007650355,
2,0,0.42526747191017666,0.20752588232892935,0.36720664576089396,
2,2,0.2836761320690584,0.21622858929938837,0.5000952786315531,
1,1,0.2586055800116601,0.4156347482453668,0.3257596717429731,
1,1,0.40461297751303804,0.40880725951037783,0.18657976297658418,
2,2,0.24127113692191346,0.12470240777747862,0.6340264553006079,
1,1,0.33524374200993057,0.4435937797230441,0.22116247826702537,
2,2,0.17606929335841368,0.17527384673131252,0.6486568599102738,
1,1,0.07673470117026332,0.5643050607320503,0.35896023809768635,
2,0,0.503645170908589,0.35981096958004943,0.1365438595113616,
2,2,0.1182226927885926,0.15739230200655405,0.7243850052048535,
2,2,0.13243527976595756,0.2759077757492711,0.5916569444847714,
1,2,0.2781475048731763,0.32326263302194425,0.3985898621048794,
1,0,0.5292356973612126,0.16180723263062785,0.30895707000815953,
1,1,0.05741567024304258,0.5576807796205064,0.384903550136451,
1,1,0.11989786502399954,0.5964936799211239,0.28360845505487653,
2,2,0.156131040118161,0.3713531689560423,0.47251579092579676,
2,2,0.14493472792644355,0.14436823950992017,0.7106970325636363,
1,2,0.1266869056190392,0.430609108588,0.4427039857929608,
1,1,0.07937718912831858,0.5001440779960589,0.42047873287562254,
2,1,0.1053992169994879,0.5747525753632273,0.3198482076372847,
1,1,0.15582881686592728,0.5869607634298084,0.2572104197042643,
1,2,0.004239277855794743,0.09596476148025507,0.8997959606639502,
1,2,0.05252760366096172,0.22238263601405625,0.725089760324982,
1,2,0.03906480925690822,0.46088241204695113,0.5000527786961407,
1,2,0.023894080393756876,0.24934765752726926,0.7267582620789738,
1,1,0.10563067350151284,0.5039139310760412,0.390455395422446,
2,1,0.12403313915064462,0.5738648065127745,0.3021020543365809,
2,2,0.021108757076059338,0.1582382510266546,0.8206529918972861,
1,2,0.09526367330313487,0.42767307209451433,0.4770632546023508,
1,2,0.010679574220003743,0.16949381785247514,0.819826607927521,
1,2,0.021092379794886883,0.2346706154959127,0.7442370047092004,
2,2,0.2955327297657224,0.2985458889470036,0.4059213812872739,
2,2,0.0959527148468425,0.4447324943901228,0.4593147907630347,
1,1,0.09432753247271607,0.5764258238895509,0.32924664363773304,
2,2,0.10264005226633738,0.4330490404963034,0.4643109072373594,
1,1,0.05763095209186434,0.48653243016209197,0.4558366177460436,
1,2,0.018426613702245218,0.24076661460167847,0.7408067716960762,
1,2,0.21568444883637064,0.3804000663361647,0.40391548482746475,
1,1,0.053008882304741184,0.47349999111902985,0.473491126576229,
1,2,0.018569777309188844,0.13831813436205717,0.843112088328754,
1,2,0.16477756120534773,0.34718036577030265,0.4880420730243496,
2,2,0.05960295209765384,0.1447701862767711,0.7956268616255749,
1,2,0.07088271515555204,0.392479768508389,0.5366375163360589,
1,2,0.09934400636123206,0.3019594144692666,0.5986965791695013,
2,0,0.6610533005311983,0.21687371345287906,0.12207298601592273,
0,2,0.18356649403824912,0.38665900886153637,0.42977449710021454,
2,2,0.26158700740653223,0.26468906375854506,0.4737239288349227,
1,0,0.4080531738290701,0.3661180333193244,0.22582879285160554,
2,0,0.4405353576361035,0.2458941870215818,0.3135704553423148,
2,2,0.10588479073970847,0.3624223043611042,0.5316929048991873,
2,2,0.15790107603829878,0.24980191827589834,0.5922970056858029,
2,2,0.18661110414393714,0.24780725932903924,0.5655816365270236,
1,2,0.14885133459718636,0.31887735058227895,0.5322713148205347,
2,2,0.23436091762106884,0.3052436796134663,0.46039540276546487,
2,2,0.23683697257837394,0.2976105533031059,0.46555247411852013,
1,2,0.22151909387411323,0.2562112682237741,0.5222696379021126,
0,2,0.14478624736375512,0.20340590707609948,0.6518078455601454,
2,2,0.25246113472312925,0.18744666253724432,0.5600922027396265,
2,2,0.1797702257050637,0.4065594031411028,0.41367037115383354,
2,0,0.44205462442539933,0.1618112594668974,0.3961341161077032,
2,1,0.3038318034002503,0.494017233118126,0.20215096348162379,
2,0,0.49593317709803997,0.4039872378106351,0.10007958509132485,
1,1,0.22093858265313165,0.6474669015918342,0.13159451575503417,
2,2,0.29354242178825274,0.3444668127995293,0.36199076541221803,
1,1,0.32037484607455197,0.6396972061891715,0.039927947736276566,
1,1,0.20385564306451642,0.5390870913593735,0.25705726557611003,
2,2,0.15808172230004328,0.2894939592695579,0.5524243184303989,
2,2,0.30925469034047454,0.33034780822829557,0.3603975014312299,
1,1,0.14110936165101945,0.7533067544121204,0.1055838839368602,
0,2,0.16696213328079662,0.16142213272903375,0.6716157339901697,
2,2,0.25358214231395976,0.16826887986413175,0.5781489778219085,
0,2,0.10582515322410037,0.13898730987048444,0.7551875369054153,
2,1,0.26163907717767304,0.5100278161247579,0.22833310669756907,
0,2,0.2550767819088756,0.17421664225802405,0.5707065758331004,
1,1,0.1121276655656173,0.533312668151693,0.35455966628268976,
1,1,0.10091360582723811,0.45844226287104506,0.44064413130171687,
2,2,0.2987720319983328,0.2607343697427672,0.4404935982589,
1,2,0.22856058390612988,0.36694562046390716,0.40449379562996296,
2,2,0.22304176136182655,0.31123420424150905,0.4657240343966643,
1,1,0.04583119399933539,0.5132131566466196,0.4409556493540451,
1,1,0.26612494959430705,0.6066061293123342,0.12726892109335886,
1,0,0.4001076139646704,0.3018028078673869,0.29808957816794274,
1,1,0.13906756046917806,0.7014007938572765,0.15953164567354552,
2,1,0.12176396964641271,0.7293900666894335,0.14884596366415379,
1,1,0.16541604355268835,0.6139438539813985,0.2206401024659131,
2,2,0.04413563624864041,0.13606484411531158,0.8197995196360479,
2,1,0.3135769823416613,0.5466895334006159,0.1397334842577228,
2,1,0.36098559074972053,0.47207298282461113,0.16694142642566853,
1,2,0.22961475267713918,0.19644517554424407,0.5739400717786168,
2,1,0.07436147085994756,0.8114449158017398,0.11419361333831271,
1,1,0.3201950169429947,0.55221749761332,0.1275874854436853,
2,1,0.3386221110413125,0.4429158517043873,0.21846203725430013,
2,1,0.35710105908684653,0.4251827826351652,0.21771615827798832,
1,1,0.13510905339797713,0.6508646304107816,0.2140263161912413,
1,1,0.17381934328176862,0.721754221037745,0.10442643568048625,
2,1,0.18804500049091447,0.678662387450765,0.13329261205832046,
0,2,0.24500823329581986,0.21674202139320387,0.5382497453109762,
2,1,0.23630553002102786,0.6184214849399573,0.14527298503901498,
0,2,0.09250241825860302,0.3609428395735185,0.5465547421678785,
1,1,0.38043863467177635,0.5401706957481879,0.07939066958003582,
1,1,0.2135920667354082,0.5913648529101172,0.19504308035447465,
2,1,0.3796590238941261,0.49571253213593997,0.12462844396993407,
2,1,0.37912189186239054,0.5635850509619849,0.05729305717562466,
1,1,0.23823267126448686,0.4818511455975855,0.2799161831379277,
2,0,0.4742878438948974,0.4244317417569155,0.10128041434818709,
1,1,0.10596808001328302,0.7164668786452133,0.17756504134150367,
2,0,0.3945045374930697,0.27921118341426615,0.32628427909266416,
2,2,0.07913420637262532,0.09034565594770935,0.8305201376796654,
2,0,0.41152523957606085,0.30622544265562907,0.2822493177683102,
2,1,0.23956622331187952,0.520478549386753,0.23995522730136754,
2,1,0.2700607822694886,0.5163133919190628,0.2136258258114486,
2,1,0.35222263547146454,0.38238698893584827,0.2653903755926872,
2,1,0.3435328800694091,0.4436957167503885,0.21277140318020255,
2,1,0.3366766533211286,0.45397659734912593,0.20934674932974545,
1,1,0.2620655940873626,0.6911290529545121,0.04680535295812525,
2,0,0.3973400237878699,0.3499974642811555,0.2526625119309745,
1,1,0.26762542924540056,0.4060332962255349,0.3263412745290646,
1,2,0.24204144154141302,0.3626783650759944,0.3952801933825926,
2,2,0.32759653304042724,0.218432729046134,0.45397073791343884,
2,1,0.34325903756078785,0.5022723892876786,0.1544685731515337,
2,0,0.39209561680387445,0.37458678420504454,0.23331759899108093,
2,2,0.13727455897159177,0.4100430002644053,0.452682440764003,
2,2,0.3047975219607278,0.20193586606774913,0.4932666119715231,
0,2,0.2691895351797852,0.27354311885692606,0.4572673459632887,
1,1,0.31446658386715,0.6174306775451701,0.06810273858768004,
2,1,0.2438418381678374,0.5236609510228003,0.23249721080936225,
0,1,0.13685851534615479,0.43965091310795484,0.4234905715458903,
0,2,0.20640725687496206,0.24784569181183705,0.5457470513132009,
1,1,0.34629929852103636,0.43255037677311114,0.22115032470585264,
1,1,0.18429924577770235,0.635303650159776,0.18039710406252168,
2,2,0.22976672076953372,0.3221061184540526,0.4481271607764137,
2,0,0.4395024607337913,0.2622743590141149,0.2982231802520938,
1,1,0.16229915377121318,0.7028997814173052,0.1348010648114816,
2,1,0.1932343847139002,0.4130240362175914,0.3937415790685085,
1,1,0.03380887391651045,0.5000350122244919,0.46615611385899763,
1,1,0.22996086766155294,0.5748180886662182,0.19522104367222892,
1,1,0.176767111867903,0.5366944978614345,0.2865383902706624,
1,1,0.25981444260673164,0.5918231957577362,0.14836236163553213,
1,1,0.15710786617101302,0.6428349274462911,0.20005720638269578,
1,1,0.08652574774137499,0.7659802142152077,0.14749403804341732,
1,1,0.2698477655076814,0.5600222480591852,0.17012998643313335,
2,2,0.11974869019614505,0.09727954778850939,0.7829717620153456,
1,2,0.27876788758250176,0.3294286353111917,0.3918034771063066,
2,1,0.3129940315565133,0.5397657539372114,0.1472402145062754,
1,1,0.084648361849635,0.5317662575233753,0.38358538062698977,
1,1,0.14172211399304122,0.5933959851631679,0.2648819008437908,
2,1,0.20723975168048572,0.5335773872075935,0.25918286111192074,
1,1,0.11983094011431386,0.657281089972756,0.22288796991293008,
1,1,0.21165681230778494,0.5335411180982272,0.2548020695939879,
2,1,0.27910164663467096,0.43611763080596816,0.28478072255936077,
1,1,0.20336168863685664,0.660935107930812,0.1357032034323315,
1,1,0.1531379940868679,0.5774144244821543,0.2694475814309778,
1,1,0.15000338339960265,0.5862304782751665,0.2637661383252308,
2,1,0.21530527255698295,0.590166044731149,0.19452868271186813,
1,1,0.16516329461232074,0.549898177009582,0.28493852837809736,
2,2,0.04858254340564464,0.2095799876836698,0.7418374689106856,
2,2,0.052624333912675604,0.1270052252764238,0.8203704408109007,
1,2,0.0754273277990492,0.4525814442569238,0.4719912279440271,
1,2,0.19873379451441447,0.3956969570057307,0.40556924847985487,
1,1,0.28651654548381117,0.4917288612737458,0.22175459324244287,
