2,0,0.6136078025087012,0.05175767489577701,0.3346345225955218,
2,0,0.6362844849066948,0.021604885432734876,0.3421106296605705,
2,1,0.05995064802591442,0.9160963922218828,0.023952959752202813,
2,1,0.19897676655842947,0.6985868393302246,0.10243639411134596,
2,0,0.7568564709938839,0.027016046953581233,0.21612748205253499,
2,0,0.8084521465319954,0.09952747497825305,0.0920203784897515,
2,0,0.4733955979998192,0.2870330517552921,0.23957135024488857,
2,0,0.5668020094652663,0.041338819471535886,0.39185917106319773,
2,1,0.3851150240662778,0.5218672368147158,0.09301773911900633,
2,0,0.5076323143672482,0.30461762380227275,0.187750061830479,
2,0,0.6339499170291263,0.11696037375918565,0.24908970921168805,
2,1,0.10038092818305792,0.8947129887502385,0.004906083066703567,
2,1,0.09123703040311751,0.791296582312649,0.11746638728423346,
2,0,0.5127301120593718,0.4125388874896939,0.07473100045093428,
2,0,0.42862786109841217,0.35642685048403994,0.21494528841754781,
2,1,0.14321289187721553,0.7434149942200315,0.11337211390275292,
2,1,0.14658898468615011,0.7574679726408937,0.09594304267295616,
2,2,0.2460919927901782,0.37038640685256785,0.38352160035725397,
2,0,0.7956331900590687,0.010424306724476999,0.1939425032164543,
2,1,0.03845790100670882,0.8913163546730474,0.07022574432024391,
2,1,0.03590950742436443,0.9292665094312349,0.03482398314440083,
2,1,0.3786529422082823,0.45085770482783305,0.17048935296388462,
2,0,0.592247400439948,0.259562428461147,0.14819017109890506,
2,1,0.36410920322811147,0.47393182845174586,0.16195896832014273,
2,0,0.5497914368958668,0.2565580753733194,0.19365048773081375,
2,0,0.6677997166051954,0.1598598993367093,0.17234038405809518,
2,0,0.8704752877933977,0.06372050020813007,0.06580421199847211,
2,0,0.6154580244706056,0.14175256275395273,0.24278941277544155,
2,0,0.6295848501731868,0.12392745658402986,0.24648769324278336,
2,0,0.4060830510557311,0.24488542186987902,0.34903152707438984,
2,1,0.316756151835897,0.6121834272249044,0.0710604209391986,
2,1,0.37148287966311894,0.6191419301824475,0.00937519015443351,
2,1,0.1330364870210953,0.7941229284254515,0.07284058455345319,
2,1,0.059992140867210976,0.8491293607493402,0.09087849838344879,
2,1,0.23743614957948228,0.6116257055617537,0.15093814485876408,
2,0,0.3810193566732021,0.36485780743442703,0.25412283589237095,
2,1,0.10416528036031504,0.8580045484963188,0.03783017114336602,
2,2,0.3566639742801452,0.1871620037988807,0.4561740219209742,
2,1,0.2806835908334287,0.6200059707919703,0.09931043837460095,
2,0,0.4967138577309019,0.4708712306407273,0.0324149116283708,
2,1,0.28091332427360016,0.5480088676799788,0.17107780804642092,
2,1,0.06399599678991061,0.9161772919691065,0.01982671124098305,
2,1,0.06476405848802586,0.8919424136932336,0.04329352781874064,
2,1,0.06318826232533169,0.8629263674332989,0.07388537024136932,
2,1,0.28514881128802627,0.554997653656765,0.1598535350552087,
2,1,0.16129982915468688,0.7847414829956191,0.05395868784969394,
2,1,0.10243778279265749,0.7896196814016156,0.10794253580572695,
2,1,0.15936268892503808,0.8119694281820086,0.028667882892953175,
2,1,0.0362307909048968,0.8976102614665352,0.066158947628568,
2,0,0.5310982810923656,0.06338034593163813,0.4055213729759962,
2,0,0.9456932970873405,0.0013746938520769205,0.05293200906058244,
2,0,0.893423699581346,0.008082111259046183,0.09849418915960782,
2,0,0.4084019805247121,0.25612913679994176,0.3354688826753462,
2,0,0.957983981307579,0.001529659149088867,0.040486359543331976,
2,1,0.11526678974631471,0.8064682190826485,0.07826499117103677,
2,0,0.6820590452999732,0.09815811486033743,0.21978283983968952,
2,0,0.6882974553405127,0.09089028627201519,0.22081225838747226,
2,1,0.19113977337741744,0.8016619690125419,0.007198257610040536,
2,0,0.7114364165617711,0.04732224156512001,0.2412413418731088,
2,1,0.317381450052841,0.4743633943795595,0.2082551555675996,
2,1,0.2778827121961682,0.636815526237504,0.0853017615663277,
2,1,0.19708501119739627,0.6668457170507015,0.13606927175190214,
2,2,0.4694444346550184,0.02634702276981384,0.5042085425751678,
2,1,0.16129982915468688,0.7847414829956191,0.05395868784969394,
2,0,0.8737124937994836,0.005066532302502531,0.1212209738980139,
2,0,0.7543885868376541,0.007306202876964078,0.2383052102853818,
2,0,0.5942108876048443,0.04480460633427094,0.36098450606088467,
2,0,0.92613380675197,0.005151710557875343,0.06871448269015469,
2,0,0.6403372761127908,0.1256958039944753,0.23396691989273388,
2,2,0.27210162386027376,0.3142013949055705,0.4136969812341558,
2,1,0.07715334658283682,0.8851149522982631,0.0377317011189,
2,0,0.652376221506906,0.056714055800847304,0.2909097226922467,
2,0,0.44008844725365676,0.2823483836298686,0.27756316911647466,
2,0,0.9107278466594635,0.02451745990266552,0.0647546934378711,
2,0,0.7756648871773393,0.004816571480667017,0.21951854134199372,
2,0,0.9700156597774092,0.009739899707364916,0.020244440515225733,
2,0,0.6769067876616731,0.07136789510960999,0.2517253172287169,
2,1,0.32651172030997117,0.546940522640388,0.1265477570496409,
2,0,0.5871953831159686,0.031575485732029715,0.3812291311520016,
2,0,0.574300459858955,0.1185315481234298,0.30716799201761524,
2,0,0.7452099613050905,0.03796042967218763,0.21682960902272175,
2,0,0.6779503393409751,0.19990295702431554,0.12214670363470928,
2,0,0.6708376280590341,0.07711431599847882,0.252048055942487,
2,0,0.7418855890805262,0.057978192901352185,0.20013621801812165,
2,0,0.9798092566862309,0.015014442208426699,0.005176301105342387,
2,0,0.6919638147654948,0.17148448248736778,0.13655170274713732,
2,0,0.7127053191213224,0.17985867324160246,0.10743600763707505,
2,0,0.5565955882711952,0.025962655873073705,0.41744175585573123,
2,0,0.3490091036907423,0.31461039014773573,0.336380506161522,
2,0,0.7769757481505396,0.037572428809247486,0.18545182304021304,
2,0,0.4878812218865459,0.369502674976002,0.142616103137452,
2,0,0.5818412304787122,0.1101426975319539,0.308016071989334,
2,1,0.040731305450179625,0.8799383060617477,0.07933038848807265,
2,0,0.6162173568016193,0.2728704800837522,0.11091216311462847,
2,0,0.5307923493043876,0.20408253861065812,0.2651251120849544,
2,0,0.5359132621883602,0.10233133887581256,0.36175539893582725,
2,0,0.6878008001212614,0.08954822141072888,0.2226509784680098,
2,0,0.7151629188009029,0.025759817852831126,0.25907726334626596,
2,0,0.9014305542469107,0.010266300882636688,0.08830314487045264,
2,0,0.6197762515626448,0.25121501314840144,0.12900873528895374,
2,0,0.42157264733375893,0.32602834696318456,0.25239900570305646,
2,0,0.8419359674916753,0.03912553937878204,0.11893849312954263,
2,1,0.14890825550112385,0.8355845345439891,0.015507209954886997,
2,0,0.6752111174506368,0.030140092918161755,0.29464878963120156,
2,1,0.2534945794215185,0.4618993796253215,0.2846060409531601,
2,0,0.8550984830829208,0.08398566463233866,0.06091585228474064,
2,0,0.49079298139434546,0.47330091729198975,0.035906101313664826,
2,0,0.6225937708263751,0.2707718633898882,0.10663436578373672,
2,0,0.5202677146291137,0.23302580275561516,0.24670648261527114,
2,0,0.7378992955787299,0.07190455660016717,0.19019614782110272,
2,0,0.9708284379792059,4.153148504800164E-4,0.028756247170314105,
2,0,0.7925825093981271,0.012323134080494689,0.1950943565213782,
2,0,0.7810102645826246,0.06711179008546236,0.15187794533191307,
2,0,0.6797913282274575,0.18186030149834176,0.1383483702742009,
2,0,0.6333679253191198,0.06710408407371994,0.29952799060716034,
2,1,0.07728092810087893,0.8743540414222204,0.048365030476900675,
2,2,0.3656847822741755,0.17953358998457097,0.4547816277412535,
2,0,0.6010699203643871,0.27282617433223233,0.12610390530338061,
2,0,0.5170985413833601,0.1474259113150286,0.3354755473016112,
2,0,0.5150353146572645,0.2582110890292803,0.22675359631345518,
2,0,0.6881543453251093,0.10175960384093345,0.21008605083395718,
2,1,0.26119165459981014,0.5175763596341377,0.22123198576605216,
2,0,0.6729735185654765,0.04807967050718745,0.27894681092733614,
2,0,0.58798893285897,0.19438166801828946,0.21762939912274049,
2,2,0.4224910910079966,0.14264565164244325,0.43486325734956016,
2,0,0.5694262507103501,0.3314260827205211,0.0991476665691288,
2,0,0.95697649652322,0.016642897470315974,0.026380606006463917,
2,0,0.5953653950967472,0.09923491958070467,0.305399685322548,
2,0,0.7657716405113455,0.06358910864118762,0.1706392508474669,
2,0,0.8301552921289347,0.007028155919914614,0.16281655195115063,
2,0,0.9512554141595905,0.009092201526397049,0.03965238431401247,
2,0,0.9868754796479762,0.001707246877740436,0.01141727347428348,
2,0,0.46169024166605155,0.39084120545708206,0.14746855287686636,
2,0,0.48215682359655715,0.4134874020118708,0.1043557743915721,
2,0,0.5727725690997296,0.17598277567503676,0.25124465522523365,
2,0,0.5793990371953427,0.23410696627597236,0.18649399652868504,
2,0,0.6295848501731868,0.12392745658402986,0.24648769324278336,
2,0,0.8338094422239585,0.03472982558631853,0.13146073218972287,
2,2,0.36454594546456104,0.25579284915025235,0.37966120538518655,
2,1,0.07703310099608499,0.7877275968444711,0.135239302159444,
2,1,0.23391428093853855,0.4994325141732244,0.26665320488823707,
2,1,0.09281258151934912,0.8747400785022439,0.03244733997840693,
2,1,0.3199770879780762,0.39752046316774076,0.28250244885418296,
2,1,0.11197058210854174,0.7908296869681167,0.09719973092334146,
2,0,0.7477924443914395,0.03820905432426705,0.21399850128429354,
2,0,0.9614664726887595,0.001829360346188332,0.036704166965052125,
2,0,0.7574333598137812,0.0544631950792339,0.18810344510698487,
2,0,0.6641548127319276,0.12800869099053946,0.2078364962775329,
2,1,0.45716303878614134,0.4697194579502545,0.07311750326360404,
2,0,0.9020087872914018,0.018474228211129422,0.07951698449746872,
2,0,0.7538766323941947,0.16908436697313292,0.07703900063267244,
2,1,0.10703726430956749,0.8387470567177147,0.05421567897271783,
2,0,0.4281897362842099,0.4264345581308134,0.14537570558497667,
2,1,0.1339089774125622,0.6008843336362181,0.26520668895121974,
2,0,0.39723797701826563,0.37180537256379714,0.2309566504179372,
2,1,0.32738269137365855,0.5911353695437862,0.08148193908255512,
2,0,0.7975095505462299,0.02454785464659297,0.17794259480717725,
2,0,0.5837187072276901,0.36585704085904724,0.050424251913262504,
2,1,0.22196911871457833,0.6893499714835118,0.08868090980190986,
2,0,0.7583884257859325,0.07346679040804321,0.1681447838060243,
2,1,0.1554736951430692,0.8057203654379645,0.03880593941896613,
2,1,0.4044282997009256,0.5553638468138452,0.040207853485229185,
2,1,0.13629501963071716,0.8432641668523344,0.020440813516948354,
2,1,0.109690092881458,0.7852704751529433,0.10503943196559856,
2,0,0.7997443638178914,0.01790017481692774,0.1823554613651809,
2,0,0.5261695508615732,0.24885122539072393,0.22497922374770293,
2,0,0.37811776580465917,0.27940149407938913,0.3424807401159516,
2,0,0.7468490743986771,0.06865693169174296,0.18449399390957988,
2,0,0.8730010230313828,0.014963384579809016,0.11203559238880816,
2,0,0.9555034250256063,0.003660179848559978,0.04083639512583373,
2,1,0.343548632026074,0.502813118712061,0.153638249261865,
2,0,0.7592968707492485,0.07927054956905592,0.16143257968169555,
2,0,0.5352658058461831,0.3808084222932841,0.08392577186053282,
2,0,0.8637952942983002,0.01719107618130008,0.11901362952039965,
2,0,0.7459240501044238,0.04366471721566522,0.21041123267991096,
2,1,0.36085645387178544,0.48949029746714584,0.1496532486610687,
2,0,0.6599583124009167,0.0648077177153151,0.2752339698837682,
2,1,0.20360149541469522,0.7231358901708155,0.07326261441448922,
2,1,0.04544409190891969,0.931691888118454,0.02286401997262627,
2,1,0.2548687274821569,0.7259189105053949,0.019212362012448136,
2,1,0.18460790205590155,0.7717421684667796,0.04364992947731895,
2,0,0.62605901701205,0.27805780933568625,0.09588317365226377,
2,0,0.3688205127700499,0.3638524772463597,0.2673270099835904,
2,1,0.03535394528943201,0.9140833891535702,0.050562665556997746,
2,0,0.673635674921567,0.0672451142623968,0.2591192108160362,
2,0,0.6438021455774284,0.30965812487676103,0.04653972954581059,
2,0,0.9672866963777969,0.007083653250302307,0.02562965037190084,
2,0,0.8456769798859989,0.003433373400859141,0.15088964671314192,
2,0,0.863637077027108,0.06739702182245778,0.06896590115043426,
2,1,0.21943598892008706,0.6755029115304956,0.10506109954941742,
2,1,0.46796095079204636,0.4806714243965754,0.05136762481137819,
2,0,0.8342684796837839,0.06001477096478451,0.10571674935143155,
2,1,0.05233493775074869,0.8952073994311736,0.052457662818077774,
2,1,0.20431128972239831,0.7546886868626795,0.04100002341492212,
2,1,0.1788968834490302,0.7909447255444422,0.030158391006527528,
2,1,0.05554283154318891,0.8887840893575201,0.05567307909929091,
2,0,0.5458902104244644,0.033232502196310694,0.420877287379225,
2,1,0.24383888967269482,0.7157012363126699,0.04045987401463518,
2,1,0.02294695413108582,0.9547893931882857,0.022263652680628413,
2,1,0.16093669362869162,0.7390942119555195,0.09996909441578894,
2,0,0.6264479584397559,0.29666491813705176,0.07688712342319234,
2,1,0.14390910650455313,0.8227833238929086,0.0333075696025383,
2,0,0.6310773582648188,0.26128598749411963,0.10763665424106159,
2,1,0.32177357456112793,0.5769261188841871,0.10130030655468499,
2,2,0.38435436751097657,0.16600917231488463,0.44963646017413883,
2,0,0.8588644259163843,0.05679834941841565,0.0843372246652001,
2,0,0.9935647937667204,2.58519094279413E-4,0.006176687139000174,
2,0,0.7845960243104995,0.015740071693230624,0.19966390399627004,
2,0,0.8365161922740041,0.00235918222078251,0.16112462550521348,
2,0,0.9546681581284255,0.01503356932687173,0.03029827254470281,
2,0,0.8178557763988309,0.010913286449818212,0.17123093715135085,
2,0,0.7844601536874914,0.10124908699818044,0.1142907593143282,
2,0,0.4702645246131375,0.22748054018417876,0.30225493520268365,
2,0,0.828976917019898,0.07644374953695883,0.09457933344314327,
2,0,0.45677209489705517,0.41030052042220483,0.13292738468074003,
2,0,0.3947739676291048,0.36597143915380886,0.2392545932170863,
2,1,0.3952064410401758,0.45598718594019577,0.14880637301962837,
2,0,0.9428649624907384,0.030849567161298296,0.02628547034796327,
2,0,0.7604791980051137,0.04337130548893933,0.19614949650594715,
2,0,0.8364521634751937,0.06586421439746155,0.09768362212734476,
2,0,0.8484403048009197,0.003102272527340492,0.1484574226717398,
2,0,0.7504222172439824,0.05042032711619643,0.19915745563982123,
2,1,0.1505686092426811,0.7620140281392677,0.08741736261805123,
2,1,0.3629045557121734,0.5132407949888287,0.12385464929899805,
2,0,0.45066214880474614,0.3842126407704855,0.1651252104247684,
2,1,0.06318826232533169,0.8629263674332989,0.07388537024136932,
2,0,0.40093496533696216,0.32094041374756427,0.2781246209154737,
2,0,0.5955817234517795,0.23895748727032504,0.16546078927789543,
2,1,0.05971209490893741,0.8748267187368325,0.06546118635423019,
2,0,0.8536819852346557,0.015042910846297875,0.13127510391904645,
2,0,0.7004976560060528,0.11071740003591189,0.18878494395803516,
2,1,0.06751564719273875,0.8876619093860962,0.04482244342116496,
2,1,0.11197058210854174,0.7908296869681167,0.09719973092334146,
2,1,0.32623593576994675,0.6148029807296823,0.058961083500371075,
2,1,0.16859725669851136,0.718700402308888,0.11270234099260076,
2,1,0.368806035139875,0.5038762627954457,0.12731770206467938,
2,1,0.16020668633089677,0.6989931405590735,0.14080017311002982,
2,0,0.9482385826924137,0.005928226896692189,0.04583319041089413,
2,1,0.0693312580615797,0.8485057267412404,0.08216301519717992,
2,1,0.16050443213528276,0.4999265662644737,0.33956900160024345,
2,0,0.6571874347696265,0.04006286796667816,0.30274969726369544,
2,1,0.3944590592042449,0.5852607849179536,0.020280155877801475,
2,0,0.7148393254777476,0.15648306272951995,0.1286776117927325,
2,1,0.1219190433564837,0.822914455641047,0.055166501002469365,
2,0,0.6295226580759791,0.1757810483672602,0.19469629355676085,
2,1,0.0896423195809187,0.884843999004039,0.025513681415042358,
2,1,0.047658839565838954,0.9095381002318806,0.04280306020228036,
2,1,0.16836846503912598,0.6693387325261589,0.16229280243471517,
2,1,0.06318826232533169,0.8629263674332989,0.07388537024136932,
2,1,0.017199943930124282,0.9693869823762126,0.013413073693663022,
2,1,0.2296095210395965,0.6054809140359307,0.16490956492447273,
2,1,0.1366929946496999,0.7272986913197031,0.13600831403059702,
2,0,0.7416291157591101,0.058578158563065884,0.1997927256778242,
2,0,0.8531806790871878,0.043101542214551626,0.10371777869826046,
2,0,0.8192557118158658,0.0486665779012592,0.13207771028287513,
2,1,0.2350276527559185,0.6319405223030374,0.13303182494104407,
2,1,0.18107435083487108,0.7631679050195157,0.055757744145613214,
2,0,0.6567878284201235,0.20569964384260075,0.1375125277372757,
2,1,0.2296095210395965,0.6054809140359307,0.16490956492447273,
2,0,0.9857178953991359,0.0039055840050929223,0.010376520595771323,
2,0,0.8146654752805965,0.042375237996800326,0.1429592867226031,
2,0,0.7497224354112816,0.14816392785730537,0.10211363673141309,
2,0,0.5073136089524231,0.4310381543796373,0.061648236667939754,
2,0,0.9882631988188786,0.0032601545267542317,0.008476646654367294,
0,0,0.949276769697023,0.008684875625843485,0.04203835467713352,
0,0,0.6646930348132798,0.19364017398182246,0.1416667912048978,
0,0,0.6335520019258077,0.032062453684245665,0.33438554438994644,
0,0,0.9699459212443851,0.021578673262672002,0.008475405492942975,
0,0,0.9299047859767762,0.01157030632930004,0.0585249076939237,
0,0,0.9951551783892638,0.0038864443375323846,9.583772732037227E-4,
0,0,0.9527725067366356,0.042562207623028384,0.004665285640335819,
0,0,0.6121362739008888,0.23583829450646504,0.15202543159264617,
0,0,0.6524155587322654,0.2196644082001325,0.12792003306760202,
0,0,0.6779510554774365,0.22738247746385,0.09466646705871343,
0,0,0.5508602851395924,0.22731137323749648,0.2218283416229111,
0,0,0.8456769798859989,0.003433373400859141,0.15088964671314192,
0,1,0.145073453177554,0.5543875010227193,0.3005390457997269,
0,0,0.9481323806670542,0.008711230769802132,0.04315638856314372,
0,0,0.6170679262117293,0.21888364754691333,0.16404842624135735,
0,0,0.9895814128571647,0.00254168900832695,0.007876898134508223,
0,0,0.985381620019279,0.0019539805571935414,0.012664399423527487,
0,1,0.1668693764173065,0.6530544095917225,0.1800762139909711,
0,0,0.6724081990151946,0.03186807743798108,0.2957237235468243,
0,0,0.42692342277453715,0.41441034065229615,0.15866623657316672,
0,0,0.8537654632293662,0.025811996047726268,0.12042254072290766,
0,0,0.5574553572432476,0.17478245092826447,0.2677621918284879,
0,0,0.9821152672725064,0.012333809219166462,0.005550923508327208,
0,0,0.7053689012268209,0.22343700242940184,0.0711940963437772,
0,1,0.26314173716441863,0.6249824266436861,0.11187583619189523,
0,1,0.03722409144257302,0.917555351271419,0.04522055728600808,
0,0,0.9658379617439308,0.011126830242323128,0.023035208013745895,
0,0,0.7225027618135854,0.13296287393460485,0.14453436425180974,
0,0,0.849815226512812,0.036098615758373184,0.1140861577288147,
0,0,0.7174014570520678,0.17782304722136916,0.10477549572656293,
0,1,0.44247219144231964,0.48678759979280517,0.07074020876487516,
0,0,0.9698935331757297,0.012620793959683164,0.01748567286458728,
0,0,0.8337355424339301,0.03155391429003234,0.13471054327603754,
0,0,0.9636544777442082,0.0069307694421580236,0.029414752813633784,
0,1,0.390547785297863,0.5357574226600769,0.0736947920420601,
0,1,0.060953404743000796,0.9130257130490598,0.02602088220793941,
0,1,0.081030802710843,0.8741561775680945,0.04481301972106265,
0,1,0.12762807159574072,0.84073481607571,0.031637112328549405,
0,0,0.8638824048531413,0.08624997812724061,0.04986761701961816,
0,0,0.9859772045916002,0.006606863395137972,0.007415932013261667,
0,0,0.6218788564977094,0.13775505919562342,0.2403660843066672,
0,0,0.8283746348022188,0.06433222721331221,0.10729313798446882,
0,0,0.9822173289994063,0.004401168274260674,0.013381502726332997,
0,0,0.9997736112385989,1.778753490536456E-4,4.8513412347403016E-5,
0,1,0.2570168634235372,0.6416014697825454,0.1013816667939175,
0,0,0.9602316900815939,0.03185237253964909,0.00791593737875708,
0,0,0.8611184451780894,0.0048753924126403525,0.13400616240927024,
0,0,0.7542717851830256,0.16910115669546927,0.07662705812150519,
0,0,0.9955529745491998,3.99662760255534E-4,0.004047362690544536,
0,1,0.1460711602407407,0.7457051549693186,0.10822368478994071,
0,1,0.20247323724885924,0.5983682203386562,0.19915854241248446,
0,0,0.857178814386231,0.0664736066102742,0.07634757900349484,
0,0,0.9838473493373808,0.010455904063575223,0.005696746599043911,
0,0,0.918802724626651,0.024993305950728927,0.05620396942262016,
0,1,0.2296095210395965,0.6054809140359307,0.16490956492447273,
0,0,0.9898701428710808,0.0012032117178384272,0.008926645411080738,
0,0,0.8640205864544901,0.11187352807528328,0.024105885470226504,
0,0,0.37811776580465917,0.27940149407938913,0.3424807401159516,
0,0,0.907075597069781,0.06917909234237851,0.023745310587840615,
0,0,0.4259424500826395,0.3675356313454073,0.20652191857195334,
0,1,0.19188440928923828,0.7745825675674495,0.0335330231433122,
0,0,0.8419808323110646,0.02136383564239171,0.1366553320465437,
0,2,0.4033151804574079,0.17825705900751465,0.4184277605350774,
0,0,0.9015204386664514,0.054237593428516015,0.044241967905032493,
0,0,0.34618742531654695,0.31702613811650804,0.33678643656694496,
0,0,0.7898770250096164,0.06946037699654321,0.14066259799384032,
0,0,0.9953920423744903,1.4835601879735138E-4,0.0044596016067123415,
0,0,0.890207093962631,0.09586119609041696,0.013931709946952125,
0,1,0.1795671737462562,0.6207568281067939,0.1996759981469498,
0,0,0.7789426640427477,0.009147329014972463,0.2119100069422799,
0,0,0.9849227016078369,0.013738112788773684,0.001339185603389522,
0,0,0.9961888974965067,0.002150445758366738,0.0016606567451264698,
0,0,0.6617333475248284,0.16559787179727678,0.17266878067789496,
0,0,0.6489031920159511,0.24845735589372314,0.10263945209032575,
0,0,0.9916401476745835,0.0027579964828916286,0.005601855842524715,
0,0,0.9836050203479993,0.010801543093701071,0.0055934365582996,
0,1,0.11805817911676304,0.7994742946092667,0.08246752627397029,
0,0,0.9828659114291135,0.006764727944233825,0.01036936062665258,
0,1,0.28313461758550784,0.6507120424697868,0.06615333994470554,
0,0,0.6844610448319484,0.28966543148218044,0.025873523685871258,
0,0,0.4710993808761523,0.14670965942116834,0.3821909597026794,
0,1,0.10293784007076842,0.8857916611455785,0.011270498783653007,
0,1,0.20315470243227735,0.6709725186099226,0.12587277895780016,
0,1,0.04738234352745166,0.8942804045876802,0.0583372518848682,
0,0,0.994059626437211,3.440289385456621E-4,0.005596344624243319,
0,0,0.9884584227945007,0.002474998565241716,0.009066578640257589,
0,1,0.17207795212331367,0.7018516579792193,0.12607038989746694,
0,0,0.8884187412313808,0.06972725954949842,0.04185399921912087,
0,0,0.7714609935357041,0.2060215956798646,0.022517410784431265,
0,0,0.9982912540704538,1.9775278694042888E-4,0.001510993142605812,
0,0,0.9920665470244054,5.810342164809512E-4,0.007352418759113749,
0,0,0.6970023720730385,0.08172796213042088,0.22126966579654067,
0,0,0.731020004270285,0.11473879202717231,0.1542412037025426,
0,0,0.8137196171463762,0.03334002903248596,0.15294035382113788,
0,0,0.9896708820492734,0.0020337182459695905,0.00829539970475698,
0,0,0.7537716702055485,0.03468703298550529,0.2115412968089463,
0,0,0.48856809674801926,0.3464811377535003,0.16495076549848053,
0,0,0.8314819719916916,0.14650028134706086,0.02201774666124744,
0,0,0.9100647637855119,0.0076225858390627284,0.08231265037542522,
0,0,0.9249443573341277,0.020443898051140615,0.05461174461473175,
0,1,0.27840601445608737,0.5689715273177016,0.15262245822621107,
0,1,0.10189582752270389,0.8021532190070351,0.09595095347026115,
0,0,0.7762088663400493,0.05069181211394365,0.17309932154600705,
0,0,0.725336646804203,0.1596943873713453,0.11496896582445174,
0,0,0.9968363335498475,3.3355819486977485E-4,0.0028301082552826683,
0,0,0.6042556815749528,0.1996144878958277,0.19612983052921942,
0,0,0.9836050203479993,0.010801543093701071,0.0055934365582996,
0,0,0.9546257806641781,0.026500718093022218,0.018873501242799597,
0,0,0.741662360977776,0.005755084821300333,0.25258255420092357,
0,1,0.040731305450179625,0.8799383060617477,0.07933038848807265,
0,0,0.9219652615362721,0.011814630797961542,0.0662201076657663,
0,1,0.37771675007155775,0.5281629300362526,0.09412031989218969,
0,0,0.7405152055620409,0.12062006719488114,0.13886472724307794,
0,0,0.8531938693902622,0.019034622626217756,0.12777150798352002,
0,0,0.9820670080188145,0.004313974169581876,0.013619017811603643,
0,0,0.48553451540518977,0.22886718562054184,0.2855982989742684,
0,0,0.4239331576713671,0.23220538157206158,0.34386146075657137,
0,0,0.9679890992468075,0.020844538509959216,0.011166362243233039,
0,1,0.12845670614854693,0.8063534638457054,0.06518983000574755,
0,0,0.9396052951548043,0.03365193217618182,0.02674277266901381,
0,0,0.8175225540854479,0.11311069255925287,0.06936675335529927,
0,0,0.9682404585159351,0.014360623953539878,0.017398917530524926,
0,1,0.32153325535076743,0.4896952026843229,0.18877154196490953,
0,0,0.9810097686131987,0.014202429365714949,0.004787802021086526,
0,0,0.8169632110547099,0.11093362662002179,0.07210316232526832,
0,0,0.8078030203512458,0.11829278806709635,0.07390419158165777,
0,1,0.3206247334773583,0.5618575555705975,0.11751771095204425,
0,0,0.9905619508063546,0.0025077940310062824,0.006930255162639043,
0,1,0.0775248564101241,0.8984570327838491,0.02401811080602674,
0,1,0.31243509517301354,0.5771329978871903,0.11043190693979608,
0,0,0.4682894001916144,0.44709209737622524,0.08461850243216042,
0,0,0.8460222456281205,0.11333524405028467,0.04064251032159489,
0,1,0.17655563092797552,0.657371057941763,0.16607331113026141,
0,0,0.9883515956017149,0.007809209055928426,0.0038391953423566024,
0,0,0.971964746499476,0.003974380835897731,0.024060872664626493,
0,0,0.818814412414325,0.06595270304147896,0.115232884544196,
0,0,0.7327108551336967,0.17997694692804583,0.08731219793825747,
0,1,0.31035498767495173,0.6511981213500229,0.03844689097502543,
0,1,0.3497366985584975,0.6025376594635465,0.04772564197795591,
0,0,0.964801100560676,0.0047655191519490854,0.030433380287374984,
0,0,0.7774040231916017,0.04600947659393605,0.1765865002144622,
0,1,0.16339402700903172,0.794640140086492,0.0419658329044763,
0,0,0.9177845795842372,0.0317550964967264,0.050460323919036335,
0,1,0.06329336871477152,0.8045964015916092,0.13211022969361944,
0,1,0.03294615657872093,0.917918146824717,0.04913569659656218,
0,1,0.2725815143301995,0.688444103142045,0.038974382527755556,
0,0,0.949623335004424,0.017715013927079144,0.032661651068496805,
0,1,0.2772966505834584,0.6519277327002219,0.0707756167163197,
0,0,0.7665515518206693,0.11647965133129774,0.11696879684803298,
0,0,0.42101566845810284,0.38870183604701525,0.1902824954948819,
0,0,0.7774714065720347,0.1263407569459259,0.09618783648203935,
0,0,0.769595382986761,0.07853314955971019,0.15187146745352884,
0,1,0.18157066209190717,0.7685052036203498,0.04992413428774298,
0,0,0.6578467555515028,0.10658100889881363,0.23557223554968365,
0,0,0.8590834352338739,0.02876819823653604,0.11214836652959004,
0,0,0.9664225523022846,0.026714877076049116,0.0068625706216665135,
0,1,0.1893319720680572,0.7698015835742787,0.040866444357663886,
0,0,0.634413676074568,0.3058353563471103,0.05975096757832167,
0,0,0.8354911323455051,0.13816922245733593,0.026339645197158985,
0,1,0.4220938861888701,0.4739116847106783,0.10399442910045156,
0,0,0.985381620019279,0.0019539805571935414,0.012664399423527487,
0,1,0.07182964215594598,0.8092295744749937,0.11894078336906028,
0,0,0.5037173115491387,0.2929176469177516,0.20336504153310977,
0,1,0.0918459990585465,0.8405945763997318,0.06755942454172174,
0,1,0.30974470525742176,0.6338612766159419,0.056394018126636344,
0,1,0.08388868798874229,0.8408167718889424,0.07529454012231533,
0,0,0.8684446731207437,0.11311809710637193,0.018437229772884273,
0,0,0.8147159894101242,0.12234881525537844,0.06293519533449712,
0,0,0.7991161102168068,0.10758354767837829,0.09330034210481504,
0,0,0.9507001476967553,0.0426844201360621,0.006615432167182764,
0,0,0.9605369406874813,0.003059000349963754,0.03640405896255514,
0,0,0.965374998405255,0.0030201495762438974,0.031604852018501134,
0,0,0.7788649700630447,0.11088214586265693,0.1102528840742985,
0,0,0.6646768644136251,0.06930961726880815,0.2660135183175667,
0,0,0.8880111571358938,0.005674461616058715,0.10631438124804737,
0,0,0.9581576401674318,3.5602554767571586E-4,0.04148633428489248,
0,0,0.75930952119226,0.05179393248665428,0.1888965463210858,
0,0,0.685215801387002,0.20059567879025206,0.11418851982274596,
0,0,0.8025548181093929,0.068977745319185,0.12846743657142212,
0,0,0.997913881178168,3.048092384880603E-4,0.0017813095833437412,
0,0,0.9919444765239851,0.003535880690902114,0.004519642785112741,
0,0,0.9619662010054991,0.008010960441988162,0.03002283855251269,
0,0,0.47668695204420464,0.25419968808984933,0.2691133598659461,
0,0,0.9305324969303824,0.06677519674888321,0.0026923063207344366,
0,0,0.4454806447073333,0.25666901175221624,0.29785034354045054,
0,0,0.7589027349003651,0.07352849229209252,0.1675687728075424,
0,1,0.053147637192228425,0.928631062913537,0.01822129989423473,
0,0,0.9887568249815084,7.035263331565855E-4,0.010539648685335093,
0,1,0.2908279382358583,0.5885966120993941,0.12057544966474767,
0,0,0.9819151365066573,0.013394483029250804,0.004690380464091817,
0,0,0.6952212190922462,0.14281619439922968,0.16196258650852413,
0,0,0.9407730459839283,0.04920355873801945,0.010023395278052296,
0,0,0.9993017002048867,2.307309252080315E-4,4.6756886990523386E-4,
0,1,0.2772966505834584,0.6519277327002219,0.0707756167163197,
0,1,0.30751488928660253,0.6714272613191795,0.021057849394218085,
0,1,0.2942452970247533,0.6492823771154259,0.05647232585982079,
0,0,0.6246012202453886,0.06846395667386221,0.3069348230807493,
0,0,0.5701355225470713,0.2696636201175805,0.16020085733534822,
0,0,0.9285681709973191,0.035156842143065276,0.03627498685961536,
0,1,0.27484695469433335,0.6222172380957588,0.10293580720990787,
0,0,0.9320311550939883,0.002318489406445007,0.06565035549956665,
0,1,0.24560460423581082,0.5386111343206201,0.21578426144356908,
0,0,0.9763897543486176,0.022435999311207454,0.0011742463401748747,
0,0,0.9962877808702626,0.0025676037428981136,0.0011446153868392137,
0,0,0.9607833021909443,0.014984747199557448,0.024231950609498135,
0,0,0.9388262541295443,0.010508372125644691,0.05066537374481084,
0,0,0.9812850555293625,0.013236066721104407,0.005478877749533026,
0,1,0.08621867139664505,0.6622171338852564,0.2515641947180986,
0,0,0.9995757159676286,1.8387691179348547E-4,2.40407120577976E-4,
0,1,0.04504537409806616,0.924508426299974,0.03044619960195994,
0,2,0.2805909375136426,0.2971714192022744,0.42223764328408303,
0,0,0.9950250014426346,0.0010704228447572938,0.003904575712607984,
0,0,0.6584975385407466,0.041351060181718406,0.300151401277535,
0,0,0.9120905209642037,0.08284262704017302,0.005066851995623304,
1,1,0.1946634743682192,0.7371972779347902,0.06813924769699062,
1,1,0.040731305450179625,0.8799383060617477,0.07933038848807265,
1,1,0.2518134104303053,0.5626548361313143,0.18553175343838044,
1,1,0.12513581613278515,0.8410166715638685,0.03384751230334638,
1,0,0.6181053810734225,0.23986698515158308,0.14202763377499433,
1,0,0.3838651092166832,0.2875949414617717,0.32853994932154496,
1,1,0.2350276527559185,0.6319405223030374,0.13303182494104407,
1,0,0.47416600903396505,0.2784385063268271,0.2473954846392079,
1,1,0.037174948842510505,0.9222643516717333,0.040560699485756246,
1,0,0.9543437082340407,0.004865764949643502,0.04079052681631574,
1,1,0.10243778279265749,0.7896196814016156,0.10794253580572695,
1,0,0.610711945581911,0.07386573970548899,0.3154223147126,
1,1,0.04552622158483368,0.9230734028511725,0.03140037556399388,
1,0,0.5288936554363185,0.3296959888532777,0.14141035571040378,
1,1,0.1219190433564837,0.822914455641047,0.055166501002469365,
1,0,0.5760089867660144,0.10513978981243127,0.3188512234215543,
1,1,0.15871148141866792,0.6269754976710726,0.21431302091025953,
1,1,0.127215821469566,0.5081797499860665,0.36460442854436753,
1,1,0.10736391778871936,0.8631846444663533,0.029451437744927474,
1,2,0.41219947568539933,0.1460040949182877,0.44179642939631303,
1,1,0.13508751626758292,0.7488598702349587,0.11605261349745831,
1,0,0.5118138467198873,0.28628289041771404,0.20190326286239868,
1,0,0.8240945000176083,0.16252816208601015,0.013377337896381453,
1,1,0.07324583128905152,0.6972108546133275,0.22954331409762097,
1,0,0.6919638147654948,0.17148448248736778,0.13655170274713732,
1,1,0.07728092810087893,0.8743540414222204,0.048365030476900675,
1,0,0.5488098482002446,0.2010453183519058,0.2501448334478496,
1,0,0.9372134195716544,0.05587932370374766,0.00690725672459808,
1,0,0.6918575661341909,0.15754981213452354,0.15059262173128543,
1,0,0.7984253250978114,0.1024134218128244,0.09916125308936409,
1,1,0.07244323856201691,0.868571564061362,0.05898519737662105,
1,1,0.26256753118652604,0.692977764789548,0.04445470402392603,
1,1,0.3019453529911222,0.43496449897536577,0.2630901480335121,
1,0,0.6534019709556029,0.14487721492124384,0.20172081412315326,
1,0,0.9465374357745788,0.027251035528412373,0.026211528697008726,
1,1,0.34037025071768534,0.4545193341470719,0.2051104151352427,
1,0,0.47607772021221606,0.2328526497882427,0.2910696299995413,
1,0,0.38007466586947203,0.36754267728661116,0.2523826568439169,
1,1,0.2665824407890204,0.4693946982317636,0.26402286097921585,
1,0,0.576001694494796,0.3221620737335695,0.10183623177163442,
1,1,0.04935918853611678,0.9264117916446727,0.024229019819210662,
1,1,0.27496905677373884,0.4255586760304837,0.29947226719577746,
1,1,0.15128806543676807,0.8407716326114216,0.00794030195181029,
1,1,0.12837539047951954,0.7749513871475132,0.09667322237296716,
1,2,0.1990830769895681,0.36882008532298505,0.43209683768744683,
1,1,0.23611496354029218,0.6688851100015023,0.09499992645820554,
1,1,0.06476405848802586,0.8919424136932336,0.04329352781874064,
1,1,0.19496319626951245,0.7646545436486891,0.04038226008179844,
1,1,0.21043030896229015,0.5448929051578602,0.2446767858798497,
1,1,0.1219190433564837,0.822914455641047,0.055166501002469365,
1,1,0.06323083153769238,0.9039836176738154,0.03278555078849233,
1,0,0.4530304012993818,0.3608766355106671,0.18609296318995108,
1,1,0.17439962335212325,0.7604886991622821,0.0651116774855945,
1,1,0.11580673605945555,0.7979477220550648,0.08624554188547956,
1,0,0.6779503393409751,0.19990295702431554,0.12214670363470928,
1,0,0.9575605227397793,0.013411142326123397,0.02902833493409722,
1,1,0.03363079456585379,0.9479413643882241,0.018427841045922096,
1,0,0.9633221436628561,0.0014313532338015842,0.03524650310334236,
1,2,0.2974359970642656,0.26835683372555624,0.43420716921017827,
1,0,0.6421368005995655,0.19094418220926138,0.16691901719117322,
1,0,0.8226734890159514,0.03296047414589631,0.14436603683815227,
1,0,0.8811818611850971,0.00473012964046065,0.11408800917444209,
1,1,0.16072984740108223,0.6316830496211208,0.207587102977797,
1,1,0.21692604812094599,0.6390494786383875,0.14402447324066658,
1,1,0.2806835908334287,0.6200059707919703,0.09931043837460095,
1,1,0.07578161124164905,0.8864069949976675,0.03781139376068338,
1,2,0.1990830769895681,0.36882008532298505,0.43209683768744683,
1,1,0.20150707340287005,0.6578639846730703,0.14062894192405967,
1,0,0.7872403796085395,0.11560735904443149,0.0971522613470289,
1,0,0.6527215459047222,0.33117860685714684,0.016099847238130884,
1,1,0.2963884999971171,0.5616865065557404,0.1419249934471426,
1,1,0.0775248564101241,0.8984570327838491,0.02401811080602674,
1,1,0.16132873302413717,0.6574085342838457,0.18126273269201715,
1,1,0.3307574088650636,0.5199886828777623,0.14925390825717405,
1,0,0.5930601262223154,0.3387868250968552,0.06815304868082941,
1,0,0.8913457739828596,0.09061352459084264,0.018040701426297885,
1,0,0.7439509349525775,0.0611306128959625,0.19491845215146,
1,1,0.18793069200503432,0.502768994570858,0.30930031342410774,
1,1,0.0918459990585465,0.8405945763997318,0.06755942454172174,
1,0,0.6096560988749496,0.3121527955447528,0.0781911055802976,
1,0,0.5841752198144586,0.3557990442788773,0.06002573590666397,
1,0,0.8698673595491605,0.023627522352566772,0.10650511809827266,
1,1,0.04797473825677596,0.8733748027869122,0.07865045895631197,
1,1,0.04738234352745166,0.8942804045876802,0.0583372518848682,
1,1,0.35214547309782723,0.5332055972944366,0.11464892960773616,
1,1,0.23478416860731877,0.4636055217078847,0.30161030968479663,
1,1,0.06486005273939434,0.9056073377935682,0.02953260946703768,
1,0,0.7915324123267194,0.1959929317608387,0.012474655912441757,
1,1,0.16943647093917943,0.7731706980422917,0.057392831018528864,
1,1,0.0940774568352274,0.8779828930583965,0.02793965010637598,
1,1,0.2323585658055399,0.6450496458021636,0.1225917883922964,
1,1,0.24889546194341255,0.47119573537163656,0.2799088026849509,
1,1,0.15270982115510565,0.7598045277047436,0.08748565114015093,
1,1,0.08765295174719989,0.9006066170918133,0.011740431160986655,
1,1,0.4641906311887303,0.47347121341645443,0.06233815539481529,
1,1,0.07660625463233857,0.9050774378884314,0.01831630747922996,
1,1,0.0869727889604674,0.8996080572301703,0.013419153809362268,
1,1,0.4120616965353495,0.5189973470052016,0.06894095645944887,
1,0,0.5716852094754424,0.37096840868679,0.05734638183776756,
1,1,0.02661206719994442,0.9434094083302492,0.029978524469806454,
1,1,0.05575578309476337,0.9035416704177432,0.04070254648749335,
1,1,0.3639351045654391,0.5869062933792975,0.04915860205526349,
1,0,0.8075623421888716,0.17459082534401332,0.017846832467115166,
1,1,0.013425279657697579,0.9648655382484012,0.0217091820939012,
1,1,0.03840092965748944,0.8868074417815764,0.07479162856093417,
1,0,0.8636257115877051,0.04166697083607923,0.0947073175762157,
2,0,0.6412763623614948,0.08418751493024337,0.2745361227082617,
2,1,0.2522724238907112,0.6284250059213974,0.11930257018789153,
2,0,0.44580949400013437,0.4230883505169537,0.13110215548291204,
2,0,0.8068349128090389,0.03663968129296946,0.1565254058979917,
2,0,0.8127834486472784,0.09445455051323819,0.09276200083948354,
2,1,0.059483014408805684,0.9044611536837149,0.03605583190747941,
2,0,0.945897793428087,0.02544338806458001,0.02865881850733288,
2,0,0.5608025343757641,0.07462026429407527,0.3645772013301606,
2,0,0.4961193135081596,0.11313572263686157,0.3907449638549789,
2,0,0.39078489779020015,0.2603972657134976,0.34881783649630227,
2,1,0.05575578309476337,0.9035416704177432,0.04070254648749335,
2,0,0.7192552048810553,0.04778585687931908,0.23295893823962552,
2,0,0.8684858345890003,0.010307703284431785,0.12120646212656791,
2,0,0.44606874609260627,0.2925638624933426,0.2613673914140513,
2,1,0.09059239088862102,0.8440677795543952,0.06533982955698384,
2,1,0.2661455240329499,0.6435355818120023,0.09031889415504774,
2,2,0.4400400208020454,0.04483371280559989,0.5151262663923547,
2,0,0.7033188501150311,0.13327693015484685,0.16340421973012215,
2,1,0.07748410453621629,0.8899980405377826,0.03251785492600113,
2,0,0.4152198730472033,0.36681106987307355,0.21796905707972317,
2,0,0.4930519484784661,0.14115433938475608,0.3657937121367778,
2,1,0.06378056689455149,0.821817737879457,0.11440169522599151,
2,0,0.9189197166665531,0.01956649501239842,0.06151378832104848,
2,0,0.6606629999739697,0.26369902807268736,0.075637971953343,
2,0,0.6662877330536213,0.28205458842535985,0.05165767852101881,
2,1,0.15219967532218465,0.838051566391211,0.009748758286604388,
2,0,0.6121390246672107,0.1891723625002603,0.19868861283252898,
2,1,0.3192091829451673,0.411272200714413,0.26951861634041957,
2,0,0.5556952481497568,0.2157022134533536,0.22860253839688952,
2,0,0.8684858345890003,0.010307703284431785,0.12120646212656791,
2,0,0.7540839066256918,0.0033936218259938995,0.24252247154831436,
2,0,0.9257874039024547,0.0010252746657668965,0.07318732143177825,
2,0,0.6956314990251274,0.15224601490819115,0.15212248606668147,
2,1,0.4433808596227518,0.4768155943044387,0.07980354607280937,
2,1,0.17453176848440397,0.706962915721165,0.11850531579443103,
2,1,0.17686546732857195,0.6469345907402515,0.17619994193117652,
2,1,0.33655352753932694,0.4282389976283285,0.23520747483234453,
2,0,0.5473738113122371,0.05171351173742786,0.4009126769503351,
2,0,0.514897812438346,0.34098921194960274,0.14411297561205128,
2,0,0.49454312954383955,0.07668078003155349,0.42877609042460696,
2,0,0.5365119350516306,0.08135658067044753,0.3821314842779218,
