5,5,9.24792662764725E-31,3.417367624199784E-30,2.4083894355060776E-20,1.0867993620118053E-7,3.7976145757050377E-28,0.9999998913200638,9.327528840204539E-24,
5,5,3.3306316238601545E-30,1.479400268934078E-29,4.37140646379914E-21,1.9206762427134246E-7,1.1762281331693733E-26,0.9999998079323758,4.9589670828697E-23,
5,5,1.670643578079698E-28,2.2082887017489143E-31,4.302184758390251E-17,2.156265905000166E-6,1.9032688735816335E-27,0.999997843734095,1.1905527362973285E-25,
5,5,6.402811180756462E-29,6.626809734972858E-29,6.472274476578662E-17,2.8516185168523667E-7,5.21869362322516E-30,0.9999997148381481,1.2872082622361539E-25,
5,5,3.0987608412887216E-26,9.771470263960606E-25,3.739368590037263E-15,3.1761491747000314E-5,2.438331764260543E-25,0.9999682385082491,1.5902330732761192E-22,
5,5,1.63456845409211E-31,1.2087282522111584E-32,1.2569986590604135E-20,7.601467020478983E-9,3.4445286641942553E-28,0.9999999923985331,5.460806954894582E-25,
5,5,4.042643925815523E-31,9.762837997471166E-31,7.573113675311983E-19,8.476110744671399E-9,1.3696253823955195E-29,0.9999999915238892,1.536862958965546E-24,
4,2,3.4806007348692656E-20,2.934443586626712E-14,0.9999294937197325,4.110075035775682E-7,3.755735046535027E-5,6.60034836215704E-16,3.253792226868974E-5,
4,2,2.930297907295093E-18,6.294796951874076E-17,0.9831935386182533,0.016021456268898122,7.771564430042425E-4,1.7474925791518325E-11,7.848652369352313E-6,
4,2,3.6298876691638772E-19,3.308184470962478E-14,0.9970090843823968,7.970334562622836E-7,0.002990045833276796,1.5182475877140993E-16,7.275083715123117E-8,
4,4,3.590110667583715E-21,3.543241398557726E-20,0.0017665788412783102,3.183322438767541E-9,0.9982334179718111,6.873272507372398E-19,3.588095108361308E-12,
4,3,6.480975721454705E-21,2.082215312831414E-15,1.2736362608554205E-4,0.999872636359962,1.0391301971155527E-11,6.798679501060667E-15,3.552154693123043E-12,
4,2,1.7502180786533224E-18,2.118683810562301E-14,0.9988963934759797,1.1047371304796259E-5,7.905668179534347E-4,2.913825216212275E-14,3.01992334711681E-4,
4,2,9.54897840529649E-21,5.864450005791134E-17,0.8422911800884094,1.5962872822916672E-7,0.15762954761148606,3.812180778344479E-20,7.911267137621642E-5,
4,2,2.040843078153217E-19,5.171947548820555E-19,0.60386459124542,5.324627702181364E-15,0.3961354087545746,1.4012553390465786E-20,9.56496035182466E-21,
4,2,1.176457085631659E-19,1.094580348176963E-12,0.9878071403783604,0.010782637740197748,6.302561262413979E-5,1.0677787991370483E-13,0.0013471962676164626,
4,2,1.2226898038336468E-19,5.0781367169643674E-18,0.9863797453085471,1.2315951257896005E-6,0.013588957814735451,2.5398386176821583E-16,3.00652815916708E-5,
4,4,1.1011485529555182E-20,1.226023064198874E-14,0.0832089542548471,5.924057466790784E-10,0.9167910451526696,6.901091665397574E-19,6.512597395334432E-14,
4,2,3.588670932997849E-21,2.439174223136063E-19,0.9389821455444509,1.729898412896719E-4,0.06080603344420686,7.382727498060698E-18,3.88311700526241E-5,
4,2,3.0814951252711775E-21,2.1642683524255865E-18,0.9444978957996747,2.6224032037283477E-4,0.05519607571651966,3.0846642498851156E-18,4.378816343277153E-5,
4,4,8.599468076711275E-24,3.7812382998636914E-19,1.9253630746136246E-4,9.439750752161476E-11,0.9998074635970299,4.07593191072195E-23,1.111326184046476E-12,
4,2,1.6567130582397592E-19,4.610406023385448E-15,0.9999291014672138,2.263225776452387E-5,2.3939667814637664E-5,2.043836908887806E-13,2.4326606997712507E-5,
4,2,1.0372403020032612E-19,1.0574812451530803E-19,0.9875569668197622,5.436528849406605E-17,0.012443033180237664,3.788492764534936E-24,4.071044295250624E-22,
4,2,8.697189722435954E-18,5.848143006409512E-12,0.9683623455462244,4.753508368804471E-15,0.031637654447922686,3.032233469137431E-21,6.929492462622246E-18,
4,2,2.386108142191672E-21,4.921151630659306E-15,0.9940370146658224,3.7666762317635434E-4,0.0055602955831396935,2.6894833149375517E-18,2.602212785677652E-5,
4,2,5.105294929719996E-20,3.7309884267374365E-13,0.9999413699586694,2.2036760889707078E-14,5.8630040935078684E-5,1.0251496852955023E-18,5.407004075449502E-16,
4,2,2.5740594048664396E-19,7.505732076495907E-12,0.999375775058892,2.3090557423215475E-4,3.764703447434455E-4,2.3143176184776907E-15,1.684901462450927E-5,
4,4,3.312387253230697E-16,9.446641856003966E-16,0.0991503683792111,6.359813245732254E-13,0.9008496316201516,3.692100011859322E-19,4.143957335164402E-21,
4,2,5.018542794279892E-20,1.9129484558998644E-17,0.5950180846433416,7.453128783457507E-7,0.4042964375259401,2.4516238649000244E-16,6.847325178397538E-4,
4,2,1.0876067205787257E-20,9.645327139605708E-13,0.9995661687079482,1.1654413272714064E-4,3.13683011976892E-4,3.5854833416256674E-16,3.6041463825668987E-6,
4,2,5.864790617132615E-18,1.0127572550572639E-14,0.9849135551101472,3.3321107652747033E-7,0.015086068827790846,5.743997293478891E-16,4.2850974810700954E-8,
4,2,1.3506961407657672E-20,1.113457438240865E-17,0.9873099156379296,9.057602662253764E-8,0.012689829381241474,4.8135089450950395E-17,1.6440480245124192E-7,
4,2,7.926837505377966E-19,1.279756244284381E-12,0.9960644206342479,7.404802631666943E-5,0.0038580334393163917,1.732779523661717E-14,3.497898821987061E-6,
4,4,1.0697960419867822E-20,7.070183596965674E-21,0.06485605160244881,1.7868136196247633E-7,0.9351437696759419,3.5458493581368665E-22,4.0247455462585314E-11,
4,2,2.089365215760882E-21,2.696045042386025E-16,0.9999992702530781,6.807541735652799E-16,7.29746920768839E-7,2.199796297989031E-20,2.2405060991113985E-16,
4,2,5.41809164168407E-22,3.805361940855414E-19,0.9800665767191019,6.066800664012958E-7,0.019864887442306148,1.6559873746559231E-19,6.792915852562021E-5,
4,4,5.742988361768021E-19,2.606547698595964E-13,0.1490728179112442,8.315915710857386E-4,0.8500621212533394,1.9187409682016096E-14,3.346926405078782E-5,
4,2,2.50108107655077E-21,2.933128828531984E-20,0.9712106638441176,6.77622982773666E-6,0.028254154254802905,1.4876176084291196E-17,5.284056712517079E-4,
4,4,6.712138737292817E-16,9.635428625160959E-19,5.143219983897059E-4,3.5002414696631885E-10,0.9994856776510501,5.352320173977045E-13,7.303457118628467E-20,
4,2,1.519178169845767E-17,2.512887525985118E-16,0.8130249706359292,2.784252274872542E-13,0.18697502936379237,1.6163584463701763E-19,4.910370592962926E-21,
4,2,2.0187574706808667E-21,1.3534555555478743E-19,0.9949516779499309,1.6021352907358708E-4,0.0048865139597763585,6.639675297245901E-19,1.594561219164031E-6,
4,2,2.4861830739065972E-18,5.4844777517310455E-15,0.9976427931138703,3.511355312164914E-5,0.002321698536454004,4.665729660301346E-16,3.9479654822894087E-7,
4,4,1.0963946364324841E-17,6.531623634775518E-16,0.35260898497052506,4.8608833252413074E-12,0.6473910150246086,4.827650368410088E-15,4.612880934173917E-18,
4,2,9.596589887503262E-19,1.8090862050687358E-17,0.9999410327812763,5.302309356883753E-5,5.451958960877569E-6,1.518448245179839E-11,4.921510095115306E-7,
4,4,5.236403648673787E-17,1.2884036990843115E-18,0.00804893130924006,3.3725017477244044E-10,0.9919510683535006,9.357648275144084E-15,2.402031608019557E-21,
4,2,3.501681459826556E-20,1.4560757378990474E-17,0.9992766967075143,1.6757359391505027E-13,7.233032923182668E-4,6.511984245709458E-21,9.336028873906698E-18,
4,4,1.190936697624161E-19,5.300736824537866E-20,0.1231837438347658,3.762900964133071E-8,0.8768162179300397,1.0765557917197296E-21,6.061847886935944E-10,
4,2,1.0865586270393387E-18,7.285952454224807E-14,0.9983069232060117,0.0013124535560083749,2.9747963087875203E-4,2.2629319223475907E-12,8.314360476516469E-5,
4,4,4.269539976244892E-20,4.893369434050861E-19,0.20894072774168673,8.057167960866604E-14,0.7910592722582298,7.233856899896299E-21,2.814665734799469E-15,
4,2,4.146202861905786E-20,1.0951825112744047E-18,0.8946370415148002,1.2781624834279885E-15,0.10536295848519867,1.55280449603739E-22,6.606980506809526E-21,
4,2,1.630245667411704E-18,6.711464068376075E-14,0.9961177198724747,3.3518947807381035E-16,0.003882280127457911,1.5501199917559106E-22,1.5281170158988963E-20,
4,4,2.692807698273767E-19,2.2606408433859864E-14,0.1314397381027881,3.1698247402756003E-12,0.8685602618940195,2.3114267482102034E-17,7.180550783232943E-20,
4,2,7.306307348935719E-21,3.630548646615927E-22,0.9502153330196105,3.15467449561272E-17,0.049784666980389504,6.947206371343905E-25,2.7166094124567107E-21,
4,4,3.540475566345904E-19,6.912249019751163E-16,0.3954255280901744,3.11918654753893E-12,0.6045744719067059,3.039039858168366E-17,9.440913518347189E-20,
4,4,1.063020746875559E-21,1.1783948557149289E-20,0.2540500782504431,5.501384746911204E-10,0.7459497404542347,2.01374050928632E-21,1.8074518379800842E-7,
4,2,5.594582958292037E-20,1.7506836167371264E-15,0.9986376319009324,3.0735042349873992E-6,0.0013590763505027875,2.931263300725301E-17,2.18244327903937E-7,
4,2,3.0366534864789E-19,4.704794858558758E-13,0.9861164493647175,0.001110901185933361,0.01267943188496957,1.5830842154409662E-14,9.321756389320448E-5,
4,2,1.8986507342954915E-21,4.6913833090200396E-18,0.9600098415006814,2.431855254098874E-12,0.03999015849688673,2.0255837355045213E-23,1.364447542324996E-16,
4,2,9.924135268523222E-20,2.4292430014814264E-23,0.8147115574289875,4.4890317652537675E-17,0.18528844257101246,9.88572042031835E-25,9.088577299632182E-22,
4,4,3.3349619226133866E-20,4.518456989124777E-19,0.09421023973764889,8.827466883576575E-10,0.9057895745153379,7.019563969766754E-21,1.8486426659660897E-7,
4,4,3.231719271524991E-21,1.9300736617372333E-17,0.014890659455079454,3.811098921541637E-12,0.9851093405411093,8.148061596207658E-20,1.5749948372051784E-16,
4,2,1.621999461010251E-17,1.7095382617975472E-13,0.9718397121213574,3.225415494510108E-5,0.02812615407051896,3.4949027968826244E-15,1.8796530041992096E-6,
4,4,4.012681362636915E-21,4.5181461077721143E-14,0.10554615526531054,1.4121203214013143E-10,0.894453844593412,1.4253625548398766E-20,2.0301271997804828E-14,
4,4,1.425634993312495E-19,1.8182439045379874E-19,0.10147726339775905,7.018254816983964E-11,0.8985226548379296,1.1111266926678696E-21,8.169412879942977E-8,
4,4,1.451665124141851E-19,1.2290864708453352E-16,0.007203029042245505,2.1569939482878204E-15,0.9927969709577522,1.392279949105465E-21,1.946384907463356E-19,
4,2,1.388800212632447E-20,5.365538766371759E-14,0.9887404274755277,3.3561549790852734E-11,0.011259572490857314,1.5173026348707236E-20,1.442231225080108E-17,
4,4,1.5332925346474054E-19,9.16889501553042E-12,0.15941277234875875,5.093136239972787E-10,0.8405872271327587,4.538731019220863E-18,6.110890260921822E-17,
4,2,7.051269885709688E-22,1.4325614159964038E-21,0.9904485607402316,5.140835488881952E-7,0.009472557122171824,1.9671022720122784E-19,7.836805404775544E-5,
4,4,1.1060250957213545E-19,1.0901140969951895E-18,0.08700221411255558,4.092550237304829E-12,0.9129977858833518,4.315360628105958E-18,4.778402785402855E-19,
3,3,1.6182510118522385E-24,1.6147839165581754E-16,2.7676461316080862E-12,0.9999999963287314,7.629254199076442E-20,3.668500928185853E-9,6.572209852542598E-20,
3,3,1.0418846872724206E-22,4.0161969565967946E-18,5.0498614934262595E-11,0.999999999921541,7.358483227587693E-15,2.7952921100834125E-11,1.5141531382369833E-17,
3,3,5.3774600171385754E-24,5.79955727552189E-21,8.357246941317862E-14,0.9999990186870631,4.244891596340009E-19,9.813128535294284E-7,2.1564753411050667E-19,
3,5,1.0280578980401455E-27,1.0048828925726954E-24,7.458785370401134E-16,0.0017351210198105415,5.0405309565410216E-21,0.9982648789801888,5.182294823507235E-23,
3,3,2.0908694906936496E-25,9.229622729867342E-17,7.467865094969107E-12,0.9868151550055176,1.2280002385396924E-19,0.013184844987014485,9.616551411399953E-21,
3,3,7.153769706967489E-23,2.8210000666564176E-21,4.541575273304335E-9,0.9999999954584151,1.622696345048237E-18,9.580196603740156E-15,4.863384344445375E-20,
3,3,4.1713134848663366E-24,5.598682734508193E-19,4.046395280517275E-11,0.8946061638159495,2.7406036147571487E-21,0.10539383614358666,2.95857596651668E-23,
3,3,3.9346875049499354E-23,1.4673352838980745E-22,8.213942069071054E-10,0.9984703967063324,1.7966206372142048E-22,0.0015296024722732296,2.151526414983487E-26,
3,3,3.1291014704967726E-24,1.096349424026138E-23,6.702837990800275E-11,0.8872073813247051,1.2528831515029649E-18,0.11279261860826657,1.0980746038251011E-22,
3,3,4.6568540489640535E-24,1.460620225229374E-23,3.5724274892729588E-12,0.8411728300062307,3.010260634802942E-20,0.15882716999019683,5.393394637777132E-25,
3,3,4.139488444557296E-23,3.420060737539956E-18,5.145372778498265E-14,0.999999999999662,2.5141573321771973E-16,2.861776558600732E-13,1.5037863885083626E-19,
3,3,6.8816057989145095E-25,4.468302665752737E-20,1.3544599809699327E-14,0.9999999884836931,4.813118639242246E-20,1.151629330086267E-8,4.6246178511708415E-21,
3,3,1.3489215279968663E-24,7.490669104735671E-21,8.287996020507923E-10,0.9971203187710551,6.647252866480847E-21,0.002879680400145285,4.125102136904048E-23,
3,3,6.464268271368977E-26,5.146536795177636E-17,6.962024110684133E-11,0.9999839905593448,3.1834089824085826E-18,1.6009371034867868E-5,9.172269050544469E-22,
3,3,3.774667290588916E-23,6.647094738800813E-19,1.6271375123303924E-14,0.9999999999975366,1.1846156840076281E-17,2.4471492952253444E-12,1.6104392040303385E-20,
3,3,2.335563379912825E-24,8.018704535210302E-16,2.7772162273642667E-9,0.9999994665474335,3.3065561282274616E-15,5.306753460697941E-7,4.360231483430157E-21,
3,5,7.420873154054308E-25,3.061223075482158E-23,1.6471465505608186E-11,0.12947206495627617,7.591770590305525E-23,0.8705279350272523,1.2281225031128647E-23,
3,3,8.170045228193657E-22,3.516853018853169E-21,1.955972672888676E-9,0.999999998043956,6.722053780875814E-14,4.073709222373683E-15,9.016607695785993E-21,
3,3,9.015474806180204E-23,1.4340813999607782E-20,7.818061877202428E-10,0.9999999989703412,6.559823339635168E-16,2.4785193171827777E-10,6.66830474590799E-23,
3,3,1.4546546842909603E-24,2.416630472171095E-17,1.396165981056449E-11,0.9999999999848395,2.5597684573749273E-15,1.1960889287182471E-12,3.791335012521364E-17,
3,3,1.141908244585823E-25,1.040315945501847E-17,8.609114333201029E-14,0.8360961652596172,3.0342033359531944E-20,0.1639038347402966,3.588048525721326E-21,
3,5,1.713292478198437E-26,2.3197379408305366E-22,1.0687887935605805E-12,0.3199969126762435,4.5765004786911917E-23,0.6800030873226878,6.635737063127259E-22,
3,3,3.899381227717984E-26,7.047660027780094E-19,7.593056959170183E-12,0.9945570361146326,2.5343694564399892E-21,0.005442963877774466,1.4764904763420915E-22,
3,3,2.705985063322172E-21,1.0068835784233722E-18,7.865955557295939E-9,0.9999999909515561,1.266723356413311E-15,1.1824870127716732E-9,2.954666714973703E-20,
3,3,8.243236978708097E-23,2.072076568717468E-20,8.00207204970587E-10,0.9999999991953101,7.235989742650054E-15,4.475267855308925E-12,8.343587092648992E-19,
3,3,7.200937892396983E-23,8.657837863291636E-19,5.2251648405353445E-15,0.999999999753117,1.1964139102599387E-17,2.4687756390696513E-10,2.4509293019091135E-18,
3,3,3.486339380630318E-24,1.3983122883483827E-17,2.165080648678363E-12,0.9999999994205386,5.722291127070252E-20,5.772961042229775E-10,3.377075722356323E-21,
3,3,1.2559855267995881E-21,9.577786064668025E-20,5.64711964920215E-13,0.9999999999835847,2.457310499166689E-15,1.584813463922535E-11,1.8720020474631678E-19,
3,3,2.944198684003407E-25,5.941412620864247E-23,1.0129469484510935E-12,0.9999107733886977,1.284340176262362E-22,8.922661028939739E-5,1.7972368000496995E-25,
3,3,3.613601162525802E-22,1.0069191278103187E-15,4.1996223662064015E-11,0.9970152721797758,8.378103066834585E-13,0.0029847277773891135,5.2446869504507705E-21,
3,3,2.0400634683248552E-25,1.5726947073470127E-15,2.280646956335975E-13,0.9992625437241721,2.1868734413992536E-17,7.374562755982511E-4,2.1327832274890953E-21,
3,3,8.621520086537686E-24,2.9883884341129186E-18,1.9385170046119256E-9,0.9948875363793779,2.3896150666740807E-18,0.005112461682105209,5.215333007246974E-22,
3,3,3.556302065763922E-22,4.320338084296408E-18,1.44064338970612E-10,0.6135291280616944,4.6070373971294994E-14,0.3864708717941952,2.6018151466333704E-21,
3,3,7.114986938186528E-24,5.5011843646908314E-24,1.4419607990855793E-13,0.9999997248438497,1.3372550009766926E-19,2.7515600626749745E-7,7.012860100184369E-23,
3,3,4.54761662662721E-25,6.353022730709022E-17,4.4030869157482793E-11,0.9892833514063163,7.032855857563356E-18,0.01071664854965266,5.72396673621799E-20,
3,3,4.86225478469381E-25,4.988371544879195E-17,2.6713109590818248E-12,0.8695515868144601,4.36194409701801E-20,0.13044841318286837,1.1746785495242262E-20,
3,3,7.382589108494807E-24,9.123296874710429E-19,4.796635511454774E-13,0.9999980393355856,1.5402839179474951E-18,1.960663934718522E-6,6.642515612996136E-21,
3,3,5.614983284102745E-24,2.5540289901439015E-18,1.2435873051302766E-11,0.9575316792154406,9.685591073759444E-19,0.04246832077212352,5.319258024163947E-23,
3,3,6.911713155984829E-26,3.1562106906705093E-18,3.1359193106844834E-11,0.9993193346394744,1.720394096564055E-19,6.806653291664058E-4,1.1263490097350402E-20,
3,3,2.5236869232752845E-24,2.691393489458376E-16,1.9364588347284317E-11,0.9999999999596056,6.001288858163273E-16,2.102876966131869E-11,1.5724935767417715E-18,
3,3,1.454987002890945E-26,2.0420498333621364E-22,1.5548150522848883E-11,0.9633477974131684,1.1029608811188558E-22,0.036652202571283335,1.001855777444281E-21,
3,5,1.6892823692457274E-25,1.026103916374604E-20,3.7986785554958626E-14,0.46272163530624283,1.3483124548856058E-19,0.5372783646937191,1.3472960243979846E-21,
3,3,2.6326021653514654E-21,4.098486179801435E-18,1.9541455003835147E-7,0.999999804262912,2.1171950447834003E-12,3.2033438411789357E-10,8.629853905369868E-14,
3,3,1.2310711161618853E-22,6.265983291460018E-20,4.511572219081414E-9,0.9999999943487936,2.9937814084879665E-19,1.1396341700755242E-9,7.0228476066502575E-22,
3,3,1.580189838464529E-23,3.733262817313092E-15,5.078777201112834E-11,0.9999999999479974,1.0671606072898851E-13,1.10412842158284E-12,8.716082887362109E-18,
3,3,1.8775712765224988E-25,2.916206064354624E-19,3.8538606033386715E-13,0.9983158437608944,1.9170729018226035E-16,0.0016841562387199228,1.6329355180407683E-21,
3,5,1.6377842590832431E-25,1.5354104256165956E-21,1.9575526860349037E-13,0.19769143783093052,4.393324127570243E-20,0.8023085621688738,9.914631764792874E-22,
3,3,1.6605931573640422E-23,5.599636680465581E-16,1.0092901979215145E-8,0.9999992483430201,8.363332348705034E-15,7.415640689271645E-7,4.742346716875819E-19,
3,5,2.5183598990221643E-25,1.944218263552705E-20,1.5381543627178795E-11,0.46562583808545344,3.3899691435055894E-20,0.5343741618991651,9.579337791235788E-21,
3,3,1.3706988065736687E-22,1.3635940907765459E-17,1.1742918515915305E-13,0.9999999999778133,2.614343304950054E-16,2.2069034482959394E-11,4.417101219661254E-18,
3,3,7.178794972071314E-24,1.8936539770148307E-18,2.0528696222549037E-11,0.9999999999794114,1.7770547796333818E-14,4.213168164245144E-14,2.569116104866767E-17,
3,3,9.236254734233461E-23,4.1746008632287236E-20,2.3899666292581027E-10,0.9999999997588871,1.5158386290531977E-14,2.1012446052390097E-12,2.1145082077355487E-20,
3,3,9.754650195939824E-24,1.6901836785785876E-21,2.7267136628778434E-9,0.9999999972732834,3.452290513880494E-18,2.7806250309469527E-15,3.5049439691883067E-20,
3,3,2.857606377700434E-23,1.463935407389261E-21,2.622724678767298E-12,0.9992390062003431,4.1448081848677127E-20,7.609937970341463E-4,8.104050144934501E-26,
3,3,2.3231313469249865E-22,2.0066813570478657E-18,4.0704738501659127E-10,0.9999994091183572,4.456966331626668E-18,5.904745953735288E-7,1.001132427441308E-21,
3,3,5.157667430798862E-25,7.074050233611309E-19,2.3030706143267885E-12,0.9919334923595283,2.0806828678760092E-17,0.008066507638168758,1.9613999653002154E-20,
3,3,5.32066088536013E-25,1.8583461245301706E-20,7.035779192749146E-12,0.9999989383591539,2.485810422847127E-19,1.0616338104284487E-6,6.583598043880093E-25,
0,4,1.1432528878418096E-19,6.600337109947421E-11,0.030284459839847518,0.0019712856482202406,0.9673825367751366,5.627616142633397E-17,3.61717670792339E-4,
0,2,3.486106603970616E-19,1.4020125427717404E-10,0.8462722047887782,0.005713086217874944,0.1444523588437385,1.4738702411734386E-18,0.0035623500094071284,
0,2,7.381410925510133E-19,1.030270804577867E-10,0.9548797588415511,0.031283601236330685,0.012489794727884218,1.3514819878906004E-16,0.0013468450912069755,
0,2,1.6220296392109489E-21,4.3154403713140133E-13,0.9995505237912589,8.119230656729369E-8,2.820678161362926E-4,1.996597749426215E-18,1.6732719986682344E-4,
0,2,4.975832999122087E-19,7.324501106886454E-12,0.9998687936888655,8.046372944646969E-9,1.1625003528904363E-4,2.5048814146953196E-20,1.494822214815789E-5,
0,2,9.72561508416332E-19,1.420842570017015E-15,0.9996401720350032,1.896655624958368E-8,2.815952222638931E-5,1.1508324658014968E-15,3.3164947621179834E-4,
0,2,3.566650754547031E-21,4.773619109125402E-11,0.9987543208146498,3.2976873335293525E-5,0.0012118429328933805,3.7012656012233136E-20,8.59331385366595E-7,
0,2,9.107155945913873E-19,9.872236750927928E-14,0.9997710059656701,5.200524981071667E-8,6.794151863930828E-5,2.252922391969925E-17,1.6100051034186955E-4,
0,2,6.010366651574048E-19,1.992260461740653E-12,0.999140482825097,1.3695487077330463E-7,1.394145835027322E-5,1.7758190765924944E-17,8.454387596896572E-4,
0,2,2.3130915185817795E-19,7.858745847961716E-18,0.9994471457489273,1.8549946925422848E-10,7.091279522466205E-7,9.123607411691615E-17,5.521449376212057E-4,
0,2,5.349518840330828E-20,5.562369770582624E-17,0.9999950574690677,5.44226234633322E-9,4.8312114640276765E-6,3.797149236859239E-18,1.058772058792475E-7,
0,2,1.3360097870076259E-19,2.7487861715296082E-11,0.8409809415276428,5.141621466799492E-7,0.15901075778810936,7.00219361180687E-20,7.78649461314103E-6,
0,2,7.000576372414237E-20,2.942472933505901E-17,0.9999415994169419,1.3521986434785602E-5,4.487700448260139E-5,3.402346439303297E-16,1.592140159155654E-9,
0,2,9.160520393717511E-21,9.192741459613945E-16,0.9974555174425462,2.752176342328384E-4,4.5582536075121805E-4,7.391490521113027E-17,0.0018134395624687756,
0,2,2.6608674658918434E-18,1.8344630347294178E-13,0.8627748023674111,0.11205135842730665,1.2377789558853998E-4,4.775916064582175E-13,0.025050061309032652,
0,3,1.2348033341425757E-18,1.3087917670898698E-18,1.5250270701092867E-4,0.9980801395140606,0.0017666612314566703,9.92273659124912E-10,6.955551982673983E-7,
0,2,1.6692337239685903E-20,3.391620456294998E-13,0.9968828759146678,1.0146963574182798E-4,0.002996521145485033,2.9587253553806686E-17,1.9133303766232347E-5,
0,2,1.8851351742807653E-19,6.081909818671588E-14,0.9991673234994415,3.6191840099399525E-4,4.6686387507005746E-4,5.805125544853675E-16,3.894224432945179E-6,
0,2,1.812912586646894E-20,1.4071135486975376E-17,0.9999469514537324,4.4864204812411784E-5,7.923133454325173E-6,9.144372121718123E-17,2.612080009842936E-7,
0,2,1.1663937821366012E-21,4.433160859176493E-14,0.9992684142826598,4.8787466295426525E-8,7.329282143276456E-5,3.641568682017778E-17,6.58244108396985E-4,
0,2,7.204510763048223E-19,4.965577229486409E-16,0.9787652852383782,0.0016409799542877104,0.0195846126372777,4.813585333093882E-15,9.122170051035592E-6,
0,2,1.0383453537982157E-19,2.7213064222872882E-17,0.9992588950962689,4.7160624963377005E-4,1.2665274000923753E-4,4.108261631344297E-15,1.4284591408381768E-4,
0,2,1.0391768449741503E-18,3.2515006261966146E-13,0.9974739058921888,3.774418460255921E-5,8.186438990293588E-5,1.2297951086010046E-15,0.002406485532979178,
0,2,2.1135115481297505E-19,5.255567588302324E-16,0.9999960651787102,1.4871232128710533E-8,1.1924842452637783E-6,8.3588701050854815E-19,2.7274658117366776E-6,
0,2,4.41964688285727E-19,3.89885699522217E-14,0.9907151201807202,0.004360816890092685,0.0034065826411152147,3.613884565104635E-14,0.0015174802879968244,
0,2,2.0285089275880064E-18,6.795714327094423E-12,0.9998195493964951,1.2524716107261106E-8,1.218649138816505E-4,3.517365360574095E-19,5.857315811137178E-5,
0,4,4.443542432099549E-19,5.83847036012031E-11,0.02887183181536413,0.0029254534360685447,0.9668514055319678,7.534087777139549E-16,0.0013513091582138454,
0,2,5.04326075236587E-21,2.1163081751328185E-17,0.9999670768106844,7.808184415051312E-7,3.202624114693503E-5,9.355978100097466E-19,1.1612972733278722E-7,
0,2,2.6104276671606222E-19,9.921841564138308E-15,0.705971332511814,0.0035905861634737877,0.2904291667450475,1.352219509921974E-15,8.91457965346357E-6,
0,2,7.891305531293853E-22,2.2507500936043383E-15,0.9995405984597638,9.460858278056858E-8,7.529579183321203E-6,7.764095039095847E-18,4.517773524677644E-4,
0,2,4.2333228368594795E-18,1.7902039781919776E-15,0.9901354501061791,1.915763397831618E-4,0.009640134479365535,1.839446919263743E-15,3.283907466877971E-5,
0,2,2.3412013939835445E-19,1.5765757655515267E-12,0.9986378162863809,5.364788623963509E-10,6.383339787388634E-6,2.7753086076077814E-18,0.0013557998357763218,
0,2,2.2956260724542374E-21,1.2207317505824981E-15,0.9992942872389482,6.057776616959311E-6,2.6157290149781483E-4,9.500543645780748E-17,4.3808208293569294E-4,
0,2,6.4585297099171805E-21,1.6261192782495807E-17,0.9977209667740572,4.2066282436340136E-7,0.0022132292309448715,3.877694830344939E-16,6.538333217326027E-5,
0,2,2.685041685432276E-21,3.4692645156644304E-11,0.9995061076439615,1.754415909114324E-7,1.7291626193124978E-4,6.241674760459072E-17,3.2080061782361745E-4,
0,2,2.5875629332574462E-18,4.1624921551089196E-13,0.7889837550319286,0.17712552604659165,0.03342190746503026,4.521126538640904E-12,4.688114515121965E-4,
0,3,6.575838897049455E-19,2.566887300045657E-13,3.707290487166286E-4,0.9979193828872938,0.0017087892992701033,9.871505086675341E-15,1.098764452722818E-6,
0,2,6.070108348995915E-21,3.10664421733517E-14,0.9996649884759874,2.605280653976509E-5,3.042824941112091E-4,4.897882041123258E-17,4.6762233304186926E-6,
0,2,2.152059451491548E-18,1.42721776250313E-13,0.5180468804712945,0.017231107167801057,0.03869493285152482,7.094701637224401E-14,0.4260270795091658,
0,2,6.1442368163025426E-21,1.3596122054554125E-14,0.99784396061584,1.2270978538681536E-5,0.0012509279024778635,5.225791059657517E-16,8.928405031295661E-4,
0,2,1.9784957949652844E-17,9.622785147543449E-14,0.6611488171608455,0.3380972334654022,7.538232852552857E-4,4.077370265293535E-13,1.2608799316004223E-7,
0,4,7.442560303500164E-20,2.0484054446157982E-13,0.29257713458947865,8.486750966555378E-5,0.7073186020238548,4.606831546230755E-16,1.9395876795581147E-5,
0,2,5.1019014823613924E-21,9.141474714349217E-13,0.9968677105360381,2.2039708745102584E-7,6.709997625816185E-5,5.3095060866078116E-17,0.0030649690897019237,
0,2,3.7410399896928343E-19,1.0370748026333968E-14,0.9999914174112668,4.240243271604903E-8,4.442662786738554E-6,5.35706114104786E-18,4.09752350323227E-6,
0,3,1.1774884418150719E-18,1.5038525878040412E-12,1.6371511957858986E-4,0.9997920133630879,4.270392558669983E-5,9.552198620401972E-13,1.5675892876685087E-6,
0,2,6.304130947010683E-20,2.31307057506452E-17,0.9880256874671188,6.022749363451973E-4,0.003306484163529762,1.546440391935E-14,0.008065553432990978,
0,3,6.860237395822228E-18,3.8049390465753134E-15,0.002126479326775364,0.9978597629196525,1.3616962263864549E-5,1.7903186795567506E-12,1.407895140535994E-7,
0,2,1.626963779661973E-20,1.7976146952389142E-17,0.9987106262933587,3.7948585684856873E-6,4.8433349540189023E-4,8.988789613494837E-15,8.012453526619959E-4,
0,2,8.795631992603089E-20,1.3731620429834192E-12,0.990520659193769,0.006666960111862271,0.002069595700302253,1.4305274524328069E-15,7.427849926917783E-4,
0,4,2.0375568175898937E-18,1.349468313386602E-12,0.029799498649902067,0.08453869475089885,0.8855733297490775,8.897679402705143E-14,8.847684868320222E-5,
0,2,7.733098802505988E-20,3.7024136572930884E-13,0.9911473773535697,7.641058877569178E-4,0.007667178150359715,7.828784103730778E-16,4.2133860794258445E-4,
0,2,7.978079456307481E-20,5.25845951329872E-11,0.9346799216957177,0.0010637577649339276,0.06423576780135443,1.3781133409431846E-18,2.05526854093966E-5,
0,2,3.6093123796502564E-17,1.654596013780521E-13,0.7260394848667875,0.2680524114659141,0.0032945800999856136,3.9441138208866494E-13,0.0026135235667528395,
0,2,2.0616837266236027E-19,1.91322510491536E-14,0.968146136038637,1.2925608063787684E-4,0.03172095560896754,1.7136353214119832E-17,3.6522717384135155E-6,
0,4,4.437413264697554E-19,2.844083885368335E-14,0.0831006753998239,0.003236452075256528,0.9121809593356467,3.982297389441779E-14,0.001481913189204497,
0,2,6.970295513041982E-20,4.347742059391022E-16,0.9982654612525195,4.8505138438599576E-4,0.0012467786915887945,1.1136983185334057E-15,2.70867150428919E-6,
0,2,6.805939001462748E-21,3.2197996761618225E-15,0.9861987438022017,6.033743360365198E-6,2.9022081247789106E-4,1.8305376934366623E-17,0.013505001641956612,
0,2,2.961554221878717E-19,2.4629674651474222E-14,0.9981139244026013,2.5320934552670746E-9,1.4481708669387666E-6,2.1703224963668766E-17,0.001884624894413699,
0,2,1.0214482630773634E-18,3.2427117601452E-11,0.9936972883849884,2.4173577639425806E-9,5.829074645274348E-6,4.036153068006924E-18,0.0062968800905815634,
0,2,7.307134434415444E-20,9.720931667836334E-16,0.645274297544031,0.001068105258627314,0.33977935190562425,2.39831937433742E-16,0.013878245291716027,
0,2,1.5006287642040407E-19,2.6491175876750796E-16,0.9933078081246052,5.859261069713038E-4,0.005935602429030609,6.942266435710466E-14,1.7066333932317694E-4,
0,2,3.9983188906881605E-19,1.3736766282208814E-11,0.9580365401844899,4.3327509478458655E-5,0.041904958168289395,4.817816757476678E-17,1.5174124005413064E-5,
0,2,8.2547250178523585E-19,2.3672471334547778E-15,0.9999921150622919,2.2576057087259976E-8,5.766398986977545E-7,3.0246644270795277E-16,7.2857217496771855E-6,
0,4,1.9365017847495574E-20,3.901217615559636E-13,0.05033807914746937,5.800285206309801E-4,0.9490658176044521,5.747771725730493E-18,1.6074727057435394E-5,
0,3,2.3620431147596954E-18,1.515944699531082E-14,1.3835121563090188E-4,0.9998401857321597,1.6403768021743508E-5,1.1239519868583246E-10,5.059171777127745E-6,
0,2,7.292214027569718E-20,7.251660640746482E-10,0.9731320628137263,1.5435210506761884E-5,0.02641474840350649,3.4397461364957455E-19,4.3775284709434353E-4,
0,3,3.1972331135272677E-18,2.7931140551534897E-16,0.012779351216649996,0.9872198746006858,7.734239040396519E-7,5.786850553471437E-12,7.529727833726008E-10,
0,2,8.819408303810738E-21,1.2945486592384622E-12,0.9979724073406407,1.0981383503297072E-4,0.0018876567802892344,1.1208503819273208E-16,3.0122042742200086E-5,
0,4,3.483171757201497E-20,1.991864680890803E-13,0.10751223817831408,2.8234795045521843E-5,0.8924590631735752,5.319970209463368E-20,4.6385286610167575E-7,
0,2,5.464631065752062E-19,1.1208364817099635E-8,0.8319169492516593,0.00895552315926324,0.15898673958876938,2.310358810493721E-18,1.4077679194335812E-4,
0,2,2.779065600820476E-21,9.324023876753307E-14,0.9992502700876715,1.6721081026195053E-6,6.701396201309027E-4,8.505608016027136E-18,7.791818400173827E-5,
0,2,2.2554390390904303E-20,5.2151435110481795E-17,0.9999422129082031,2.9536486180180947E-6,5.460766214326987E-5,3.929130763737285E-18,2.2578103559868828E-7,
0,3,1.1142951396070793E-15,3.2597832484587733E-11,0.27315155427271837,0.49798019881961364,0.15011962088693317,6.297330749216385E-10,0.0787486253584029,
0,2,2.3483089243793186E-18,1.6523017430446247E-13,0.9390708324615696,0.043263872037834744,0.017624381229016748,1.4600077179501688E-13,4.0914271267695916E-5,
0,2,3.135772553787418E-19,3.5314947838956655E-14,0.9998576813843919,2.3771835497099274E-9,1.447579431744508E-6,3.266638838029492E-18,1.4086865895751802E-4,
0,2,2.1551306422344307E-18,3.163755869790026E-14,0.911685941855421,3.573263492438895E-5,0.045043690309044725,4.530461145930469E-16,0.043234635200578096,
0,2,2.450281573600499E-19,2.2115323986980313E-16,0.9999716232101482,1.3630198844837425E-10,2.2114698377870178E-5,5.077997396956346E-19,6.2619551716587515E-6,
0,3,1.1348285876008618E-17,3.6974890093139216E-15,0.029234447347480912,0.9371292838631652,0.03307191387832974,6.022824465886015E-11,5.643548507923153E-4,
0,4,3.9303484565420534E-19,6.530972513034925E-15,0.09514757956698605,0.0034560203537535115,0.9002823663135995,1.277103716438806E-13,0.0011140337655267246,
0,3,9.41113221279304E-18,1.2511442235785855E-12,0.0640690169584008,0.859919362476919,0.0011019635362330318,4.333725249261838E-11,0.07490965698385864,
0,2,1.0709473386056029E-20,1.998690908483961E-17,0.999919067958095,1.8522490045821788E-6,7.455816339917398E-5,1.036602646917655E-14,4.521629490872866E-6,
0,2,1.800266462779099E-20,4.985138417923073E-12,0.9859708618907724,2.1184637270954454E-5,0.0140076806583523,2.0757925417300994E-20,2.7280861902859423E-7,
0,3,1.3359480324233365E-17,2.9331365914568623E-16,0.0027198889417481393,0.985151876035751,0.012128159201200419,1.3204228756593564E-12,7.581997969323588E-8,
0,4,9.271772271923169E-20,3.085007767194624E-13,0.01886772804967942,2.8491882228167587E-5,0.9810947180403635,2.659669250873766E-18,9.06202742056231E-6,
0,2,5.06654551058401E-19,2.0341406206401277E-15,0.9995688750145899,2.9146691833114615E-8,1.5218872608966188E-5,1.1510076911536629E-15,4.1587696610600604E-4,
0,2,5.448503287701204E-19,4.5312310111424974E-14,0.9994912755503998,8.478297420064885E-8,1.3321322418104496E-5,1.1978517059862106E-16,4.95318344162379E-4,
0,2,1.0123271767847277E-19,1.8943260452026454E-15,0.9949783220592775,9.671424833705979E-4,0.0037280197062406514,2.4832980932538568E-14,3.2651575108462287E-4,
0,2,4.0897099697486244E-21,7.838391558984518E-14,0.9999152779747839,4.3689655528926745E-9,3.0149747262916383E-5,4.1394691023631343E-19,5.456790890941959E-5,
0,3,7.23097003147093E-18,1.678935401732584E-14,1.2591023806089716E-5,0.9998004162847725,1.868538667385343E-4,8.332084375886001E-13,1.3882383291171005E-7,
0,2,6.9135554711594734E-18,4.250931296271516E-11,0.4823426050429167,0.06446477315463034,0.0763472501388049,3.2878909802122762E-15,0.37684537162113546,
0,2,4.1774914843278655E-19,8.888983616706479E-12,0.9993309037948666,6.723221598219187E-8,2.7498587590992474E-5,3.790305452515739E-18,6.415303764375198E-4,
0,2,8.64038101329828E-20,1.6707334487930235E-14,0.9948129475143619,0.001457315141724469,0.003363751287276561,1.0313452354183797E-14,3.6598605660999057E-4,
0,2,7.508040280679076E-18,4.490398426249681E-14,0.6649756596362306,9.635201320352976E-5,0.02102439361431759,1.669562939190333E-14,0.31390359473618656,
0,3,1.2793513027517762E-18,2.349685612642267E-13,1.1510150155225307E-4,0.9995724566706907,3.1107433631686736E-4,3.470348299509453E-14,1.367491170684195E-6,
0,2,1.6365288444553598E-19,1.6810871736095665E-13,0.9999241181110773,1.6050230526242088E-9,6.8179509350004356E-6,5.114480012011553E-18,6.906233279659737E-5,
0,2,4.1476964294183816E-20,1.3842919677560572E-15,0.9998280173321442,1.3714508124984754E-4,3.423997836815238E-5,2.0921074671710356E-16,5.976082360495447E-7,
0,2,5.809744933935242E-18,2.7407233110762073E-15,0.684948373965657,0.31492830561926255,1.1865336418502181E-4,4.1875206640675287E-13,4.66705047394583E-6,
0,2,5.508241546192056E-21,2.7101654869995393E-17,0.9995772824632477,1.78476108836034E-5,3.6238826385708245E-4,6.035768232002373E-17,4.248166201164241E-5,
0,2,1.814513986683486E-19,6.520195179906055E-17,0.9998606109554894,8.844290997345766E-9,1.3757935142116257E-4,1.441164099703043E-16,1.8008487984309375E-6,
0,3,9.059313194262513E-17,5.4485220856909763E-17,0.0017373060672438462,0.9981218722870049,9.796896901111398E-5,5.213528731132873E-6,3.7639148008916575E-5,
0,2,3.6084156874261875E-18,4.550053421999017E-15,0.9777528137184038,0.021582899873603026,6.638495105687798E-4,2.6924824630145025E-13,4.368971505051654E-7,
0,2,2.1868017719429136E-19,4.894033378881584E-15,0.999893999376294,3.3982759343990145E-8,4.421917734819362E-6,1.5149789807711055E-18,1.0154472320695888E-4,
0,2,7.110530368403631E-21,3.5217346690053727E-15,0.9996413723707002,1.7286578728472798E-5,3.371699333826921E-4,1.1791000570163187E-16,4.171117184783631E-6,
0,2,1.2092999092767005E-18,1.7568623873683922E-11,0.9991904128965501,1.1954360988948596E-7,3.5631769776024246E-5,4.311957727898444E-18,7.738357724953687E-4,
0,2,1.6692337239685903E-20,3.391620456294998E-13,0.9968828759146678,1.0146963574182798E-4,0.002996521145485033,2.9587253553806686E-17,1.9133303766232347E-5,
0,3,1.2230618342016854E-17,1.919872390137578E-15,0.0017522100326765608,0.9981867602840787,5.36837518564273E-5,9.241686880924319E-11,7.345838969469704E-6,
0,2,3.6291311297034074E-19,1.2741000345392032E-16,0.999831587396237,9.351363143954535E-9,5.880823336794441E-6,2.0895891383247945E-16,1.6252242906276423E-4,
0,2,2.1398363751336625E-19,1.103194501887805E-14,0.999020647808278,8.061435080538481E-4,1.6446475822263124E-4,2.338328560638047E-15,8.743925432128828E-6,
0,2,4.108556125696562E-21,4.851288020468624E-16,0.9999215048433915,1.0688541431676303E-8,7.055136329019346E-6,1.292638500656308E-17,7.142933173747741E-5,
0,2,1.693558781909571E-19,3.897720060227992E-16,0.9999838444704053,5.041965729264215E-10,2.383168207197123E-6,1.2329116299127544E-17,1.3771857190498958E-5,
0,2,6.674330151578611E-20,1.4276821746420352E-12,0.9850997047065153,3.8697582470673667E-4,0.014285362612220206,3.4656434004182645E-15,2.279568551265931E-4,
0,2,8.252828993898256E-21,1.162131597400199E-14,0.9961758635139799,1.3652595381247102E-6,0.003653645523203583,2.6052279647905774E-19,1.6912570326676552E-4,
0,2,2.3972308372791074E-18,3.204170771466528E-14,0.9645050547708961,0.03508351283838669,4.1060922203216683E-4,9.484755177305868E-14,8.231685583062792E-7,
0,2,1.0871591892287057E-19,4.2140233503059635E-14,0.9935434800749116,0.0028094209400133397,0.0032587424141712162,2.5808375033994675E-15,3.8835657085910697E-4,
0,4,1.539278857334977E-19,6.544276650126657E-13,0.04859325015036008,0.0013998869412992416,0.9492698432706863,2.064168830003463E-15,7.370196369979412E-4,
0,2,4.135935330638063E-18,2.4233851218107917E-12,0.9335070373368513,0.04455625433486032,0.021758702931437404,6.39513436281962E-15,1.7800539442121538E-4,
0,2,1.8743752660470664E-21,1.2755954625936586E-12,0.9992710877341043,3.073859814769057E-6,6.193358758177814E-4,4.494577466125481E-19,1.0650252898747785E-4,
0,2,1.2092999092767005E-18,1.7568623873683922E-11,0.9991904128965501,1.1954360988948596E-7,3.5631769776024246E-5,4.311957727898444E-18,7.738357724953687E-4,
0,2,2.494844098424265E-20,1.6870750826162518E-16,0.9998914488077473,2.928124216157005E-6,5.672794799808994E-5,5.510946079333583E-16,4.8895120037860774E-5,
0,2,1.1663937821366012E-21,4.433160859176493E-14,0.9992684142826598,4.8787466295426525E-8,7.329282143276456E-5,3.641568682017778E-17,6.58244108396985E-4,
0,2,2.1350122886442234E-19,1.7057778862384772E-13,0.9998575570581938,2.4637006786882924E-8,3.3490857027274356E-5,8.26900794636553E-18,1.0892744760167488E-4,
0,2,1.3785218509139168E-19,1.6691341881813082E-15,0.9797409596165164,0.00321719362838246,0.01633506800151875,2.0448437861833771E-13,7.067787533760536E-4,
0,4,7.068750028587376E-19,1.3790960427760995E-10,0.0015395027582099235,0.05984990505544685,0.9386104287768033,1.4176000004311195E-16,1.6327163011139567E-7,
0,3,2.0580940787871036E-18,1.2599807511793293E-13,1.3149322772599246E-4,0.9995759537868036,2.874785839228537E-4,4.893119465663551E-13,5.074400932166808E-6,
0,2,2.1639819548549263E-20,1.4844392778348793E-12,0.993533785275662,0.004295936331084959,0.001980147915810231,1.0217945849137984E-16,1.9013047595842837E-4,
0,2,9.188318293472533E-19,4.4495746916979936E-12,0.990503225946372,3.102295058612944E-9,3.110536532946067E-6,9.571777569575928E-18,0.009493660410350485,
0,2,1.2340805304520293E-20,2.931273705652244E-18,0.99864458655741,1.0347955293099335E-4,6.95214714957853E-4,1.3973445909376352E-15,5.567191746999113E-4,
0,6,3.0713242312157994E-18,6.164089359282209E-12,0.2426482233657491,0.017938273268056762,0.03280100328053297,1.0364423944750831E-14,0.7066125000794867,
0,2,4.41964688285727E-19,3.89885699522217E-14,0.9907151201807202,0.004360816890092685,0.0034065826411152147,3.613884565104635E-14,0.0015174802879968244,
0,2,6.54799652910711E-19,1.0140122207746317E-14,0.9993490500916612,3.124494964206197E-8,1.765153229121909E-5,4.108501188287499E-16,6.332671310873782E-4,
0,2,1.1644871052961597E-20,1.3306446127295193E-16,0.9999907584776184,8.579913125419795E-8,6.628498848605143E-6,7.529382029458157E-17,2.5272244014008618E-6,
