2,2,0.0026688323616817374,0.001704846472209437,0.9956263211661088,
2,1,2.6057897154783985E-6,0.9999259034116879,7.149079859658203E-5,
2,2,1.0490690766938706E-5,0.1627271349224334,0.8372623743867996,
2,2,7.538027310633901E-7,1.8461604216274143E-10,0.9999992460126529,
2,0,0.8866709874760522,6.776499626678571E-7,0.11332833487398514,
2,0,0.9009135146270708,5.12381034539232E-6,0.09908136156258379,
2,2,0.08425689289802514,0.00831562749288216,0.9074274796090928,
2,2,0.0012504507320659913,2.9488557256590616E-6,0.9987466004122084,
2,2,8.857587602428462E-5,3.0869333260099643E-5,0.9998805547907155,
2,2,0.04658501389896653,2.9984176449960416E-4,0.9531151443365339,
2,2,0.36748485399583497,0.0025713408868238926,0.629943805117341,
2,2,0.035585039248406426,2.4644566582068196E-6,0.9644124962949354,
2,2,0.00688118379490124,0.1414495447627687,0.8516692714423301,
2,2,0.007673138799114133,2.4628719919013267E-5,0.9923022324809668,
2,2,1.6111955262287528E-5,1.496288885986691E-5,0.9999689251558779,
2,0,0.892559029184127,3.092825346410603E-9,0.1074409677230477,
2,2,0.1502854331186062,8.520360725326705E-4,0.8488625308088612,
2,0,0.9120616575478271,0.08730401407740424,6.343283747687248E-4,
2,2,0.0013037506867110556,0.06650841929848571,0.9321878300148032,
2,2,0.0032893088084072542,0.009607224126630457,0.9871034670649622,
2,2,0.11517296486247257,3.51043232623194E-4,0.8844759919049042,
2,2,0.0012334617839016714,2.95527148482113E-7,0.9987662426889498,
2,2,2.2911597871949876E-5,7.197380564230585E-7,0.9999763686640717,
2,1,8.880454323463483E-5,0.997387389024065,0.002523806432700483,
2,0,0.9449035676022154,0.05472152726105893,3.7490513672558493E-4,
2,2,0.013872069494614619,3.468636864676825E-4,0.9857810668189176,
2,2,0.2307724373439345,0.006267043024995143,0.7629605196310703,
2,2,0.012736384624854841,4.47135614213298E-6,0.9872591440190029,
2,0,0.9539538884806862,0.023557017155622792,0.02248909436369102,
2,1,0.07613093313975154,0.9173424554237314,0.006526611436516951,
2,2,4.323215526373654E-7,3.010505309393311E-5,0.9999694626253534,
2,2,4.9545638513193865E-9,1.5225797844697186E-8,0.9999999798196384,
2,1,3.882249781132035E-4,0.9276042802090169,0.07200749481286992,
2,2,1.0070344934886996E-5,1.2463339388280458E-5,0.9999774663156767,
2,2,1.277442248765508E-7,6.33863457632587E-8,0.9999998088694294,
2,2,7.403604882586262E-7,0.0013404500788170833,0.9986588095606947,
2,2,3.635325776341984E-5,1.5505122146528601E-4,0.9998085955207712,
2,2,1.6391791454301878E-8,1.1977791342067614E-7,0.999999863830295,
2,2,9.290656899573225E-4,0.006670553601984854,0.9924003807080578,
2,0,0.9996672279989325,1.0422789997456212E-4,2.285441010930869E-4,
2,2,7.116750721799157E-4,0.002383144048682853,0.9969051808791373,
2,2,0.00278638851117814,7.340660293918732E-6,0.9972062708285279,
2,2,0.0788394101721418,0.13890187679448115,0.7822587130333771,
2,2,3.3546934479852853E-7,1.203006936855592E-5,0.9999876344612867,
2,1,1.8082912879673714E-7,0.995832498187553,0.0041673209833181174,
2,2,3.747423079777381E-4,0.07907772727192146,0.9205475304201007,
2,2,1.5682030389584043E-6,1.600757880113939E-5,0.9999824242181599,
2,2,2.6744930461812435E-4,1.3937800973911777E-7,0.9997324113173722,
2,2,3.80716132900687E-7,4.7060300400081815E-6,0.9999949132538271,
2,2,4.0927100349495235E-6,1.5604163483294451E-6,0.9999943468736168,
2,2,7.63835531523296E-4,6.697615080754291E-7,0.9992354947069687,
2,2,5.180642387131035E-6,4.386166998864333E-6,0.9999904331906139,
2,2,0.0037203689513267573,0.0023416854279151925,0.9939379456207581,
2,2,2.897801947445369E-6,7.744564609171615E-8,0.9999970247524065,
2,2,1.6076513755132073E-6,6.101346993913037E-7,0.9999977822139251,
2,2,6.79185180770281E-6,1.5566998316483444E-6,0.9999916514483607,
2,2,5.789096899869222E-5,0.003766625203681624,0.9961754838273196,
2,0,0.9805456209747382,1.3005958215229144E-8,0.019454366019303483,
2,2,4.656715254666553E-5,1.754665818436543E-5,0.9999358861892691,
2,0,0.9779954073968186,0.002849635400444612,0.01915495720273684,
2,2,0.010629668426369315,1.4201597996121396E-6,0.9893689114138312,
2,2,2.6101774372419176E-8,3.465047137065179E-5,0.999965323426855,
2,2,1.0215169991111467E-4,0.11477945185939754,0.8851183964406913,
2,2,3.466431103131309E-6,0.20220293477718,0.797793598791717,
2,2,0.051632776582402805,0.00461057278009447,0.9437566506375027,
2,2,0.07237646922184245,3.9420454496867664E-5,0.9275841103236607,
2,1,3.7996187080604723E-4,0.9415236876555534,0.05809635047364065,
2,1,0.0028122577494986405,0.993670576091016,0.0035171661594854547,
2,2,0.4562346202918298,0.001060345213899272,0.5427050344942709,
2,2,8.291093507414397E-4,0.048303693506113445,0.9508671971431452,
2,2,4.984748267637516E-7,0.22789628787670393,0.7721032136484692,
2,1,0.06330435679578128,0.8854933704099575,0.05120227279426132,
2,2,7.365506689278919E-4,1.1311108302486571E-5,0.9992521382227697,
2,2,0.03488334360688086,2.047156699214805E-5,0.9650961848261269,
2,2,0.001745135903779334,0.30552452137484704,0.6927303427213737,
2,2,4.6000831455730054E-4,6.435874868133269E-6,0.9995335558105745,
2,2,2.1660748667604473E-5,0.0014481016098741263,0.9985302376414583,
2,2,0.26825759537811794,6.783184614982108E-5,0.7316745727757323,
2,2,3.700731297408589E-4,0.3534816054730687,0.6461483213971905,
2,2,0.010059935286847628,0.0024033064951102883,0.987536758218042,
2,2,1.2290306341793134E-7,3.7704249060461792E-6,0.9999961066720306,
2,2,0.18706108428638302,0.024334976908065978,0.788603938805551,
2,2,5.323674438859714E-9,4.189482481344504E-10,0.9999999942573772,
2,2,3.763497177101093E-4,1.22949208150647E-9,0.9996236490527979,
2,0,0.9997011708886981,9.34908285699094E-7,2.978942030162351E-4,
2,2,3.5656834754702514E-5,0.016966922198356427,0.9829974209668889,
2,2,0.003181713153600686,3.0989950094992427E-4,0.9965083873454493,
2,2,0.00165635908808896,4.1858638215834E-5,0.9983017822736953,
2,2,1.3090876554169468E-4,4.634654171912162E-8,0.9998690448879165,
2,2,3.607318690908759E-5,8.466139222442147E-5,0.9998792654208666,
2,2,2.1352133001639558E-4,4.018607738992668E-6,0.9997824600622446,
2,2,1.0561830381780882E-5,1.8775530491888325E-4,0.9998016828646994,
2,2,8.186627756382566E-6,3.425268903627814E-9,0.9999918099469748,
2,2,0.009133833480035883,2.363646373342338E-4,0.99062980188263,
2,2,1.082349685757784E-5,4.8008799480838314E-5,0.9999411677036616,
2,2,8.490479206911833E-5,7.261543310708621E-8,0.9999150225924979,
2,0,0.9989938241433695,1.845458108145685E-5,9.87721275549038E-4,
2,2,0.015811613780608913,0.0026381436135053714,0.9815502426058857,
2,2,1.0002693893549269E-4,7.202000425313073E-9,0.999899965859064,
2,2,5.470478099572095E-7,0.00853961572319436,0.9914598372289957,
2,2,4.859040368901951E-7,1.346474848738675E-4,0.9998648666110893,
2,2,2.164570012478239E-4,1.4172280859390932E-7,0.9997834012759436,
2,2,0.001832499580930258,1.100878078409537E-6,0.9981663995409913,
2,2,0.06193634833605592,3.767302761362711E-6,0.9380598843611827,
2,2,0.005415814729900253,0.002164574997833934,0.9924196102722658,
2,2,0.004044640666801932,2.648245138825094E-6,0.9959527110880593,
2,1,2.677550731365419E-6,0.9992726610621021,7.24661387166547E-4,
2,1,0.03510547259897335,0.6211387725964365,0.34375575480459014,
2,0,0.6519046788959187,1.9615461384444157E-5,0.34807570564269685,
2,1,0.03289875870885971,0.9607337793220561,0.006367461969084162,
2,2,0.22449483709217707,0.020228893204398118,0.7552762697034248,
2,2,1.0959360784622213E-4,0.13547990770032692,0.8644104986918268,
2,2,3.503463753807739E-5,9.773628152245546E-8,0.9999648676261805,
2,2,0.45714007270299645,0.002369475177576981,0.5404904521194265,
2,0,0.643945926131608,0.005482922084246574,0.35057115178414544,
2,2,0.05832389930091944,0.005144534181584995,0.9365315665174956,
2,2,1.8118772956799686E-7,5.360166818828892E-9,0.9999998134521036,
2,0,0.6207370237975386,0.06343165293663408,0.31583132326582736,
2,2,6.002568143421393E-5,2.0789391377132237E-4,0.9997320804047946,
2,2,0.00677667698569126,3.285708942686743E-7,0.9932229944434143,
2,2,3.454918821506629E-4,1.4831091132849247E-6,0.9996530250087362,
2,2,5.666283032869213E-5,8.12355272051691E-5,0.999862101642466,
2,2,1.21251193268272E-7,2.0983920811975174E-5,0.9999788948279948,
2,2,2.6174304290231556E-6,0.017427717916057975,0.9825696646535129,
2,2,0.07655336445018997,7.201686491793077E-5,0.923374618684892,
2,2,1.7630077016850552E-4,4.903039374476012E-9,0.9998236943267921,
2,2,0.16602205992927713,0.23617136444640194,0.5978065756243209,
2,0,0.9615609314970308,0.03703119316833061,0.0014078753346387614,
2,2,0.004151777271345911,2.0364963379487278E-7,0.9958480190790203,
2,0,0.9610947087769178,1.5553570526660561E-6,0.038903735866029486,
2,2,1.6919343364479276E-6,4.570144978135415E-7,0.9999978510511657,
2,2,1.4502952989880468E-4,2.011335161724979E-7,0.999854769336585,
2,2,0.016837292836136147,0.24686788400272053,0.7362948231611434,
2,2,1.7113747930310933E-5,0.028548894005291058,0.9714339922467785,
2,2,2.697408795420238E-4,1.091746720129787E-5,0.9997193416532567,
2,2,2.386225506593799E-5,1.8075171047258194E-5,0.9999580625738868,
2,2,2.0884232916787903E-5,9.80237009914082E-5,0.9998810920660918,
2,0,0.6345488795311147,0.05728800873803301,0.3081631117308522,
2,2,3.919126157651142E-4,0.3544308046034128,0.645177282780822,
2,0,0.9987639213246279,4.801254825948932E-7,0.001235598549889415,
2,2,0.04979584771608609,0.004232380481861191,0.9459717718020526,
2,2,6.586418275360738E-5,0.17276947739227333,0.8271646584249731,
2,2,3.507308720080493E-5,1.8514037198008914E-5,0.999946412875601,
2,2,7.200004446627263E-7,1.8060439105121396E-4,0.999818675608504,
2,1,0.0011199908678628317,0.7396797384690382,0.259200270663099,
2,2,0.026169269653349,2.940660243340755E-5,0.9738013237442176,
2,2,0.04820313409798565,1.996868519533767E-5,0.9517768972168189,
2,2,0.015606272538559155,2.2742848706703886E-7,0.9843935000329538,
2,2,0.13445172949663806,1.3356586409933592E-6,0.865546934844721,
2,2,4.182085431513788E-4,0.0010965558189310258,0.9984852356379176,
2,2,6.52283787768243E-7,6.972643830558375E-5,0.9999296212779067,
2,2,0.042847672695768634,0.08864864858473567,0.8685036787194957,
2,2,0.0013221607667990131,4.0350760115201364E-4,0.9982743316320489,
2,2,2.9520401148992325E-6,9.420063417465749E-7,0.9999961059535434,
2,2,6.513582093756114E-5,4.251180629893185E-8,0.9999348216672561,
2,1,0.005261200333308965,0.7474199635288782,0.24731883613781297,
2,1,0.013509920430922905,0.9862990209594953,1.9105860958183108E-4,
2,2,7.025723038172535E-5,6.424944810776829E-7,0.9999291002751372,
2,1,6.84218011291742E-4,0.7655343416571255,0.23378144033158274,
2,2,0.0011616152443169128,9.988928645780838E-6,0.9988283958270374,
2,0,0.5512245548625101,0.025552022933386993,0.42322342220410286,
2,2,4.159620492510013E-5,2.5454231381466677E-6,0.9999558583719368,
2,2,2.646157204587978E-7,3.5409825243651844E-8,0.9999996999744544,
2,2,4.7036078812556756E-5,6.876878069957416E-7,0.9999522762333805,
2,1,3.7092279106426954E-6,0.8793497728542927,0.12064651791779653,
2,2,0.15865828977525784,1.993644064033431E-5,0.8413217737841018,
2,2,8.16382852649704E-6,0.10725493479025719,0.8927369013812162,
2,2,4.744931745661026E-4,0.41126390808973246,0.5882615987357015,
2,2,0.001867639586780813,1.2862779418074814E-9,0.9981323591269412,
2,1,0.0014409257441321001,0.9374965560646813,0.06106251819118664,
2,2,2.4100068853194376E-5,0.03290826862157377,0.967067631309573,
2,1,4.25250851932044E-5,0.5510546541622051,0.4489028207526017,
2,0,0.9753194705951922,5.674908020749124E-5,0.024623780324600296,
2,2,2.4887866962046874E-6,1.7935291971223095E-5,0.9999795759213327,
2,2,8.545348356040303E-6,1.230600681053227E-8,0.9999914423456371,
2,1,5.210363942520859E-10,0.9999935359399164,6.463539047367848E-6,
2,2,7.872455272828304E-4,1.630987875445248E-6,0.9992111234848418,
2,2,1.3846737700012163E-5,6.524005487156739E-5,0.9999209132074285,
2,2,0.10852048900137547,4.4129843370053487E-4,0.8910382125649241,
2,2,1.297546490999648E-8,3.672605559811837E-8,0.9999999502984795,
2,2,0.020873877515755538,1.0786934770312638E-4,0.9790182531365414,
2,2,5.354811655497437E-4,0.0454680584429604,0.9539964603914898,
2,2,1.2150317449478267E-5,0.0027456719631688666,0.9972421777193817,
2,2,4.573188826190998E-4,0.1302597312971222,0.8692829498202588,
2,0,0.8009011492594501,0.02070345020493963,0.17839540053561034,
2,2,0.0015389249303244506,0.011023009554253999,0.9874380655154216,
2,0,0.649041105144976,7.059632380159289E-5,0.35088829853122233,
2,2,8.797668210899308E-5,0.05848186739355194,0.9414301559243391,
2,2,4.051366577539134E-4,0.04160609344232218,0.9579887698999239,
2,1,0.0014212287847204504,0.5025046212560048,0.49607414995927474,
2,2,1.9573380949367298E-4,4.992362692355054E-5,0.9997543425635828,
2,0,0.5442938300898893,4.3492203817154706E-7,0.4557057349880724,
2,2,1.2722392469742648E-5,3.6523010969321842E-6,0.9999836253064333,
2,2,0.019743175231820318,0.00976105391204018,0.9704957708561395,
2,2,0.42801403268333027,0.06066876860337247,0.5113171987132973,
2,2,6.524022289904795E-5,1.4757277746202659E-5,0.9999200024993548,
2,2,4.666329303828019E-7,3.2472019698418306E-4,0.9996748131700854,
2,2,1.5113732280096851E-5,2.1143011344595945E-8,0.9999848651247085,
2,2,0.03621575225150486,0.2877454331020779,0.6760388146464172,
2,2,1.508061542109293E-7,4.027733351248641E-4,0.9995970758587209,
2,2,0.014276087554616077,2.0933728677905854E-5,0.9857029787167061,
2,2,1.6118429668951206E-5,0.0016541062217154824,0.9983297753486157,
2,0,0.5010626680215204,9.593832202758243E-4,0.4979779487582036,
2,2,0.009982117282790278,0.04172524633951295,0.9482926363776967,
2,2,4.355111019832315E-5,0.009654367243504021,0.9903020816462976,
2,2,9.010723503814428E-7,1.8773251433301813E-6,0.9999972216025063,
2,2,0.011093571951906795,6.565429581850566E-4,0.9882498850899081,
2,2,8.242555683710198E-5,9.359900541267687E-9,0.9999175650832623,
2,2,6.689874101851632E-6,0.0029232351171697884,0.9970700750087284,
2,2,2.8273189260376547E-8,3.011854481590744E-9,0.9999999687149562,
2,1,1.5650066965280045E-4,0.9336357290588877,0.06620777027145942,
2,1,0.003476978816705526,0.7654543230018769,0.23106869818141748,
2,2,5.131261854389322E-5,0.07358671073829642,0.9263619766431597,
2,2,2.034393369601358E-4,0.014370310454623636,0.9854262502084161,
2,0,0.9368262946838567,0.007805318300555991,0.0553683870155872,
2,0,0.5126391425448531,0.12801182822792037,0.35934902922722667,
2,2,2.503821383461199E-5,4.6613819785301745E-5,0.9999283479663801,
2,0,0.9868911064182407,1.2463526041788214E-7,0.013108768946498886,
2,1,0.0056320164086942895,0.9685068957500822,0.025861087841223613,
2,2,1.593300490997926E-4,5.773389155766529E-8,0.9998406122170086,
2,2,2.2612160946833092E-7,9.056195721489436E-7,0.9999988682588185,
2,0,0.9985322207704216,2.3821922910691034E-6,0.0014653970372875108,
2,2,0.18114636956443536,5.671295583302054E-7,0.8188530633060064,
2,1,1.0866177114560267E-7,0.6395547741960284,0.36044511714220057,
2,2,9.360550346757504E-7,3.4741037416670346E-4,0.9996516535707987,
2,2,0.0038898999621762172,4.446509727783897E-6,0.9961056535280961,
2,2,1.1953215376327956E-6,4.9178289397569255E-8,0.999998755500173,
2,2,1.4802399189675695E-5,9.06890132594808E-7,0.9999842907106777,
2,2,1.4518292849026617E-4,3.437161854731677E-6,0.9998513799096549,
2,2,4.72621572197937E-5,1.0726355658194185E-5,0.999942011487122,
2,2,0.013956772942046383,0.27625323608682417,0.7097899909711294,
2,2,1.1493976465505574E-4,8.380010379860225E-10,0.9998850593973438,
2,2,0.012271148404183982,0.028256337295614116,0.9594725143002019,
2,2,7.060976611405149E-5,1.5520641124924802E-7,0.9999292350274747,
2,2,2.7227550360199483E-5,9.483773436967431E-4,0.9990243951059431,
2,2,1.479035430562548E-4,5.908911294523756E-10,0.9998520958660527,
2,2,1.4331128634561584E-5,0.002218003701792277,0.9977676651695732,
2,2,3.73862345416278E-5,0.0038603940256284673,0.9961022197398298,
2,2,0.13440757704970546,0.037647156836486124,0.8279452661138085,
2,2,0.0679957354979713,3.5050474266302706E-6,0.9320007594546021,
2,2,2.100001848907237E-5,2.79655265230718E-9,0.9999789971849583,
2,1,0.11210044801996209,0.8781420526587163,0.009757499321321585,
2,2,0.002285976420108669,0.19415267997452798,0.8035613436053634,
2,2,3.672075495567322E-6,1.0257035563674363E-4,0.9998937575688677,
2,2,5.961769912792955E-7,5.63929431478152E-4,0.9994354743915306,
2,0,0.983317211337747,1.744749554593087E-6,0.0166810439126984,
2,2,2.4045991334264624E-7,5.947646811720954E-7,0.9999991647754055,
2,2,0.11885524318513743,0.0019726684868785244,0.8791720883279841,
2,2,2.7621083568939073E-5,6.920558331397205E-5,0.9999031733331172,
2,2,3.3015608893163887E-4,5.290539685368042E-5,0.9996169385142147,
2,2,5.695784766920222E-8,1.3500097280266848E-6,0.9999985930324242,
2,2,1.6216585346358548E-4,1.920273204037626E-7,0.999837642119216,
2,2,3.959966301209843E-5,3.996770162100279E-7,0.9999600006599718,
2,0,0.9913411877805333,1.4624126998597645E-6,0.008657349806767042,
2,2,4.935093717418957E-8,4.0310686990074136E-8,0.9999999103383759,
2,2,0.0020389313610144383,5.797227428850297E-6,0.9979552714115567,
2,2,0.00365648391777016,8.855714183387302E-6,0.9963346603680465,
2,2,0.00412607069717966,2.919172601041262E-7,0.9958736373855603,
2,2,0.007110167213488722,2.8378246112229424E-8,0.9928898044082652,
2,2,0.0937602560762366,1.0091502955091751E-7,0.9062396430087338,
2,2,2.667323686234836E-6,3.642560327845874E-5,0.9999609070730354,
2,2,1.791456674620036E-4,3.6374297956196362E-6,0.9998172169027423,
2,2,6.197057751015207E-8,1.6641210285190658E-4,0.9998335259265705,
2,2,0.0015765637357920935,3.418906284786024E-6,0.9984200173579231,
2,2,4.6131296778648064E-7,0.0032977438243628377,0.9967017948626693,
2,1,0.10552961027722835,0.8936130676994009,8.573220233708451E-4,
2,2,0.0029181809563772663,0.05184910700275222,0.9452327120408704,
2,2,2.301580700757175E-4,0.007148605045421863,0.9926212368845023,
2,2,0.013439077976941789,3.590074494514882E-4,0.9862019145736066,
2,2,0.019690340676732695,0.012382483662815915,0.9679271756604515,
2,2,7.452437207259994E-5,0.0537398282816881,0.9461856473462393,
2,1,2.1643176078569709E-7,0.9774281873698191,0.022571596198419988,
2,2,0.02837560238552832,9.919085814754302E-5,0.9715252067563241,
2,0,0.5921710122374592,1.6390296565414617E-7,0.4078288238595751,
2,0,0.8339848062296945,0.020717042792102024,0.14529815097820356,
2,2,3.862316091874454E-5,0.0012235272592518135,0.9987378495798295,
2,2,0.006406789919359588,5.672169378331469E-6,0.9935875379112621,
2,2,3.184676225279152E-4,0.05764365377542135,0.9420378786020507,
2,0,0.8185193948585463,3.030715269637759E-7,0.18148030206992677,
2,2,0.06819452144168985,0.006507338776174299,0.9252981397821359,
2,2,0.0013251215467916621,1.0786070194066412E-7,0.9986747705925064,
2,2,4.6915353745033286E-7,5.136260316141976E-5,0.9999481682433011,
2,1,3.1381701132104604E-6,0.8803005192740874,0.11969634255579947,
2,2,0.2723326255763959,5.361043319293441E-6,0.7276620133802847,
2,1,7.378522376565661E-7,0.9768927432601864,0.023106518887575922,
2,2,4.7843457291939154E-5,1.9391222228854443E-5,0.9999327653204791,
2,2,0.046496051937635265,2.5060376064814045E-9,0.953503945556327,
2,2,8.122865263271975E-4,1.0296982741338733E-5,0.9991774164909315,
2,2,0.001651513118894491,1.782401129593104E-8,0.9983484690570942,
2,2,5.75795515932985E-4,3.544645342051507E-6,0.9994206598387249,
2,0,0.3791473597691942,0.340232507605702,0.2806201326251037,
2,0,0.9463125450880576,5.489118671333823E-8,0.05368740002075565,
2,0,0.9930832992822671,5.801128561056154E-10,0.0069167001376202325,
2,2,0.0013880618521618056,0.03245472658575943,0.9661572115620789,
2,2,1.1221978122353956E-8,4.556957838393814E-6,0.9999954318201835,
2,2,1.3109520845270722E-8,3.2199273316233735E-5,0.9999677876171629,
2,2,1.406195392597805E-6,3.797669463223527E-8,0.9999985558279127,
2,2,9.635073989541411E-5,3.3408638440750706E-4,0.9995695628756972,
2,2,6.760005156596314E-4,0.06694537027186427,0.9323786292124762,
2,2,1.6724987792665403E-5,7.62612353627706E-7,0.9999825123998537,
2,2,0.14587116512429915,6.513626487665032E-7,0.854128183513052,
2,2,0.02083220599325483,0.0038377584236876346,0.9753300355830576,
2,1,3.3828629611891463E-6,0.8756006274146785,0.12439598972236049,
2,0,0.824221018971169,0.041035961148650324,0.13474301988018061,
2,2,1.0276386440223365E-5,4.567519213829676E-4,0.9995329716921768,
2,2,0.10867523864752449,3.224078662600633E-5,0.8912925205658495,
2,2,1.2892822076577592E-7,2.9525284480831876E-5,0.9999703457872985,
2,0,0.723485634308037,2.1095140886249206E-4,0.27630341428310057,
2,2,0.2095150401284298,1.9900023133139487E-5,0.7904650598484371,
2,2,1.3039559702297468E-4,4.1475041559616797E-4,0.9994548539873808,
2,2,0.0011452481036285408,1.6169275829051704E-5,0.9988385826205425,
2,2,7.288884586890333E-7,7.677229094958295E-6,0.9999915938824463,
2,0,0.7276383856755102,5.111675617404737E-4,0.2718504467627494,
2,2,3.3410691294327423E-4,3.4876064794023516E-8,0.9996658582109919,
2,0,0.9978464658711174,7.893752990844892E-8,0.0021534551913527673,
2,2,1.6794598490588582E-4,0.2509044187304163,0.7489276352846779,
2,2,0.06920603890661976,1.4257456477894163E-5,0.9307797036369023,
2,0,0.8656202738020042,5.480195210657235E-4,0.1338317066769301,
2,2,8.404992728199473E-4,8.841970250396634E-4,0.9982753037021405,
2,2,5.833692699505214E-4,0.03342196362884503,0.9659946671012044,
2,2,0.028180886289271175,2.519027315917153E-9,0.9718191111917015,
2,2,5.6491860491562355E-5,3.06226432993852E-4,0.9996372817065147,
2,0,0.9997097457526932,2.1744179322787417E-4,7.28124540789395E-5,
2,2,0.07345075724598236,3.026557428313481E-4,0.9262465870111863,
2,2,0.0055505063931694295,1.9063423605582296E-5,0.994430430183225,
2,2,3.573590333133544E-9,8.395410452806103E-4,0.999160455381129,
2,0,0.6929427920048278,0.00215761533682687,0.3048995926583454,
2,2,1.1290204558667309E-7,4.3921349079637954E-4,0.999560673607158,
2,2,1.9151224988810785E-5,3.7680990008921965E-6,0.9999770806760103,
2,2,6.86944464742709E-9,0.0010438341442636269,0.9989561589862916,
2,2,0.0011822370766315874,1.976600762702029E-6,0.9988157863226057,
2,0,0.5813354295840109,5.332347714043456E-6,0.4186592380682751,
2,2,6.357421980704227E-6,5.396798406226026E-8,0.9999935886100353,
2,2,0.08657110077799907,3.8289282483598706E-5,0.9133906099395174,
2,2,1.7119383924487526E-6,7.445769095775071E-9,0.9999982806158385,
2,2,0.017055028267937658,1.98232995775512E-6,0.9829429894021046,
2,2,0.04648628927560758,0.30788662856609206,0.6456270821583004,
2,2,0.0011461641043083225,9.151593584959148E-9,0.9988538267440982,
2,0,0.991602703471722,1.2277271765292726E-4,0.008274523810625213,
2,2,1.3209067375220622E-4,3.2156092741275456E-5,0.9998357532335064,
2,2,9.150116584614482E-8,4.953357486107936E-4,0.9995045727502234,
2,2,9.089608054726454E-4,0.2310188528862925,0.7680721863082348,
2,2,5.960214865306114E-5,0.0012462359455011288,0.9986941619058457,
2,0,0.7732389656978295,4.231492946546454E-7,0.2267606111528757,
2,2,0.0023710605246490737,0.005057425526792875,0.992571513948558,
2,2,0.45123002328017303,8.336558463304709E-10,0.5487699758861713,
2,2,0.01606261778403592,3.1742378130412204E-4,0.98361995843466,
2,2,0.010432791011623869,4.271398891276805E-6,0.9895629375894849,
2,2,2.045308122664473E-6,7.012372454628198E-6,0.9999909423194226,
2,2,8.55855325881754E-8,6.156136964436228E-7,0.999999298800771,
2,0,0.9665785576789782,7.725027279641753E-5,0.033344192048225405,
2,2,0.32856134128726905,1.0033497624677897E-6,0.6714376553629685,
2,2,2.6018412497391554E-5,2.64309991666717E-6,0.999971338487586,
2,2,2.8063186338681268E-8,1.3745426992456317E-8,0.9999999581913868,
2,2,0.008479374257397717,1.0781250245209334E-8,0.991520614961352,
2,2,1.2435439895090723E-5,4.2213944531435615E-7,0.9999871424206596,
2,2,0.06345282073806191,6.2988974753295596E-6,0.9365408803644627,
2,2,0.0011913537949754778,0.11601121401390597,0.8827974321911185,
2,2,0.4071746580350699,5.777554655782408E-5,0.5927675664183721,
2,2,0.03583540714488362,3.4659835675217087E-4,0.9638179944983642,
2,2,1.1909090581600137E-7,1.7874777807336149E-9,0.9999998791216165,
2,2,0.07708727489164924,1.5995946264524622E-6,0.9229111255137245,
2,2,2.374016618474388E-6,3.1782842283074804E-4,0.9996797975605507,
2,2,0.019576141656132105,1.4708358744763543E-6,0.9804223875079934,
2,2,1.9711597593456065E-5,0.0020905790185690287,0.9978897093838375,
2,2,0.013210537832739452,2.2995717457693587E-7,0.986789232210086,
2,2,9.207571424649409E-4,1.0111697896968441E-9,0.9990792418463652,
2,2,0.38156173660252973,2.3772321129722983E-9,0.6184382610202381,
2,2,2.7272487427588954E-4,0.4580690356113953,0.5416582395143289,
2,2,6.108267058789521E-6,1.4797763541619512E-5,0.9999790939693995,
2,2,4.981122750590989E-5,4.262281855587208E-7,0.9999497625443085,
2,2,1.1217915165227662E-5,0.007512918528164322,0.9924758635566705,
2,1,7.881507624114584E-7,0.9981097865144659,0.0018894253347716211,
2,1,5.460499948454328E-6,0.9999461172867601,4.842221329151434E-5,
2,0,0.9778136379983402,1.2707976932637894E-4,0.02205928223233336,
2,1,2.747694600638511E-8,0.9988126733539185,0.001187299169135517,
2,2,4.348101739610866E-6,0.029160271322359276,0.9708353805759011,
2,2,2.4251777925353004E-8,2.727435995726075E-7,0.9999997030046224,
2,1,1.0068251519311557E-5,0.9131585209495983,0.08683141079888249,
2,2,4.497416575273495E-6,2.4818168409557163E-4,0.9997473208993293,
2,2,9.608317653724409E-4,0.002236643346842181,0.9968025248877854,
2,2,2.6290930267708847E-5,1.9330890820385476E-4,0.9997804001615285,
2,0,0.9436006399066852,0.001415375742789484,0.05498398435052538,
2,0,0.8830422938633822,0.0056873173401203085,0.11127038879649755,
2,2,7.325974814202076E-4,0.003388622108393953,0.9958787804101857,
2,2,0.3268240653681005,4.309990106206227E-6,0.6731716246417933,
2,2,1.1129266573904184E-5,2.0263115581561805E-4,0.9997862395776104,
2,2,8.664991607617022E-5,4.307787929354341E-9,0.9999133457761359,
2,2,0.08862661905197203,5.391921989953597E-5,0.9113194617281285,
2,2,4.438408116586389E-7,2.97686634886722E-6,0.9999965792928396,
2,2,0.0011295863107281794,3.1544019786020066E-5,0.9988388696694858,
2,2,0.13223096940379211,3.991736243325828E-6,0.8677650388599645,
2,2,4.334084205279548E-5,0.003199319165713855,0.9967573399922334,
2,0,0.9996540644112257,9.629361306284322E-5,2.496419757115094E-4,
2,2,1.0575616530651847E-5,0.05095700072559344,0.9490324236578759,
2,2,0.011482938733659366,5.459018766862531E-7,0.9885165153644639,
2,2,2.0949684677294954E-5,0.021328349727306465,0.9786507005880163,
2,2,8.398756049961071E-5,0.023665745613446747,0.9762502668260535,
2,2,4.143307123452311E-5,0.009023998938284454,0.990934567990481,
2,1,0.03330964387330044,0.6805108187172345,0.28617953740946506,
2,2,2.2481705991836996E-5,4.67360692502068E-5,0.999930782224758,
2,2,0.003031510402218536,0.004367522106193768,0.9926009674915878,
2,0,0.9943159421887833,2.789415842781817E-4,0.005405116226938678,
2,2,0.004580209376685351,1.0252629760524029E-7,0.9954196880970171,
2,2,2.133705846283672E-8,6.471135174337644E-7,0.9999993315494241,
2,2,3.78514254935821E-4,1.6248697217427645E-9,0.9996214841201944,
2,2,5.219894200324523E-8,1.9010122788885454E-4,0.9998098465731692,
2,0,0.6059583268106999,0.020197201849737268,0.37384447133956267,
2,2,1.8650860553744708E-5,0.0015007261190895414,0.9984806230203568,
2,2,3.886929571759314E-4,0.012377474970386888,0.9872338320724371,
2,2,7.554063022514622E-6,3.439810376735742E-5,0.9999580478332102,
2,2,0.02253590655247955,4.06666844683901E-4,0.9770574266028367,
2,2,0.0017898125681902863,3.2430911536662576E-4,0.997885878316443,
2,2,0.20241213463579127,1.226303422739506E-6,0.7975866390607861,
2,2,0.0018237811397067117,2.9297305222409664E-5,0.9981469215550709,
2,2,0.1303890714992225,6.185968593871894E-4,0.8689923316413902,
2,2,0.007618641509124973,0.004098911882515646,0.9882824466083594,
2,2,6.998139408367848E-5,3.7097748039704047E-7,0.999929647628436,
2,0,0.9787130907753508,0.011308547380095553,0.009978361844553661,
2,2,0.07050274316930177,1.1117361360191825E-4,0.9293860832170964,
2,2,1.7427324765500152E-5,8.739110458218799E-7,0.9999816987641887,
2,1,0.13640224730133893,0.7330809509328948,0.13051680176576624,
2,2,2.5960062794716527E-6,5.982580846891562E-4,0.9993991459090313,
2,2,1.8188481679575524E-4,8.948567334274717E-8,0.999818025697531,
2,2,8.918476808457251E-5,6.192800363279592E-5,0.9998488872282826,
2,2,3.0249816830248017E-5,1.288648872265899E-4,0.9998408852959432,
2,0,0.9926916726623382,0.003866246488837387,0.003442080848824379,
2,2,1.4861562683156545E-6,1.8320950675236315E-6,0.9999966817486642,
2,2,2.2994364412058324E-4,2.3363357549501752E-4,0.9995364227803843,
2,2,0.13822711894190007,0.0035639887655967628,0.8582088922925032,
2,2,0.16793569183715032,3.792736692413494E-4,0.8316850344936083,
2,2,1.3155880854250595E-7,1.5300971997190674E-5,0.9999845674691944,
2,2,0.00194950528992128,0.010863996263259668,0.9871864984468192,
2,2,0.0038090109714709487,4.992971102418812E-7,0.9961904897314188,
2,2,0.002382828490333115,0.010443039588917203,0.9871741319207498,
2,2,5.0561232272306965E-6,6.467028979432271E-8,0.9999948792064831,
2,2,1.2336015475815413E-5,4.654843021830351E-4,0.9995221796823411,
2,0,0.6388413026551067,0.02330415286902165,0.33785454447587154,
2,2,8.580135693181955E-6,1.5503332296409834E-5,0.9999759165320103,
2,2,5.811237004537513E-4,0.10255827508567693,0.8968606012138692,
2,2,0.05447291102154197,2.4542669496804065E-10,0.9455270887330313,
2,2,0.0014345719899386063,0.1805079243176754,0.8180575036923861,
2,2,2.140459185464513E-5,1.1843217178356507E-6,0.9999774110864275,
2,2,1.7192262622359722E-5,3.555430504291249E-5,0.9999472534323347,
2,0,0.9578207202173489,5.1934925617022984E-8,0.042179227847725646,
2,2,0.09893153059700474,9.279073742453459E-5,0.9009756786655707,
2,2,9.842464403915085E-5,1.3284652728969658E-5,0.9998882907032318,
2,2,8.941554891108793E-7,1.8841272610551793E-6,0.9999972217172498,
2,2,1.2149147638754944E-7,0.0013890388597973297,0.9986108396487262,
2,1,0.004052490116457516,0.910306008917515,0.08564150096602755,
2,2,1.694783953143561E-4,7.67414581606723E-6,0.9998228474588696,
2,2,2.0180873290914292E-7,0.0010501234179450033,0.9989496747733221,
2,2,1.0767853038703752E-4,2.672683367454374E-6,0.9998896487862455,
2,2,0.04861971913786078,3.842672862980296E-7,0.9513798965948529,
2,2,0.001500397270902336,0.1555702396238387,0.842929363105259,
2,2,8.014763783958519E-6,1.4242564919512598E-6,0.999990560979724,
2,2,0.0024974875419270636,1.4350688849449358E-6,0.997501077389188,
2,1,5.6805601458442666E-6,0.9996090379128886,3.852815269655348E-4,
2,2,0.0014555714082059897,2.2595590194963122E-5,0.9985218330015989,
2,2,4.142288970815096E-8,2.135835409821308E-6,0.9999978227417003,
2,2,8.122501004255119E-6,5.168587638161046E-8,0.9999918258131193,
2,2,3.350928513782674E-4,1.1757049176139508E-6,0.999663731443704,
2,2,0.0017736543620685634,6.360612926152744E-5,0.99816273950867,
2,2,7.821729041841959E-7,8.93374389982731E-8,0.9999991284896569,
2,2,0.2740774860735757,0.07839688703922315,0.6475256268872011,
2,1,8.038476477255034E-5,0.9931589500550193,0.006760665180208028,
2,1,2.2905020010536927E-4,0.9903469582504193,0.009423991549475352,
2,1,2.402645786807887E-5,0.6742867316908647,0.3256892418512672,
2,0,0.8609091895379959,4.0352154312218763E-4,0.13868728891888185,
2,1,0.08058713757891561,0.6874607535074763,0.2319521089136082,
2,2,7.186594423657672E-4,4.654945235430325E-6,0.9992766856123988,
2,2,1.8029544252968786E-5,0.009251925287811094,0.990730045167936,
2,2,1.7496487769054222E-6,0.10200652981941372,0.8979917205318094,
2,2,0.06161339916370599,0.1877487282240888,0.7506378726122053,
2,2,1.2977431542154107E-7,3.3619328745084437E-9,0.9999998668637518,
2,2,0.02361197166148497,0.42449786314900734,0.5518901651895078,
2,1,2.301549185975795E-7,0.9429649026811859,0.0570348671638954,
2,1,5.839852117454422E-5,0.9510579862129992,0.04888361526582622,
2,2,0.3816008099650332,5.774677069351073E-7,0.6183986125672598,
2,2,2.3715631791605227E-4,0.0026168966470434657,0.9971459470350403,
2,2,0.044921887224516045,4.403447859869129E-5,0.9550340782968854,
2,0,0.9997672993046471,1.0193390716256618E-4,1.3076678819040798E-4,
2,2,0.06699068029347498,2.367783815066269E-5,0.9329856418683743,
2,2,0.0039027540780106917,2.7388336036264374E-7,0.9960969720386289,
2,2,1.50695120359972E-6,3.499170721122247E-6,0.9999949938780753,
2,2,0.10113565035218888,1.4684683709013586E-7,0.898864202800974,
2,0,0.9936142853990192,1.1943521681045947E-7,0.0063855951657640665,
2,2,1.7671312003725398E-7,9.290228837649929E-6,0.9999905330580423,
2,2,2.358610737664023E-7,3.4231576751754785E-6,0.999996340981251,
2,2,4.304997000699814E-7,1.2067371207225827E-9,0.9999995682935628,
2,2,8.688040225110373E-5,1.7004769420045409E-4,0.9997430719035484,
2,2,0.09601282068066797,0.15650987394651011,0.747477305372822,
2,2,0.010863206743758356,0.1902416139010333,0.7988951793552083,
2,2,6.380343520297522E-8,1.3712685247326253E-4,0.9998628093440916,
2,2,9.995168023338217E-7,2.2087073203403795E-4,0.9997781297511638,
2,2,6.3335632490903E-5,0.0019407857218374553,0.9979958786456716,
2,2,9.790496625491178E-4,1.882587223229611E-5,0.9990021244652186,
2,2,0.006076354645314848,0.09333466924588567,0.9005889761087994,
2,2,5.6828154500127134E-5,2.0466074785168555E-11,0.9999431718250338,
2,2,2.187098129639527E-6,9.922210297800032E-7,0.9999968206808405,
2,2,0.31186526659919594,0.012750261749386852,0.6753844716514172,
2,2,5.285907407696712E-7,0.005788557473043007,0.9942109139362162,
2,2,1.1934949840119924E-5,1.1902638549726677E-8,0.9999880531475214,
2,1,0.30994871229581905,0.6632235418599273,0.026827745844253636,
2,2,5.573673951591482E-7,1.9687675140385607E-5,0.9999797549574644,
2,2,1.0602183274919786E-5,4.2065623622114294E-5,0.9999473321931031,
2,2,3.9020202546366755E-9,1.333047921187887E-5,0.9999866656187678,
2,0,0.998650934445656,3.963477616987324E-5,0.0013094307781742523,
2,2,0.027191016333212057,0.29594195026781295,0.676867033398975,
2,1,2.2017195784194893E-5,0.5415227154819724,0.45845526732224334,
2,2,1.548280081898608E-7,0.011306666002667807,0.9886931791693239,
2,2,7.771378678615578E-8,7.055541211799013E-9,0.9999999152306721,
2,2,0.031621415334844735,9.625825300093313E-4,0.967416002135146,
2,2,3.994030718386647E-7,0.003994419406273512,0.9960051811906545,
2,1,3.293319716110639E-5,0.5201667106097578,0.4798003561930812,
2,2,3.686912877423236E-6,0.010750934496625049,0.9892453785904977,
2,0,0.9218596614197686,1.1073013083355084E-4,0.0780296084493979,
2,2,5.157564626216735E-6,1.1466876063515226E-7,0.9999947277666131,
2,1,2.905052428255307E-4,0.9415149665480673,0.05819452820910719,
2,2,0.020218830093340148,0.034983365060877465,0.9447978048457822,
2,2,3.537147978377094E-6,4.419356805298865E-7,0.9999960209163411,
2,2,4.0563297071069526E-4,6.258593198368698E-4,0.9989685077094524,
2,2,1.6372596285236493E-4,7.54382046087222E-4,0.9990818919910605,
2,2,0.42843899376599054,1.079466827270846E-4,0.5714530595512823,
2,2,0.008299779552039609,0.01983152445624202,0.9718686959917183,
2,0,0.9989761643080073,1.7101393300578E-8,0.0010238185905993974,
2,2,2.3066686774098205E-5,0.3614598026160437,0.6385171306971821,
2,2,0.25541641897057893,0.0021309336513444604,0.7424526473780766,
2,2,3.7374931321635796E-7,0.0028677090525919516,0.9971319171980949,
2,2,1.994510354066206E-5,4.5263935513602094E-7,0.9999796022571042,
2,2,9.770275081798844E-5,2.3214702802287136E-7,0.9999020651021541,
2,0,0.8844316607872087,0.015685716467205072,0.09988262274558629,
2,2,0.04457579737151438,0.1230028194683778,0.8324213831601079,
2,2,2.55898011650056E-4,6.197317389833181E-4,0.9991243702493665,
2,2,0.015745630785396883,2.226314445970088E-6,0.9842521429001572,
2,2,2.777807033712947E-6,5.388082043182527E-7,0.9999966833847619,
2,0,0.9517969562435291,0.003766881894822081,0.04443616186164886,
2,2,0.1748362507935299,0.023223461703360992,0.8019402875031091,
2,2,2.995241087286365E-4,3.4657115838093743E-4,0.9993539047328904,
2,2,1.1256360377493677E-5,0.0500008614326226,0.9499878822069998,
2,2,0.08869444375405254,4.558462695729182E-4,0.9108497099763745,
2,2,2.293314034864051E-5,6.609688473815635E-5,0.9999109699749132,
2,2,1.6659236410774293E-5,4.901297327909564E-5,0.9999343277903102,
2,2,0.011113100870941747,5.683323783303402E-7,0.98888633079668,
2,2,0.03302759078410824,5.7022534455215224E-6,0.9669667069624464,
2,0,0.9988469198909651,1.3348793521006844E-4,0.0010195921738248386,
2,2,1.7045316463512E-5,5.541364637896113E-7,0.9999824005470728,
2,2,0.009168260840372783,0.01887590553342721,0.9719558336262,
2,2,2.6581408814173356E-5,8.071178845303085E-8,0.9999733378793975,
2,2,2.0220686964316678E-8,6.329922104661536E-5,0.9999366805582663,
2,2,0.012526155227388827,1.0336237026933089E-5,0.9874635085355843,
2,2,5.18882554831629E-4,6.605071898106948E-7,0.9994804569379787,
2,2,0.0011294543864167692,1.6845293090841153E-5,0.9988537003204924,
2,2,1.839733659223192E-7,5.534900963004785E-9,0.999999810491733,
2,2,6.836232149381396E-5,0.00844291554415864,0.9914887221343476,
2,2,3.671959908424461E-5,0.011382172462950127,0.9885811079379656,
2,2,7.162760368501025E-6,0.07044807650786983,0.9295447607317616,
2,2,4.3337514573067303E-4,4.7791631364910034E-4,0.9990887085406203,
2,2,2.897425566971027E-4,5.311502720849732E-5,0.9996571424160943,
2,1,0.003644343775997651,0.8993587735360823,0.0969968826879201,
2,2,8.136478108596926E-6,3.624277264527269E-4,0.9996294357954386,
2,2,0.1041390218195273,0.06700407453755458,0.8288569036429181,
2,2,0.481979916020341,5.422060674014407E-5,0.5179658633729188,
2,2,6.927967283421008E-7,1.8036571728169354E-6,0.9999975035460988,
2,0,0.9772777510413069,1.5204658532202672E-7,0.022722096912107793,
2,2,6.283556791219845E-6,2.8901006380276166E-4,0.999704706379406,
2,0,0.6870586638615283,7.017929612519444E-11,0.31294133606829244,
2,2,3.968860699912007E-5,8.858799538295645E-7,0.9999594255130472,
2,2,0.052060918761541904,1.2687980103446246E-9,0.94793907996966,
2,2,7.974094995693939E-7,1.80249487913666E-4,0.9998189531025867,
2,2,0.0010632471136054382,0.0013407259117205292,0.9975960269746741,
2,2,0.012431683367396808,0.43089003677146964,0.5566782798611336,
2,2,7.643410972632805E-8,7.024236359817575E-11,0.9999999234956479,
2,2,6.620106883637473E-4,3.5743846545180636E-8,0.9993379535677898,
2,2,3.1929496380316095E-4,0.42305119288381415,0.5766295121523827,
2,2,0.19735894719404729,0.06042095957312043,0.7422200932328323,
2,2,0.0035893478075407653,1.4184499236048306E-4,0.9962688072000988,
2,2,5.374434307042057E-9,1.1050976051699656E-7,0.9999998841158052,
2,2,2.266800509686157E-6,4.379493488628648E-6,0.9999933537060017,
2,2,0.013418414816343767,1.7549669148574768E-6,0.9865798302167413,
2,2,3.119828382857832E-5,2.0225573830414152E-8,0.9999687814905975,
2,2,1.1163111376117011E-5,2.5289563524196886E-6,0.9999863079322714,
2,0,0.6779280147661944,0.012408849523023527,0.30966313571078213,
2,2,0.001587849615344058,0.47921993596160856,0.5191922144230473,
2,2,2.5408120420138763E-5,4.491262957558474E-6,0.9999701006166223,
2,0,0.8840336198132147,0.013627970476310453,0.10233840971047482,
2,2,3.5599297110869125E-4,3.1527041437545326E-4,0.9993287366145159,
2,2,1.1712387465386377E-5,0.00127290931835089,0.9987153782941839,
2,2,0.0019210802574819096,5.792942402554114E-7,0.9980783404482778,
2,2,4.659042447355552E-7,0.011132768962502336,0.988866765133253,
2,0,0.6469931131034247,3.2166561260031873E-7,0.35300656523096274,
2,2,6.605889032999235E-6,8.718792060711459E-5,0.99990620619036,
2,2,1.5500679903272894E-4,6.0206280894719E-6,0.9998389725728779,
2,2,4.7963291541990746E-5,3.4103807084189517E-4,0.999610998637616,
2,2,0.001540056313517342,4.156353369413578E-7,0.9984595280511458,
2,2,2.815518043645659E-4,1.8775232146674023E-4,0.9995306958741688,
2,2,1.801159281419104E-5,7.094753200989471E-5,0.9999110408751759,
2,2,0.02585960095998307,3.822418882159076E-8,0.9741403608158281,
2,2,3.6575910543836317E-6,8.46202373158084E-6,0.9999878803852141,
2,2,4.0797151075029994E-6,0.010132837665139933,0.9898630826197525,
2,2,3.2408866628154126E-6,3.428529209197029E-5,0.9999624738212453,
2,2,3.101611920928688E-4,9.381174115750963E-5,0.9995960270667497,
2,2,3.289559875853541E-5,1.702914081514682E-7,0.9999669341098333,
2,2,1.063232566815967E-6,1.092370372590177E-8,0.9999989258437295,
2,2,2.4843529802372975E-6,9.627916112175773E-5,0.999901236485898,
2,2,0.009844578434375202,0.007096367570196556,0.9830590539954283,
