5,5,0.006284683424367247,4.329092503983067E-7,4.120602739085276E-12,3.47548583457632E-7,4.852263767350583E-9,0.9937145312117605,4.965422815637507E-11,
5,4,1.4989039173137514E-4,1.0733560161123477E-5,5.928533272394575E-18,2.830875686765514E-25,0.9998393759613555,4.496720012447607E-12,8.225528403504607E-11,
5,1,0.003811785529350892,0.9344093291882856,1.5736698209738646E-9,9.78463652854432E-11,0.02311622909509037,0.038660478683046624,2.1758327103880413E-6,
5,1,0.04340106201172226,0.9140723883070361,1.1941941687438923E-8,6.747397311727182E-15,0.009963461699864621,0.032563000083443434,7.595598532554158E-8,
5,4,0.002245827567783296,1.5821316782267634E-7,4.2867717498228454E-20,6.8683877931749465E-18,0.9977017919026906,5.213684016668769E-5,8.54761915668437E-8,
5,5,0.04641215180610294,0.04144963371125933,2.7183259650958162E-14,2.073531698058359E-10,0.004126162829930294,0.9080118615967977,1.8984852951105956E-7,
5,4,9.001846820600662E-5,8.113920061362168E-8,4.57073604520392E-16,1.0201237069826368E-18,0.9999077045847287,2.186939356720163E-6,8.868507583675404E-9,
5,4,0.0918997193769877,2.1921400158453555E-4,2.2067640038751524E-18,1.9682404239038468E-25,0.9078810644259186,1.1088964579673305E-9,1.0866126483803868E-9,
5,5,0.0025703756052701887,4.449785475627186E-4,3.0076786300984965E-12,3.265487642490666E-9,1.1489703963159739E-5,0.996973121772076,3.11026325145322E-8,
5,5,2.6930536419903334E-5,4.770046131251374E-11,1.3941915476424546E-13,4.838343144610815E-13,1.5449290994668084E-11,0.9999730471944233,2.2205383833212432E-8,
5,5,0.01608512547811098,3.4071651148811473E-10,1.1060426819125324E-15,2.6444212296106875E-15,5.829229009058425E-9,0.9839148683191602,3.2779730100470334E-11,
5,5,2.3033499088686218E-4,3.0233499228256274E-10,5.91963608339435E-15,1.2464993233959441E-12,2.8138031416140743E-11,0.999769664653018,2.436981081120514E-11,
5,4,0.06839713134409887,5.167815664019752E-7,1.755635965887333E-14,4.540538530752002E-17,0.9085428784396389,0.02305946135522806,1.2079450387752211E-8,
5,5,0.06359161461430403,2.341707469665621E-6,1.3291237341299878E-9,1.2688393994234937E-10,5.393421306945732E-4,0.9358658502784798,8.498130443099606E-7,
5,0,0.6608905077879993,5.802351652891272E-4,9.056742176822027E-11,0.0221235223734838,0.3042416458475436,0.010038115743693458,0.00212597299142338,
5,1,1.1120287299146434E-6,0.9999973219193458,7.063634150962576E-19,1.655338090554665E-19,8.195199069477725E-7,7.457429731300801E-7,7.890442375030151E-10,
5,5,0.004111838280176004,0.006232580357480544,4.616234344975535E-18,0.04149119471593067,2.814205112028183E-5,0.9481226379639012,1.3606631391395666E-5,
5,0,0.9999957500974366,1.3823751855611714E-8,8.246583895982776E-29,1.1980942175764933E-29,4.3274693183268166E-7,3.803331164231906E-6,7.155184457708949E-13,
5,0,0.9964570904772557,7.92488329924978E-7,3.3319526230521005E-22,3.0154902755248983E-22,6.825381829303397E-8,0.0035420487780076105,2.5885536258426636E-12,
5,5,0.09485772843697893,9.644816480641701E-4,2.165979950252591E-20,5.078023238110481E-14,1.971403863334866E-5,0.9041580757791063,9.716654022762783E-11,
5,0,0.9989639776566706,8.45095907464579E-6,1.2832069152754632E-24,3.1401454343720417E-22,0.0010032683283772372,2.430305549467919E-5,3.828842251304906E-13,
5,5,0.12314164729712036,1.0683751858518607E-4,3.2381738878516126E-19,1.0055989381954587E-20,3.141383887063441E-5,0.8767199972395879,1.0410583595658928E-7,
5,5,0.0012951834482766685,8.748781575924948E-6,1.2983961684359126E-18,2.325606075297106E-16,4.129955736186972E-4,0.998279891909164,3.1802873645700013E-6,
5,4,1.1592692191552713E-5,1.2245300526808151E-5,3.611315093304338E-17,8.278933503450221E-17,0.9998707833676894,5.839539814156773E-7,1.047946856107628E-4,
5,1,6.931359319769755E-4,0.39124417108780307,5.3062831934384615E-8,3.648622710645029E-13,0.31018974313273684,6.567516180580706E-5,0.29780722162248047,
5,4,7.005448925120001E-5,9.663566345484746E-6,5.274951566145693E-17,2.3726141326717526E-9,0.9904210647385026,0.0025302109360445307,0.0069690038972420485,
5,4,3.89711512942499E-5,1.7847482984228465E-4,3.1687102678054214E-15,3.85144951311887E-11,0.9019091219937763,2.5595817949151114E-6,0.09787087240477464,
5,5,9.114147907054917E-7,2.4205471433627194E-8,2.139949744174766E-25,6.143310310746494E-15,2.134236812990567E-13,0.9999990643792377,2.8076066870293743E-13,
5,0,0.8908302001336801,6.045911962081636E-5,1.9379292957808773E-24,2.1503135266258594E-19,9.323061606752801E-6,0.10910001768488865,2.0367092747491948E-13,
5,0,0.7060334144766223,0.28314400712611515,3.920155539872938E-17,6.530594887685935E-12,4.024062067327326E-4,0.010420155696378653,1.6487620647760565E-8,
5,1,2.82717847021218E-4,0.9872081700935391,8.282599101538544E-13,9.521960434419763E-24,0.012508926183853523,1.8801945616078033E-8,1.670728124547037E-7,
5,5,8.53147061959195E-6,4.3509393206698287E-7,2.1358109903282845E-21,3.0280177053330597E-13,2.2610329529918706E-13,0.9999910325406821,8.942372555116048E-10,
5,5,0.016522958530304832,0.0029412922751949457,1.3196048786536245E-16,6.753038226106117E-20,5.8467317485535473E-8,0.9805356860050786,4.722103950896732E-9,
5,5,1.3575990779139217E-6,2.0183684465194476E-5,7.145778555130761E-22,7.097822218564829E-17,3.5397731024229793E-9,0.9999784514823108,3.6943729477974038E-9,
5,5,3.7017611159260636E-4,3.0182884157940737E-4,4.194968811172007E-18,1.890445757595158E-5,2.0544063676439205E-5,0.9989330288634041,3.555176621713646E-4,
5,0,0.997834831801356,0.001494861330113901,1.6739130130909588E-23,2.4414482880827475E-22,6.382299995965532E-4,3.2076868927618175E-5,5.88338466574848E-15,
5,1,0.07599934227241933,0.8641792919539267,1.7268085003294438E-20,2.728789728490971E-23,0.005286092209568209,0.05453527310841962,4.556661550419283E-10,
5,0,0.998710938590049,7.37514707043786E-4,1.2923461530971806E-20,8.221215797344824E-21,3.1319595362788136E-6,5.484147426933682E-4,6.777755543322329E-13,
5,0,0.8771356639732252,0.12089858198533142,7.453405076037026E-21,1.8617147440465915E-21,2.803279443406133E-5,0.001937721246551087,4.583235723731727E-13,
5,5,1.8021903472433627E-4,0.005053466515413505,5.737873890802354E-20,1.7015174657789663E-14,1.1942784318196282E-8,0.99476630249539,1.1670768136680401E-11,
5,1,0.2641117535621863,0.6608070137960208,3.1550961887669066E-16,1.86298792117673E-20,2.8354246942859253E-4,0.07479762086677078,6.930559327547255E-8,
5,5,8.322759298404931E-5,4.629853220915955E-4,1.9285808804148586E-21,2.347298670225226E-18,8.808731029247424E-9,0.9994537772457254,1.0304678207349672E-9,
5,4,0.047214226662939826,0.010635051943175286,4.470221344620649E-21,3.542083100116873E-22,0.9346582706665602,0.007492343199588439,1.0752773623048807E-7,
5,5,5.782184934534634E-4,1.0629478464693077E-7,1.713550730991793E-21,3.675810215035712E-19,5.339878424824099E-12,0.9994216752058259,5.960507134455598E-13,
5,5,2.1001394478074026E-4,2.231501615725415E-6,2.7084113675452195E-20,1.9333882601558414E-15,4.036091645042128E-9,0.9997877473390059,3.1785041670740334E-9,
5,5,8.59979034350172E-4,5.070003869139511E-4,4.941234823889684E-22,3.0040978961321514E-13,6.689962796111823E-8,0.9986329517481667,1.9306409207326713E-9,
5,5,0.02561473721910392,2.1079953095705978E-5,2.3827664619799967E-19,9.257793021617888E-19,1.0734967382151588E-10,0.9743641827070447,1.340601612598592E-11,
5,0,0.999485367243799,2.8785569761721058E-8,3.3564263875048756E-25,1.622892875347206E-26,5.947124841107296E-12,5.146039641737563E-4,5.104661834303027E-13,
5,5,5.328237590520894E-5,3.382304182139819E-8,4.125084068270283E-21,1.289268484345495E-16,8.634738637144373E-13,0.9999466837921609,8.028501266097569E-12,
5,5,0.018845851365401015,4.7111037289338485E-4,6.404670859996405E-19,1.1774670667777031E-18,1.6877497526401434E-9,0.9806830365160604,5.7895501647705086E-11,
5,5,0.0077586235616290385,4.749040678158038E-5,2.804924515914184E-22,8.638179821391459E-17,1.1368348960383497E-8,0.992193874662941,2.993811841626717E-13,
5,0,0.9999432469123984,4.384836097388301E-7,1.4396954236678643E-25,8.230654356793043E-27,5.352723350234043E-8,5.62397990759036E-5,2.1277682423526716E-8,
5,0,0.9426968212669007,6.699741284621246E-8,1.0341858853304284E-22,2.8193128285561055E-28,8.811073253524814E-12,0.05730311109973426,6.271413465086802E-10,
5,5,1.5410113786380023E-4,2.2594155559887185E-7,3.5846560434904725E-24,3.3389432700575443E-17,6.48629077583302E-13,0.9998456728238537,9.607817866888747E-11,
5,5,0.012559456269627723,2.350583694253336E-6,3.8001293401722818E-22,3.419941744502771E-19,1.7030967407562052E-9,0.9874368793656334,1.3120779477266993E-6,
5,5,2.4288043998530557E-6,5.077296462811233E-10,1.1744631350698728E-27,1.7618882701797385E-17,1.5474142792166486E-16,0.9999975702023827,4.854876906460056E-10,
5,5,1.821691904633453E-4,6.18317535469491E-10,3.682666758884553E-24,5.399720185506552E-18,4.5285383099147645E-13,0.9998178300846231,1.061431429303248E-10,
5,5,2.0556392369723E-8,1.705553566524491E-11,2.9841576956619935E-28,2.711140072053231E-16,1.3962546537361496E-17,0.9999999793859027,4.0649059565787535E-11,
5,5,0.0010802515207360066,0.0025540461628141696,1.0337037915881814E-19,6.624218768158918E-21,3.0821037840843513E-7,0.9963652961191691,9.798690225643321E-8,
5,5,3.2227798785437766E-5,9.119791339881208E-8,3.1873837732441607E-23,4.296221027270923E-22,1.990139573782771E-11,0.9999676809053696,7.803007609294056E-11,
5,5,9.9069815651832E-6,3.908479683461247E-7,1.4165961321889438E-21,5.291738523139519E-16,4.9849990810573406E-11,0.9999897015158954,6.047204296592469E-10,
5,5,0.3994993332362324,2.074580220843165E-8,8.449025234169752E-22,3.16287327471186E-15,1.9086368341776922E-7,0.6004993929259432,1.0622283356281424E-6,
5,0,0.9997312930111912,2.7748442120995242E-6,8.181171372495302E-23,5.462068437666938E-27,2.5798945024775684E-5,2.401331477221992E-4,5.1849578914725753E-11,
5,5,1.2754975186927495E-4,3.121880215913233E-9,8.698347068147671E-21,8.360026413369449E-12,1.1592679285416057E-10,0.9998722995650212,1.474369426178501E-7,
5,5,2.934018268116759E-4,5.570051479658376E-11,2.636876294558719E-23,8.350745440481125E-14,1.8307476549264766E-15,0.9996803761801512,2.6221937251233372E-5,
5,5,3.614935302440888E-4,1.0177731467852262E-4,1.099951348029043E-19,8.445972219992333E-16,3.983614134678748E-9,0.9995111358391494,2.558933231303327E-5,
5,5,0.001568456067806893,1.4538284265489529E-6,1.8574225087560326E-22,1.0622409370501216E-19,1.1063738385937853E-12,0.9984300901025968,6.348163496549131E-14,
5,0,0.7482453240374041,0.0016818214295866107,2.151278089954379E-17,1.916039025588336E-9,1.9236123779486217E-4,0.24988047481273182,1.6566443842959983E-8,
5,5,3.1524851937696406E-5,2.878866451083641E-8,1.0250016358010894E-23,4.059421381023043E-19,1.3116012274906576E-11,0.9999684463440583,2.2235431522500284E-12,
5,5,1.2122805263834845E-6,5.9327801959564235E-12,2.719093366732539E-23,1.2218843003162605E-7,3.244764466141908E-12,0.9999874061222009,1.1259399665276551E-5,
5,5,1.5800515270826917E-4,4.599810321677057E-12,1.9235381988691009E-25,1.4084654078633845E-5,1.553350558967604E-11,0.9998270619029839,8.482700959342323E-7,
5,3,9.5636451911363E-16,6.20030841228886E-20,2.3333829249054094E-32,0.9999999062115571,1.193105598745346E-18,5.462528983426403E-10,9.324218898781655E-8,
5,5,1.6238502306276242E-8,2.2140387332735014E-13,7.347803262995946E-27,1.5299445104795993E-9,2.202245771558803E-14,0.9999999813988655,8.324442569530061E-10,
5,0,0.9867696227878786,0.01159030115525796,3.969109651193148E-23,1.8126361714759157E-21,2.516017127805138E-5,0.0016149158772776956,8.307694973974574E-12,
5,5,1.0215812387770354E-6,1.5409829632531693E-6,1.683108581335006E-26,2.7223492240913518E-17,1.3130228564058894E-11,0.9999974373627886,5.987906070844933E-11,
5,5,7.614934103762067E-7,1.937822574544257E-6,1.984399742115199E-24,4.107980380399396E-17,9.629967203757591E-15,0.9999973006839761,2.9385240761278624E-14,
5,5,3.6636167683374516E-5,3.384393420417551E-5,2.0625238035934615E-23,1.0170947498367416E-17,1.869885828040141E-13,0.9999295198972753,6.500531205009292E-13,
5,5,0.32701184594034716,0.05754004908926033,3.092688365717895E-23,1.866435066944064E-22,2.838692412720385E-10,0.615448104580189,1.0633435603159056E-10,
5,5,4.486814479558981E-5,1.634739087656128E-7,4.4386785960578444E-23,9.453725436028267E-15,5.791629120279651E-13,0.999954968360376,2.0331018978371123E-11,
5,5,3.97050234138276E-8,1.2240112062331812E-5,6.977547757397596E-24,4.0663766453703054E-14,9.191255358405647E-15,0.9999877201826017,2.625770012811832E-13,
5,5,1.3679785793874218E-6,2.0706580865914556E-5,2.485245685699021E-25,1.0624211004757521E-16,5.7909509140554915E-11,0.999977925205271,1.7737413390036116E-10,
5,5,1.7394099041648256E-4,2.878831351189682E-7,4.5245000018001107E-23,1.271250657588365E-22,4.3670866444123804E-17,0.9998257711222464,4.201975792505511E-12,
5,5,4.456155764858143E-7,1.148149552991394E-6,7.434344879821848E-26,6.06065156043457E-15,8.646421502799505E-15,0.9999984062346624,1.933654979617797E-13,
5,5,2.9650738763383922E-8,9.10901230894637E-7,4.72543804862999E-25,1.0419603699754044E-14,2.0839806638006023E-15,0.9999990594479293,8.864164887672425E-14,
5,5,4.36894606449212E-8,7.880770622212847E-7,4.3237853565117E-27,1.415281042984666E-13,1.0235606822758088E-15,0.9999991682326816,6.530538515423104E-13,
5,5,0.001564083048330884,1.1332397466847333E-4,2.2155591867441366E-22,3.0484581287680332E-18,1.5705359124210888E-7,0.9983224359035701,1.9839338746365172E-11,
5,5,0.001950259003325076,0.04342276816019339,3.496183946721179E-21,1.5147035605031256E-23,6.913910370703607E-11,0.9546269727669469,3.956329076438398E-13,
5,5,1.182841955139639E-6,1.407679453731452E-6,1.4642420243629274E-24,9.899421816249335E-12,1.0076242413186087E-12,0.9999974094592122,8.47176150073038E-12,
5,5,1.79213933964368E-6,3.756812484702431E-6,7.56506549148657E-24,2.2351786285066162E-10,7.159414216478294E-12,0.9999944508027843,1.471406854610088E-11,
5,5,1.220174652171653E-5,1.6460635126117686E-4,1.477417849093192E-23,1.3346355168080209E-18,1.433771692630021E-13,0.9998231918993157,2.7580402025623555E-12,
5,5,5.255896892385586E-7,1.0515806613624205E-6,2.234099770292993E-24,6.213512128268515E-9,2.7808241812240113E-12,0.9999984164951915,1.1816490971709897E-10,
5,5,0.0661897335583382,0.1156520278917712,3.3887105438029794E-19,1.5627412545143246E-20,7.27898542149934E-11,0.8181582384633133,1.3787508593591092E-11,
5,5,3.3857070207798777E-4,2.407493244638035E-5,9.188113887940475E-26,1.5144906304857612E-14,4.761464777684724E-12,0.9996373543604042,2.9479215359024576E-13,
5,5,1.4679742526969536E-7,2.862522223929945E-10,9.626318134997403E-26,6.39874550254639E-10,4.852387925993463E-13,0.999990812988028,9.039287934703352E-6,
5,5,2.893863962352076E-6,1.0119395022198315E-6,1.5077774397591284E-19,8.572627201278539E-16,7.688113177529365E-10,0.9999960929677233,4.599999896108625E-10,
5,5,0.0010067723107042986,8.162713606437909E-6,6.762720893843648E-20,2.6241272215550597E-11,7.29002542140857E-9,0.9989850575501611,1.0926152169735704E-10,
5,1,0.18279933097883935,0.555909759275971,1.1422380516987004E-11,3.232087186262321E-5,8.391411378634918E-5,0.26106339829125164,1.1127645686669856E-4,
5,5,0.013938830513137688,5.353186809276776E-4,9.400433274610733E-15,1.1824620678625859E-11,4.108157800479548E-8,0.9855230013752744,2.808337248030467E-6,
5,5,4.083523978374468E-7,1.5580156009827004E-7,1.0008582376676301E-21,1.1972657684961117E-12,1.8995959979195703E-12,0.9999994357375357,1.0540963152987924E-10,
5,5,4.3783059370391455E-6,1.688540948776895E-5,1.6083518306939134E-20,1.9593782758004916E-11,7.367004681532359E-8,0.9999786616274359,9.674986991586146E-10,
5,5,0.23940355573629962,4.939619476559371E-5,1.180653871524099E-22,9.499399434192736E-20,4.416229727942693E-8,0.7605470039043787,2.258854105733788E-12,
5,5,1.8120175245957756E-7,6.843054929377419E-6,2.691169108920625E-23,5.416449192603881E-11,6.185192677612388E-14,0.9999929756759376,1.3154288978956272E-11,
5,5,5.264715356495003E-6,5.151083614564796E-4,1.7460920934202028E-19,1.3270058073311545E-13,1.4667272104035625E-7,0.9994793176315405,1.6261879279147052E-7,
5,5,4.826526021175594E-6,6.966282468752825E-5,2.937774226624106E-19,5.1798266292543284E-17,7.370590711692654E-13,0.999925509932236,7.163183028012696E-10,
5,5,0.0013526403585469,6.423102508150897E-9,1.1839221313403088E-11,3.9335816799971035E-4,5.631454057574301E-7,0.9980828426249951,1.7058926811071556E-4,
5,5,0.14721250701956567,2.3938326341009835E-7,1.696021214364075E-11,1.0837048408087506E-10,1.8072583424137357E-6,0.8527854457216153,4.918826932150352E-10,
5,0,0.8191000791421774,2.545034703937191E-4,4.1495789826409745E-8,1.327829420824487E-10,0.0355611195204474,0.14508424578241308,1.045599563399708E-8,
5,0,0.9991171606487497,2.678013798538703E-6,4.306994409363391E-18,7.168316344173658E-16,2.5424594046748354E-8,8.80135912730236E-4,1.267011941777961E-13,
5,0,0.5720579244751939,1.9941443505569062E-7,1.8455230911225242E-10,0.0077365933759610235,1.4004922921943594E-4,0.42006521455660767,1.876403065326277E-8,
5,3,3.8114925109158616E-11,4.877384336275133E-18,1.5457060612901177E-21,0.9999994467082597,4.735081862144497E-17,5.199713219512554E-7,3.3282303703422925E-8,
5,5,1.4636463013689618E-6,2.1766304408134492E-7,2.736214529903203E-14,3.288793637995836E-4,7.133159954472008E-8,0.999669367194626,8.006022340504683E-10,
5,0,0.9999831651923938,2.410728549345847E-8,5.341899063321702E-17,4.967386788529135E-22,1.1608467537300826E-5,5.202232774813512E-6,8.424619262177567E-15,
5,0,0.9994913142299207,7.245960810293636E-6,6.904336829800867E-12,8.790728427864213E-23,2.971817556488488E-8,5.013934926549991E-4,1.6591534058922154E-8,
5,0,0.9947012156459087,5.2497072394749256E-8,2.9217966750775944E-5,2.4144181736370875E-20,9.802450750990558E-8,6.378476417600818E-8,0.005269352080996713,
5,5,0.47703904595350566,1.7184834312647468E-9,1.1731270751741747E-14,5.55071579258991E-18,9.19100212355888E-8,0.5229608603638847,5.4093336685907545E-11,
5,5,7.156564801542288E-4,5.662224762062261E-12,5.5775857478375965E-15,1.0613320868632713E-12,6.226803731613891E-11,0.9992843309101953,1.2540653278393199E-8,
5,0,0.9878331660255415,1.1230192033092066E-6,6.123838641171854E-8,8.409943620807929E-13,0.011040041588569718,0.001125414732432357,1.9339502554409823E-7,
5,5,3.286172339248526E-4,6.952003487935864E-8,2.7190658456354444E-14,1.2669493902306099E-11,1.0194227566934041E-10,0.99967131312864,2.7614027376814945E-12,
5,0,0.9972498460384978,1.9653869777398347E-7,7.032630981987882E-14,4.193989563753421E-15,0.002749941063215917,1.6357168803429524E-8,2.3451964288545555E-12,
5,0,0.9605706136560856,1.7411172987332717E-5,1.9494157951848344E-10,0.0022736217365510415,0.0017273332849713932,0.03540959772401246,1.4222304507105038E-6,
5,5,0.004818647338330181,1.1859864176138163E-5,2.1554729756386578E-12,1.019643676530659E-8,2.2645712842273294E-8,0.9951694599527137,4.747723996204115E-13,
5,5,0.005142497676289129,7.3097900953624954E-6,1.931751564441626E-10,1.218890083456882E-11,8.234508428500147E-8,0.9948501099725463,1.0620873056941996E-11,
5,5,1.3390138027913432E-4,2.8521842159298318E-8,4.242832556760948E-14,8.224772620858625E-8,1.3446075050951898E-10,0.9998659875031842,2.1246517329770408E-10,
5,0,0.9984722736196253,1.0999867666140036E-4,1.670805110334012E-13,3.6043524938155315E-18,1.8562104575576966E-4,0.0012321066570386788,7.518747400373273E-13,
5,0,0.9941433942105558,0.004562985432045692,3.0892355436416517E-13,1.743467662729401E-19,6.972985532870538E-6,0.001286647357415258,1.4141520371753182E-11,
5,0,0.9956152751427477,0.0026411738199759163,1.3686302072964066E-12,3.0944669360512543E-22,0.00165355607546854,8.999411855434377E-5,8.418848458794837E-10,
5,0,0.9987846233259365,9.45087022799955E-4,5.658558690175617E-11,1.0860266886078052E-23,5.0812811212520024E-5,2.194528696447613E-4,2.3913820601931014E-8,
5,0,0.9608729463527398,0.03893952356790087,4.48352334890836E-9,1.7167193181284525E-24,5.3094148476460216E-6,1.82148753107404E-4,6.742788067904928E-8,
5,2,2.6501524098475558E-11,5.482036649862968E-15,0.9952469640968059,1.489207847009539E-21,3.721832291322136E-11,3.4799147376502458E-15,0.00475303583946532,
5,4,0.116178430599341,0.004285720924992375,8.747304184079056E-9,2.933894612473267E-14,0.8515517380996406,0.026519011770276258,0.0014650898584161864,
5,0,0.5669163611541392,3.7231156744167264E-5,3.595711578751214E-20,2.2692043926735105E-14,3.6721870510990205E-4,0.4326791752006377,1.3783346408320896E-8,
5,5,0.12016147188503078,0.0013693073065944973,2.7147583005306887E-19,1.9871096322558635E-13,2.5057933352583278E-8,0.8784691946382436,1.111998981723079E-9,
5,5,0.0052528900684166635,0.01957224039211686,1.459648088685673E-11,1.237136580492266E-7,2.3177707759222626E-7,0.975174507633869,6.40026541017223E-9,
5,0,0.9990979180297545,7.884404609991815E-4,4.285629471339054E-15,1.8066934148610683E-17,5.010978624265752E-5,6.353170928443167E-5,1.3715100434239175E-11,
5,1,0.12680532788721885,0.8031602070087485,5.176931476589363E-13,8.829902219590842E-15,0.07000928361847232,2.5175396499167485E-5,6.08853471333236E-9,
5,0,0.9324671678573465,0.05604957988408863,4.2285903705796365E-10,1.6867642662233928E-7,0.011463183977419144,1.989036332385165E-5,8.818536304210368E-9,
5,0,0.9943730293387757,4.331943374957394E-4,4.016732919436741E-17,6.889129875422694E-19,0.005192576701559591,1.199620151828097E-6,2.01717987675019E-12,
5,1,1.5719239173256818E-6,0.9569779537435904,2.486466859125621E-11,0.04050687135590484,9.75171802942929E-6,0.002503758360913424,9.287277987950004E-8,
5,3,0.027768899839624467,4.282466434915411E-4,4.6093627675027323E-11,0.9520139593312522,1.785274680602109E-5,0.01977087875421889,1.6263851326201073E-7,
5,0,0.9991666699116895,2.550689667423311E-4,5.248778106344379E-17,2.87426408351713E-17,5.751682581922614E-4,3.0928632286201036E-6,1.473336093918633E-13,
5,4,1.5135242100636532E-4,0.06852307279992126,1.7397153628142908E-5,1.736166010879518E-13,0.930098421664602,7.156379347227964E-6,0.0012025995813214094,
5,4,6.054007719538794E-4,0.011961934963010358,7.827456670690613E-9,9.369561732749933E-9,0.9874263434835208,5.852683411501938E-6,4.509010851353547E-7,
5,1,2.8144616989349677E-5,0.9999300902137175,9.183974900551726E-11,2.472965898203041E-11,4.171558191725372E-5,4.750181310404853E-8,1.968993459160236E-9,
5,1,2.5766590137181984E-5,0.9995218873384525,4.2140679558050283E-10,2.631067407413373E-12,4.5232148650936886E-4,2.2115866236871498E-8,2.044997055313516E-9,
5,1,1.5046997007695702E-6,0.9999018791091018,7.415558787472901E-9,1.1360862866532637E-11,9.625056839182114E-5,3.55846022906399E-7,2.3498629358590762E-9,
5,1,0.0016034470801345032,0.9925369741029841,0.0018511169344280283,4.906983923385501E-11,0.004006394198785164,9.94988500750325E-7,1.0726460974159346E-6,
5,1,0.010188546601667594,0.8181572911155713,2.600667566086378E-4,5.339834298404814E-9,0.17138534269111733,7.942484598463269E-6,8.050106022651841E-7,
5,1,0.034534783145665354,0.9377644005574537,4.1295494430947E-5,1.873917671021432E-5,0.02749386662628546,1.4179241117792609E-4,5.122588276381713E-6,
5,5,0.018982395718072125,0.03922515892926016,2.008774524899293E-13,3.5929562286264607E-9,1.846509060124121E-5,0.9417739764428871,2.260222461148051E-10,
5,0,0.999947243286258,1.307157507773744E-6,5.1797192424478055E-17,1.423858198074719E-18,7.381610036337231E-9,5.144217460810492E-5,1.6313611467423195E-14,
5,1,0.0791271496116924,0.8748885935788291,1.3404939778366411E-10,4.922547222523783E-15,0.04598305455013454,1.1726455794601225E-6,2.9479710215633035E-8,
5,0,0.9999779840507579,2.587066986889135E-8,2.2811315467783562E-21,4.944043694303885E-22,1.917445533191932E-5,2.8156232226058076E-6,1.7701729361088872E-14,
5,0,0.996134820651179,6.58597220386023E-9,5.065045617640037E-21,3.356351008873727E-29,0.003864258346280339,9.144082622431179E-7,8.306132714783072E-12,
5,0,0.9875052249701248,2.153062556191548E-8,1.241890719901046E-16,2.8363834748944806E-19,6.027016219255579E-7,0.012494150767210124,3.0417471382636966E-11,
5,5,0.20884267298588333,2.1483910438951E-5,7.016292454296111E-13,4.227077761643376E-16,2.364336717912914E-6,0.7911334785232367,2.430210989547273E-10,
5,1,0.30129570508883907,0.5714411117376987,2.0159626860268277E-9,9.161298820161283E-11,0.10774432704495958,0.019499643063667117,1.921095725954115E-5,
5,5,0.19583675663115663,0.3717138767585384,1.2978514296171899E-12,1.623809182159252E-12,5.370214533040246E-5,0.4323956625522556,1.9097971489486436E-9,
5,0,0.782463125245268,0.21469827424017945,7.328835790485521E-10,6.460242202494118E-16,1.2918424016197493E-4,0.0027094155368056314,4.7007793224249275E-12,
5,5,0.03095021024591564,1.569842914295072E-4,1.549253215443808E-12,1.249567482645764E-11,2.7096021088672972E-6,0.9688900949410794,9.054215300972118E-10,
5,1,0.072094608228285,0.7958414725042224,2.4811151720482574E-10,2.7719561027851563E-11,0.0017143070860049603,0.13034961165605272,2.496038191685674E-10,
5,1,0.001171937945649527,0.9328579202773672,2.202664108588416E-7,1.0865897610982483E-6,1.0661104462025889E-4,0.06586213520869874,8.866749234263287E-8,
5,0,0.9943803258361321,0.0010141395850972847,4.746924833169413E-15,4.869775686055457E-16,4.427159569655053E-6,0.0046011074185518825,6.439822364894111E-13,
5,5,0.052428473191958015,0.025726931720943227,7.885854723563294E-9,2.149626853976961E-9,4.403564285643316E-6,0.9218401813744102,1.1292123608338875E-10,
5,0,0.877728700855195,0.0014688195077016942,3.6360654232997314E-11,6.229859176497095E-16,6.531311303180195E-6,0.12079594796814526,3.2129365795265855E-10,
5,2,2.669046513433109E-6,1.070731036661469E-6,0.9516843297098964,4.551887390522381E-16,1.945887080863379E-10,1.9225394829646682E-11,0.048311930298739064,
5,0,0.9997834655471357,1.1140768831435961E-5,1.2473339241288186E-12,2.758073342322737E-20,7.552927129409414E-7,2.046383872951497E-4,2.777241132116029E-12,
5,5,0.018150800024340302,1.5714346211050683E-6,3.8901587705494415E-14,4.389032242513818E-12,4.268754034934877E-8,0.9818475858470012,2.0691922192767657E-12,
5,0,0.996950861537094,8.737936131077023E-4,3.7357736557535824E-16,3.7767990179886346E-20,6.608592531295655E-7,0.0021746839755757757,1.4969154965980263E-11,
5,0,0.9921522787751161,0.0012093936054471974,1.5390817481736452E-14,2.065448618514424E-25,0.0066381894381460525,1.3818050723330773E-7,7.680318335454659E-13,
5,5,0.0033447295528674093,3.3463848405007634E-4,9.736909612861943E-19,8.751885519104511E-22,4.445475926686201E-10,0.9963206315143984,4.136477740184721E-12,
5,5,0.08808717699086878,5.863795555349791E-5,2.0064052922144613E-20,1.4362933420086433E-26,7.693664161636748E-12,0.9118541850454922,3.9203442020820443E-13,
5,5,4.1828321907904834E-6,0.0013797910831519166,1.885470912030832E-20,1.1488540688701064E-21,7.438857837084384E-11,0.9986160260037513,6.517246108345865E-12,
5,5,9.568236591485738E-5,0.04555451352743444,9.601408427294841E-18,3.553666808855123E-17,1.0759046116994611E-8,0.9543497919367393,1.4108651357880226E-9,
5,5,0.0915483696877911,0.009117056999881735,2.83752512499465E-18,5.5533523035273295E-21,2.172723867827316E-9,0.8993345711354591,4.1443072262843915E-12,
5,5,0.008181628218291671,1.1196671221752047E-7,1.6049654720798398E-21,5.563894585039246E-22,9.591040607281463E-15,0.9918182597881077,2.6878900357375926E-11,
5,5,0.36879218859960133,1.6892285578232559E-6,3.7649549129201733E-22,2.34811007919762E-25,2.215654732733806E-13,0.6312061221455868,2.6032429093158757E-11,
5,5,0.006922724696860754,6.733892767304215E-7,2.409662809998954E-21,1.3978540254594135E-23,1.2727480661323002E-10,0.9930766017343918,5.2195764531382695E-11,
5,5,5.433499389801499E-6,1.1682502849366666E-6,5.353873173950722E-18,6.385812715438102E-19,1.3204652745893903E-10,0.9999933977918541,3.2642446106374115E-10,
5,1,4.9425810170380085E-5,0.9993018696242466,2.2846725870467532E-14,6.4898696402149015E-19,1.2172893818223763E-7,6.479195906569198E-4,6.632459650863435E-7,
5,5,5.640174332531646E-4,1.6890865562477344E-4,4.0476973907064246E-20,6.4190778075578426E-21,1.2979582371492262E-9,0.9992670689349908,3.6781732013416846E-9,
5,5,0.012002830737702475,5.331296847710608E-4,2.1589536973271626E-19,8.765911368726431E-15,8.282322815209598E-6,0.9874548574732839,8.997814186564351E-7,
5,6,0.0023072574683975283,0.01668714056736114,8.538375957909356E-4,1.93299658849593E-21,6.133705268628856E-12,2.837190952473102E-8,0.9801517359904071,
5,2,6.212173644435411E-9,1.5273602693135946E-5,0.95421298256997,1.553851073867295E-15,3.408088199180998E-13,4.573905903711627E-13,0.04577173761436347,
5,1,0.004952516440788629,0.9947064586194271,2.0436433976042237E-7,9.691116616258179E-15,9.845726808152243E-6,7.035617698447668E-5,2.6061867164212126E-4,
5,1,0.0011204631683948752,0.9322974172091207,6.427774560168409E-14,1.2376101836110757E-22,1.4880867534306013E-7,0.06658194964014105,2.117360350967164E-8,
5,1,0.0014740571682273647,0.5449218962712347,1.115243418055469E-16,1.579124621770778E-20,5.7018190154542664E-9,0.4536039556725175,8.518620139635879E-8,
5,1,0.005866508719575712,0.9941268461667515,5.839816838053428E-14,7.171121085588594E-20,3.3662640813736884E-6,3.130726801348667E-6,1.481227313677922E-7,
5,1,0.0034835199530654564,0.9948066633127214,4.339024956765443E-17,6.479585149564196E-25,1.2051664590595489E-6,0.001708607259630875,4.308123051618489E-9,
5,5,0.037805489571239824,0.13411436896020107,1.0281445531429704E-17,2.9200255574267133E-22,2.6779284465293805E-9,0.8280801385513995,2.3923115395501083E-10,
5,1,1.1141285729723263E-4,0.857375884462199,2.0743372977045585E-15,1.0569466385249585E-23,2.074086232135924E-8,0.14251267125439065,1.0685248714444335E-8,
5,1,7.74196230488733E-5,0.8377659316266005,1.3227761232448422E-18,7.325367778537286E-21,1.7991775978890704E-7,0.162156467218174,1.6144166271446757E-9,
5,1,0.31804494011201,0.6674878293998195,1.3761185676453244E-17,1.204646617370955E-16,1.8731823588663795E-6,0.014465344384330519,1.2921480959487094E-8,
5,5,0.17861312271267837,1.6347467851524303E-6,1.3748965999113148E-21,1.6097979126151937E-22,3.9498525675658886E-13,0.8213852425399987,1.4286402532635427E-13,
5,5,6.032735299823813E-6,1.0559834890464935E-4,2.714428608762599E-20,3.904972835355775E-18,4.239306322454072E-13,0.9998883689144558,9.158888208763439E-13,
5,5,4.038818228194007E-4,7.439610363810113E-4,5.406848198809209E-22,8.459541315165832E-22,1.4371768793543977E-10,0.9988521569961923,8.896183694643719E-13,
5,5,3.164617415129045E-5,1.4693414552290186E-6,7.356057767465543E-21,3.7464834334512596E-20,7.977971249304919E-14,0.999966884484149,1.646483098536244E-13,
5,5,1.369169730598985E-4,5.874341241185843E-6,5.7372528812906985E-21,1.0319052927997042E-20,8.303467593149263E-14,0.999857208685519,9.668873411523953E-14,
5,5,2.2229781816562343E-5,1.1510289821370873E-5,4.788923644183099E-22,1.9331171531158617E-18,2.0383975123119662E-14,0.9999662599283275,1.4022725607977064E-14,
5,5,0.0027615494858912125,0.08742966242486741,1.1699217931181844E-20,3.8357799648010996E-23,6.493543496350347E-10,0.9098087874203988,1.948833456450714E-11,
5,5,2.4783489778546074E-7,8.151274688112529E-9,1.7693148664770176E-24,5.647715321996988E-17,9.560884282514438E-15,0.9999997440138064,1.1607034696391972E-14,
5,5,7.726361056284703E-5,2.0883227590897334E-5,2.5045720307267615E-19,1.4441769970167221E-16,4.990784010661628E-13,0.9999018531586232,2.723754951285683E-12,
5,5,2.725930097983195E-6,3.90495479177649E-6,2.2718383469562176E-21,5.352311491958956E-18,3.314616296008639E-14,0.9999933691150383,3.882537346440103E-14,
5,5,3.4965532241321255E-5,3.500106167982625E-5,3.880974263031859E-21,1.0058987941314418E-16,1.932664041917317E-13,0.9999300334055171,3.6844897387210705E-13,
5,5,2.807243217020283E-7,1.1005746398165028E-7,2.5076655215348765E-25,3.340859376058519E-19,3.6720358223305827E-16,0.9999996092181992,1.460950097936088E-14,
5,5,1.1423502588639357E-5,5.855536007574999E-7,1.9276136620761913E-22,2.966956408321614E-18,4.2516072042447594E-14,0.9999879909437387,2.924803472233553E-14,
5,5,6.528289954404105E-6,4.061515352438827E-6,7.42553041486991E-24,1.2205868018846378E-18,6.731992166226189E-14,0.9999894101945479,7.801104661436066E-14,
5,5,2.725930097983195E-6,3.90495479177649E-6,2.2718383469562176E-21,5.352311491958956E-18,3.314616296008639E-14,0.9999933691150383,3.882537346440103E-14,
5,5,6.517411331566464E-5,1.2689906239632228E-6,2.3978863960073315E-20,2.1988512408555767E-20,1.1532374827164525E-14,0.9999335568959816,6.731695289310305E-14,
5,1,0.12600427145542986,0.8058556629123204,1.1569193537266108E-20,2.0837893680871324E-22,2.328238352249385E-9,0.06814006322293023,8.108130481415016E-11,
5,5,5.828538654023588E-4,1.2492276651287543E-8,1.4612429563763858E-24,4.474496273753279E-24,3.9385532935972357E-16,0.9994171336423062,1.4469814564904625E-14,
5,5,0.02414757451227785,4.237724869370413E-6,7.487588633167902E-23,2.978704150591E-27,5.255365536608528E-13,0.9758481877589948,3.332375291058204E-12,
5,0,0.9979670374969091,1.710491113568177E-6,7.381102197792206E-29,2.681285629627386E-29,1.268750895255842E-7,0.0020311251368760204,1.1803200598605462E-14,
5,5,2.18816961368919E-6,5.148185218977092E-6,8.341497801753881E-22,1.1483469699778861E-18,1.5673705705773572E-15,0.9999926636402551,4.910615785616936E-12,
5,5,0.005874224053839371,7.660114169506075E-6,6.509302688985322E-21,1.4631757756945961E-28,1.840127475343965E-10,0.9941180112531031,1.0439487520321756E-7,
5,5,5.276925327038392E-4,6.4748203554394226E-6,2.6001193293849212E-23,1.1439400005308925E-25,1.3376535437235557E-8,0.9994658192590378,1.1367587722199547E-11,
5,5,1.240382890833019E-4,2.0524340403169786E-6,2.1529552219056305E-22,2.595677216429365E-24,9.18915109174006E-13,0.9998739083277678,9.481895815240505E-10,
5,5,0.003651021425030683,7.082395678811194E-9,4.303550761941398E-25,7.385567717930415E-30,1.182266517840817E-15,0.9963489714878774,4.695098414021863E-12,
5,1,0.1406637726162169,0.5368628257803942,3.730425004787423E-9,5.203863387565329E-11,5.224274124851502E-4,0.32195096929540246,1.1130376206321884E-9,
5,0,0.9991159616008024,4.616504026692995E-5,5.9084462019346E-13,1.4065027057016628E-15,5.2245285450091024E-6,8.326488292820393E-4,5.1161304861496E-13,
5,0,0.9366611815870969,0.008617059584685637,1.9153084157455745E-11,6.346044225367843E-9,5.84955620978289E-4,0.0541367967514331,9.060905634513348E-11,
5,0,0.6927462063168371,0.10331260708818049,2.423063947861791E-10,3.77357023376971E-6,0.05632884211956805,0.1476083873190453,1.833438288607391E-7,
5,5,0.006225459803332595,5.073593255630144E-6,2.2353108934473147E-9,6.682837569721723E-11,5.755186404177197E-8,0.9937693989969744,7.752434007447959E-9,
5,0,0.9999406356941255,1.5219461528659964E-6,4.4154476207283187E-16,8.02917102473192E-20,7.235053112849163E-6,5.0607306542713215E-5,6.544480745422323E-14,
5,0,0.9838034090275801,2.4681344857655917E-4,1.6874064152621453E-13,1.5983340509710572E-12,0.015923785635656693,2.5991580332103745E-5,3.0608718924498445E-10,
5,5,2.631392380161456E-4,1.306891206467017E-10,2.8126783196843976E-16,9.68342319445868E-6,4.425310523515063E-9,0.9997271688731735,3.909615919059835E-9,
5,0,0.9835780321129646,0.0013776322851799794,2.047758070804555E-11,2.5117460167072792E-8,0.010074490121970455,0.0049698003957946825,1.994615230396883E-8,
5,5,0.012333234291356986,9.26728273048618E-4,5.3691612792234117E-17,2.5403098854688063E-15,2.6580066250386216E-10,0.986739957498985,7.967080616420351E-8,
5,5,1.601480724545668E-4,0.037577695693895886,3.5339522187535096E-17,4.485299868747325E-15,5.516178531044858E-7,0.9622615992689237,5.346868268369559E-9,
5,5,0.09013869641755551,0.03625915385900699,4.227608542829195E-20,1.458734208241901E-21,3.169627429283447E-8,0.8736021179546494,7.251388594041483E-11,
5,5,1.908262425110286E-4,0.11722005046721347,6.940988638125473E-8,2.1670470493356846E-11,3.727687012276359E-4,0.8735728342240504,0.008643450933440733,
5,1,4.207915517278079E-6,0.9969812688852215,5.211255620784083E-16,8.828295923308049E-14,1.511855681777101E-5,0.002999272771779479,1.3187057525487716E-7,
5,5,3.377954756517564E-4,0.4641110793031244,1.5467301753207033E-15,1.2534173903354278E-16,8.078089405885283E-6,0.5355429978309009,4.930091543918018E-8,
5,1,4.895172964778405E-7,0.9999540701153694,1.4337997001690795E-12,1.923647704730434E-18,2.7582327418184786E-5,1.6524568182908535E-5,1.3334702991269482E-6,
5,1,3.5413477978748816E-6,0.9737247503373724,2.317827727508493E-13,4.604797498694636E-16,0.02612100654454736,1.3503745090973445E-4,1.5664319140371212E-5,
5,5,7.918203473582256E-6,8.348274363980084E-7,8.157872816069906E-19,1.836533769891618E-19,8.401235296045911E-13,0.9999912469326745,3.5575417404695044E-11,
5,1,1.3801626917118564E-4,0.9861589705532515,1.417351076451573E-15,7.52835965063552E-20,5.3068580982160165E-9,0.0137030036418683,4.2288498134142435E-9,
5,1,7.126056837721907E-5,0.7581926465525106,1.558643752746489E-19,4.901100946054805E-19,1.1423463102184669E-9,0.2417360806889464,1.1047819399993789E-8,
5,5,6.026056197230372E-5,0.14500950662601203,1.3887888712879806E-18,4.108007181044778E-19,1.459978061745448E-8,0.8549302150745265,3.1377085350728338E-9,
5,5,7.095404886131073E-4,0.028952206344138694,5.3215853442793E-21,1.788195570917739E-19,3.1438676068896977E-10,0.9703381655175175,8.733534403071754E-8,
5,5,7.931078931988015E-5,2.913601158187851E-4,9.024445362814729E-21,1.1054744438388136E-20,2.6459504242021004E-10,0.999629327901465,9.288012628403869E-10,
5,5,2.3999002278468167E-5,7.633736645218561E-4,2.2041266555785768E-20,8.134581530109386E-20,1.4367372078068482E-9,0.9992126250064609,8.900015577910861E-10,
5,5,0.1359424248206632,2.3773228539349952E-4,7.485303116101062E-21,3.328702779414088E-23,1.68266892275341E-7,0.8638196743039844,3.23066578694813E-10,
5,5,9.33268168005045E-5,2.4284194550934832E-4,5.562894519653051E-19,1.2804256141684906E-21,3.845026483154673E-10,0.9996637944110205,3.644216700156602E-8,
5,5,2.3271698312421311E-4,6.046836407029635E-4,1.5052705880410177E-18,3.082539301324099E-23,1.2023526086838729E-9,0.9991625610617546,3.711206558144237E-8,
5,5,2.985808573628705E-5,1.9938739220980124E-4,1.102750733462673E-20,8.440876181338167E-17,9.538431151307674E-14,0.9997707541256372,3.9632134336386154E-10,
5,5,3.145380500509544E-5,0.0036664266748873448,1.7459149019860437E-19,4.365904547603398E-18,3.5051679801325033E-13,0.996302118541581,9.781761257602576E-10,
5,5,1.5493805450119167E-4,0.0021575858903808707,7.811933832346124E-16,2.8745581615901888E-21,1.5757024543365684E-11,0.9976874594274778,1.661188217879189E-8,
5,5,3.7080947659286293E-4,0.0034295818742893203,1.671486179835652E-18,7.423678408562967E-21,7.861466352074133E-9,0.9961995486620515,5.2125599914465625E-8,
5,5,4.2763683884685085E-5,0.0019893136239397063,3.079206154580014E-21,3.4305755426881466E-19,1.631830487305446E-11,0.9979679149428238,7.733033751153944E-9,
5,5,5.52962933747944E-6,7.366946159458711E-4,2.6548534527470627E-21,2.5305620445093537E-18,3.647632743785914E-12,0.9992577705653709,5.1856980254280835E-9,
5,5,3.206961406805084E-5,1.79868567430154E-4,3.729388222306961E-21,1.4501039732656483E-22,1.182719579597901E-12,0.9997880567730393,5.0442796898929375E-9,
5,0,0.975626772043079,9.11864652646169E-5,2.085744953295269E-23,1.1643650893648128E-28,3.8041401835264724E-4,0.023901471006505984,1.5646679757742506E-7,
5,5,1.9867022501848754E-5,0.0010462980887077276,6.329140265678265E-19,5.611643117300967E-19,3.255407286983801E-8,0.9989337663024586,3.60322590605689E-8,
5,5,0.0064032990481674955,0.021545752892958195,5.3313981482091227E-20,5.678759482463265E-20,5.513867252966926E-8,0.9720507794587532,1.1346144861973034E-7,
5,5,0.0037539134450522934,2.092966335163851E-5,8.40348120596267E-22,8.109910812712624E-22,1.5205269564438877E-9,0.9962251545805866,7.904825095020328E-10,
5,5,5.149240560380286E-4,0.008979343802738196,3.233307922221098E-18,3.1815964801298976E-19,1.3242396347317356E-6,0.9905041214953917,2.8640619726632627E-7,
5,5,4.097024614347171E-4,2.0697816673504818E-4,9.867659647341864E-20,1.4831390313351934E-22,1.8739015388411106E-9,0.9993832998315967,1.7666331854748895E-8,
5,5,1.3661674964731403E-4,1.1956571741296193E-4,1.7140025893115415E-18,2.5331019988988813E-23,3.3742394836853513E-9,0.9997437964859958,1.7672704438251357E-8,
5,5,2.420009885176537E-4,0.009849714105250387,2.0145875459148864E-19,5.888288680856594E-19,1.560046821126855E-12,0.9899082834534809,1.451191083322242E-9,
