3,1,1.6969662116797764E-76,0.5765136876682808,1.33799071395053E-82,0.141162104110573,0.141162104110573,0.141162104110573,
3,3,3.947078542107458E-36,0.016452023935552406,2.882226301076428E-70,0.32784932535481587,0.32784932535481587,0.32784932535481587,
3,3,2.5340717756512983E-44,2.3881441763822924E-4,1.5767351344864193E-72,0.33325372852745394,0.33325372852745394,0.33325372852745394,
3,3,3.0486496620294736E-58,0.113311430327984,3.273379611701998E-76,0.29556285655733866,0.29556285655733866,0.29556285655733866,
3,1,4.869741704571291E-42,0.9863388339977713,2.182654544618843E-68,0.004553722000742979,0.004553722000742979,0.004553722000742979,
3,3,6.702325554349659E-45,0.003356351574593595,1.1656219586794335E-67,0.33221454947513546,0.33221454947513546,0.33221454947513546,
3,3,9.420311119672026E-69,0.002633999213556201,3.5206900351438557E-84,0.33245533359548124,0.33245533359548124,0.33245533359548124,
3,3,7.168089186080681E-49,0.07950881374083726,1.3083286080166638E-66,0.3068303954197209,0.3068303954197209,0.3068303954197209,
3,3,2.0223669699542446E-44,0.023143527992779977,5.433697486127459E-67,0.32561882400240666,0.32561882400240666,0.32561882400240666,
3,1,9.382100216172678E-66,0.7152394201896302,1.711705705889108E-75,0.0949201932701232,0.0949201932701232,0.0949201932701232,
3,3,1.5110615326908042E-70,0.007020677573322811,1.8609327145637575E-81,0.33099310747555905,0.33099310747555905,0.33099310747555905,
3,1,4.351572616687498E-73,0.4110663224176927,8.674772417443122E-84,0.19631122586076905,0.19631122586076905,0.19631122586076905,
3,3,5.389285392692039E-67,0.1032092593338938,2.3827858799792703E-81,0.29893024688870207,0.29893024688870207,0.29893024688870207,
3,1,1.558254655423992E-69,0.7651690050989167,3.5628934395750888E-81,0.07827699830036113,0.07827699830036113,0.07827699830036113,
3,3,3.110167505533382E-72,0.020875602752554817,2.712316310245668E-81,0.32637479908248174,0.32637479908248174,0.32637479908248174,
3,3,9.731321430169996E-72,0.07750075487190013,4.378873324323453E-84,0.30749974837603333,0.30749974837603333,0.30749974837603333,
3,3,8.87666566177215E-45,0.004072216909406431,2.962363228862875E-68,0.3319759276968645,0.3319759276968645,0.3319759276968645,
3,3,1.7341579561296322E-50,0.00479413536294506,2.539994372002222E-77,0.33173528821235165,0.33173528821235165,0.33173528821235165,
3,1,1.4354811970407977E-62,0.49225960297275095,1.967094266052093E-80,0.16924679900908302,0.16924679900908302,0.16924679900908302,
3,1,7.385839249628505E-63,0.5797950218265566,4.749678401358397E-77,0.1400683260578144,0.1400683260578144,0.1400683260578144,
3,1,5.4589017979597785E-62,0.9235069075369533,3.7955409194078015E-72,0.025497697487682155,0.025497697487682155,0.025497697487682155,
3,3,2.1907700722072338E-63,1.757182632933981E-4,2.7634949384233555E-81,0.3332747605789022,0.3332747605789022,0.3332747605789022,
3,1,2.2866979578258526E-69,0.6073028993629533,3.917309310337579E-80,0.13089903354568228,0.13089903354568228,0.13089903354568228,
3,1,4.1433481283364485E-39,0.3536517292239131,3.606844654758459E-67,0.21544942359202898,0.21544942359202898,0.21544942359202898,
3,3,2.5336361927408367E-64,0.006190841628224269,1.2349071689382261E-77,0.3312697194572586,0.3312697194572586,0.3312697194572586,
3,1,1.5515289815916634E-76,0.9922916312161509,4.889796825591265E-82,0.00256945626128314,0.00256945626128314,0.00256945626128314,
3,1,4.649932562827285E-59,0.5077707295060007,1.3531898370602573E-76,0.1640764234979998,0.1640764234979998,0.1640764234979998,
3,3,4.3956323720809877E-57,7.252681463650018E-4,5.92401172641121E-72,0.33309157728454497,0.33309157728454497,0.33309157728454497,
3,1,9.663490061677622E-58,0.77917139436627,1.4199419073323897E-78,0.07360953521124325,0.07360953521124325,0.07360953521124325,
3,1,1.280258905708007E-69,0.9999961839350188,1.7647442885131498E-84,1.2720216604478084E-6,1.2720216604478084E-6,1.2720216604478084E-6,
3,3,3.759241932165543E-42,0.014984245050018462,5.210640393636233E-71,0.3283385849833272,0.3283385849833272,0.3283385849833272,
3,3,3.586565395849333E-66,0.1597330366193859,3.787996689384289E-80,0.280088987793538,0.280088987793538,0.280088987793538,
3,1,1.8639600608760445E-52,0.43667774781766266,1.8621338941820027E-72,0.18777408406077908,0.18777408406077908,0.18777408406077908,
3,1,4.211153859987017E-41,0.7355783707885097,6.680046238796743E-69,0.08814054307049672,0.08814054307049672,0.08814054307049672,
3,1,3.3649000633019174E-66,0.7998012893291686,1.3109311817000758E-79,0.06673290355694382,0.06673290355694382,0.06673290355694382,
3,1,5.272378283452016E-54,0.975960566873342,8.787720993693409E-73,0.008013144375552762,0.008013144375552762,0.008013144375552762,
3,3,7.175492599350282E-77,0.08047039216813448,2.6293988305761297E-86,0.30650986927728846,0.30650986927728846,0.30650986927728846,
3,3,1.4877489209870603E-64,4.761046422202887E-4,7.824915527936949E-85,0.3331746317859266,0.3331746317859266,0.3331746317859266,
3,3,1.0490811180431262E-48,0.09459538476514677,7.067373515172691E-78,0.3018015384116177,0.3018015384116177,0.3018015384116177,
3,3,3.0778166949343697E-57,0.003456184095618646,1.4949426453454402E-78,0.3321812719681271,0.3321812719681271,0.3321812719681271,
3,3,8.694479138809701E-61,0.0017619204101723413,4.078318355860971E-81,0.33274602652994256,0.33274602652994256,0.33274602652994256,
3,3,5.877073952104324E-70,0.03280761139755086,1.3256397865138502E-78,0.3223974628674831,0.3223974628674831,0.3223974628674831,
3,1,3.073776803077919E-66,0.9491026777120852,2.1930944958559406E-82,0.01696577409597153,0.01696577409597153,0.01696577409597153,
3,3,4.3953639898729475E-62,0.005585406864246652,5.991752972111359E-81,0.3314715310452511,0.3314715310452511,0.3314715310452511,
3,1,6.991482650734696E-58,0.40273150390549295,1.4073786347590127E-74,0.19908949869816903,0.19908949869816903,0.19908949869816903,
3,3,5.255678927694327E-59,2.257423299392831E-5,4.094797897066078E-79,0.333325808589002,0.333325808589002,0.333325808589002,
3,1,6.25713639892138E-62,0.31656583154400647,1.8219717913634077E-76,0.22781138948533114,0.22781138948533114,0.22781138948533114,
3,3,1.1600015137604419E-61,0.00817618786206908,6.059128410600803E-74,0.3306079373793103,0.3306079373793103,0.3306079373793103,
3,1,1.5445625001940062E-62,0.9989462614076999,3.301249083253216E-79,3.512461974333751E-4,3.512461974333751E-4,3.512461974333751E-4,
3,1,3.4770694167645613E-63,0.6968133857153678,5.678921955421448E-80,0.1010622047615441,0.1010622047615441,0.1010622047615441,
3,3,8.853644497921195E-64,0.07219564659377789,4.2816808339145047E-73,0.309268117802074,0.309268117802074,0.309268117802074,
3,3,1.579433151118022E-60,2.6712942563204844E-4,4.61000920336993E-78,0.33324429019145596,0.33324429019145596,0.33324429019145596,
3,3,2.7806899657836345E-70,0.03055098211385022,5.624979833937634E-82,0.32314967262871663,0.32314967262871663,0.32314967262871663,
3,1,1.81574837261748E-49,0.9911359108906024,1.9166847117749629E-72,0.00295469636979929,0.00295469636979929,0.00295469636979929,
3,3,7.042030459072995E-58,9.823866318945237E-4,3.1321814120264665E-74,0.33300587112270186,0.33300587112270186,0.33300587112270186,
3,1,1.1938632091176232E-65,0.8281818324740994,6.201471687752965E-78,0.05727272250863359,0.05727272250863359,0.05727272250863359,
3,3,6.327225423307172E-36,1.2003772916367195E-4,4.7268636281231555E-66,0.3332933207569454,0.3332933207569454,0.3332933207569454,
3,1,1.4851191053872138E-64,0.9173977333677517,6.384889489866635E-76,0.02753408887741614,0.02753408887741614,0.02753408887741614,
3,3,4.4829945034508114E-66,0.1251298502106098,4.0390743204788005E-77,0.2916233832631301,0.2916233832631301,0.2916233832631301,
3,3,1.7498400473997068E-64,7.849423458190754E-4,2.1261342104042686E-77,0.33307168588472696,0.33307168588472696,0.33307168588472696,
3,3,7.837014930439007E-42,4.401667036561776E-5,1.8440718516504912E-67,0.3333186611098782,0.3333186611098782,0.3333186611098782,
3,3,1.7279479495054028E-45,0.020944489881129395,4.2854871875971524E-76,0.32635183670629025,0.32635183670629025,0.32635183670629025,
3,3,3.7097876056127657E-62,0.02349185078658158,6.986489889570977E-77,0.32550271640447276,0.32550271640447276,0.32550271640447276,
3,3,1.0886783047363165E-50,0.06064097259260194,1.1677353197587403E-68,0.313119675802466,0.313119675802466,0.313119675802466,
3,3,2.302675575875669E-53,0.009907392141120536,8.819132322868706E-73,0.33003086928629316,0.33003086928629316,0.33003086928629316,
3,3,5.531843002848349E-62,0.12212840707534639,8.345904990539574E-78,0.29262386430821785,0.29262386430821785,0.29262386430821785,
3,3,3.640732181319336E-64,0.039362306936219706,6.872943697947653E-77,0.32021256435459344,0.32021256435459344,0.32021256435459344,
3,3,2.4965283251787087E-64,0.004916120679768326,1.3360537172009904E-76,0.33169462644007724,0.33169462644007724,0.33169462644007724,
3,3,3.798425409944646E-64,0.028441652348633484,3.4248597646709024E-77,0.32385278255045546,0.32385278255045546,0.32385278255045546,
3,3,4.75082137391318E-66,0.036336976797201354,1.1364044219969767E-76,0.32122100773426626,0.32122100773426626,0.32122100773426626,
3,3,8.81816018811669E-65,0.007261754059994462,1.1579971722885168E-82,0.3309127486466685,0.3309127486466685,0.3309127486466685,
3,3,1.8566185561210348E-72,0.007012681594148636,3.601834257578957E-83,0.33099577280195047,0.33099577280195047,0.33099577280195047,
3,1,1.7996672171746993E-53,0.418570788395441,3.503400125805285E-75,0.1938097372015197,0.1938097372015197,0.1938097372015197,
3,1,7.105105857414274E-66,0.32024115870919173,5.0090916035956064E-80,0.2265862804302694,0.2265862804302694,0.2265862804302694,
3,3,1.7687382647778404E-45,3.919894777118291E-4,1.0155445970480439E-73,0.33320267017409605,0.33320267017409605,0.33320267017409605,
3,3,2.02963461797829E-37,5.187719485619594E-6,1.6658311998445114E-73,0.3333316040935048,0.3333316040935048,0.3333316040935048,
3,1,2.16706694585665E-57,0.9785769009685806,3.821113951555137E-78,0.0071410330104730675,0.0071410330104730675,0.0071410330104730675,
3,3,3.406993826518928E-61,0.03315748528340707,1.2156234215292441E-79,0.3222808382388643,0.3222808382388643,0.3222808382388643,
3,1,7.7322218594724E-46,0.7814092357685738,4.70989893807498E-72,0.07286358807714212,0.07286358807714212,0.07286358807714212,
3,3,4.176614951507469E-64,0.0037768726665750652,5.068639134999093E-75,0.3320743757778083,0.3320743757778083,0.3320743757778083,
3,3,2.4190498180300584E-54,0.0015960489355527992,1.1007131943948025E-79,0.3328013170214824,0.3328013170214824,0.3328013170214824,
3,1,6.808693183835754E-68,0.4815527215016986,5.985553504844144E-79,0.17281575949943379,0.17281575949943379,0.17281575949943379,
3,3,7.844081295951104E-64,0.10678284283777494,5.989271733371314E-81,0.2977390523874084,0.2977390523874084,0.2977390523874084,
3,3,2.1196224930836687E-62,0.021321902584931166,5.743043418435944E-78,0.32622603247168963,0.32622603247168963,0.32622603247168963,
3,3,1.9546518759324063E-64,0.05180341589553581,2.8555776295616963E-76,0.3160655280348214,0.3160655280348214,0.3160655280348214,
3,1,5.776337742025226E-66,0.9637088296633659,5.864009318350533E-80,0.012097056778878085,0.012097056778878085,0.012097056778878085,
3,3,3.6805289590670155E-44,0.19663803555912637,9.281307271272401E-68,0.2677873214802912,0.2677873214802912,0.2677873214802912,
3,1,1.0670836609480104E-73,0.8618483859729548,1.2041141279142669E-84,0.046050538009015096,0.046050538009015096,0.046050538009015096,
3,3,1.4765404723483236E-70,0.02240285761387338,1.0871199033211584E-81,0.32586571412870885,0.32586571412870885,0.32586571412870885,
3,3,3.358824948250407E-41,0.010617025014541493,4.728162014289275E-71,0.3297943249951528,0.3297943249951528,0.3297943249951528,
3,3,2.7234192193777414E-66,0.012798031355834022,8.55142603485641E-79,0.3290673228813886,0.3290673228813886,0.3290673228813886,
3,3,1.5946165879676476E-49,0.04566282738502495,4.503069214237866E-71,0.3181123908716584,0.3181123908716584,0.3181123908716584,
3,1,1.053278762068663E-68,0.8007778495174744,4.44351272089657E-81,0.06640738349417523,0.06640738349417523,0.06640738349417523,
3,1,2.874960092554146E-65,0.4351840899202238,9.884020849228264E-78,0.1882719700265921,0.1882719700265921,0.1882719700265921,
3,3,7.612568739388845E-45,0.0088873538029515,1.2530374209742636E-74,0.3303708820656829,0.3303708820656829,0.3303708820656829,
3,1,1.391807117139161E-63,0.6161280402470872,5.447421663597486E-74,0.12795731991763765,0.12795731991763765,0.12795731991763765,
3,3,3.3117415238536493E-57,7.862090266849261E-5,2.1908827504006632E-74,0.33330712636577714,0.33330712636577714,0.33330712636577714,
3,1,2.8618498316325217E-74,0.9997650462558312,6.554963128703641E-83,7.831791472297016E-5,7.831791472297016E-5,7.831791472297016E-5,
3,3,1.9126133141750708E-66,0.19219135121494008,1.6281285530334094E-81,0.26926954959502,0.26926954959502,0.26926954959502,
3,3,3.1115511403590493E-53,1.7222286727955834E-4,1.539907949489021E-74,0.3332759257109068,0.3332759257109068,0.3332759257109068,
4,3,3.5880266013451694E-31,7.407102138316333E-10,1.5479160009974057E-10,0.33333333303483276,0.33333333303483276,0.33333333303483276,
4,2,1.727095059339298E-43,3.5688841646218334E-11,0.9999858238064937,4.725385939043611E-6,4.725385939043611E-6,4.725385939043611E-6,
4,2,3.5928447719749977E-59,4.933536434659448E-34,0.999999999999952,1.5888023159961975E-14,1.5888023159961975E-14,1.5888023159961975E-14,
4,3,1.0407973732743174E-22,9.462449493337643E-21,2.5995973214143546E-8,0.3333333246680089,0.3333333246680089,0.3333333246680089,
4,2,9.368439959957106E-44,1.4585205579533506E-11,0.9999771630828921,7.612300840985175E-6,7.612300840985175E-6,7.612300840985175E-6,
4,3,1.331936178216784E-33,5.911377248300361E-8,4.657140599508685E-4,0.33317807560875884,0.33317807560875884,0.33317807560875884,
4,2,9.958757333909073E-44,7.5883078352257585E-28,0.9999990133791326,3.2887362239673167E-7,3.2887362239673167E-7,3.2887362239673167E-7,
4,3,1.9568076033535737E-25,2.0131480734695264E-20,1.1664344829695492E-10,0.3333333332944522,0.3333333332944522,0.3333333332944522,
4,2,1.1884601116423706E-81,2.973597681308834E-28,1.0,4.911231691067946E-23,4.911231691067946E-23,4.911231691067946E-23,
4,2,1.1746767429536033E-23,1.4523719993147458E-19,0.322428439208534,0.2258571869304887,0.2258571869304887,0.2258571869304887,
4,3,1.2129868765377967E-32,5.2805297209235474E-5,4.153176621698147E-5,0.3333018876455246,0.3333018876455246,0.3333018876455246,
4,3,2.5966752751355263E-38,3.3438416205801926E-23,6.992209772163461E-6,0.33333100259674264,0.33333100259674264,0.33333100259674264,
4,3,4.6546030062853316E-30,9.941647615152772E-22,8.857385550249409E-7,0.3333330380871483,0.3333330380871483,0.3333330380871483,
4,2,6.670005159895476E-36,1.4439653736030514E-22,0.5558301905338965,0.14805660315536778,0.14805660315536778,0.14805660315536778,
4,2,5.34085762695484E-66,3.416830563511611E-24,0.9999999999996942,1.020178251938945E-13,1.020178251938945E-13,1.020178251938945E-13,
4,2,1.5815889690534143E-55,3.034632785533112E-14,0.9999833302518145,5.556582718369064E-6,5.556582718369064E-6,5.556582718369064E-6,
4,2,1.3744678867935246E-42,1.1013956982277183E-11,0.9986816800391355,4.3943998328358034E-4,4.3943998328358034E-4,4.3943998328358034E-4,
4,3,1.4447493755643186E-37,8.443774428063268E-15,0.007396181894091052,0.33086793936863346,0.33086793936863346,0.33086793936863346,
4,2,3.6955218285847377E-51,9.760299272657055E-15,0.9999494413948977,1.6852868364223437E-5,1.6852868364223437E-5,1.6852868364223437E-5,
4,2,3.2157928341965787E-55,2.0403864684216056E-18,0.9999999999340627,2.1979103657432052E-11,2.1979103657432052E-11,2.1979103657432052E-11,
4,3,7.472037180358091E-29,1.3591549589689384E-15,1.4395201261897537E-7,0.33333328534932866,0.33333328534932866,0.33333328534932866,
4,2,3.0128434759668E-37,2.7564900236719763E-23,0.999276196435937,2.412678546876809E-4,2.412678546876809E-4,2.412678546876809E-4,
4,0,0.9903047209792564,1.3888622580921166E-9,4.4723606644495134E-32,0.0032317592106270235,0.0032317592106270235,0.0032317592106270235,
4,2,1.982198590083309E-34,2.32465832306894E-25,0.5629567755884878,0.14568107480383746,0.14568107480383746,0.14568107480383746,
4,3,4.05576610169723E-27,6.991387566113934E-17,0.027925697476655076,0.32402476750778164,0.32402476750778164,0.32402476750778164,
4,2,9.917276480835391E-76,1.521685846986634E-36,0.9999999999999973,8.14540235537686E-16,8.14540235537686E-16,8.14540235537686E-16,
4,2,1.857745797945457E-54,5.135424860993143E-18,0.9999999969433984,1.018867212276772E-9,1.018867212276772E-9,1.018867212276772E-9,
4,3,2.242678382044213E-22,7.01150476731113E-10,8.672540038781771E-15,0.3333333330996136,0.3333333330996136,0.3333333330996136,
4,2,3.473503162162153E-58,1.0483701371814678E-16,0.9999999999458073,1.8064175988799445E-11,1.8064175988799445E-11,1.8064175988799445E-11,
4,3,3.3340254136939887E-38,1.426732264763169E-7,0.02693004093158294,0.3243566054650635,0.3243566054650635,0.3243566054650635,
4,2,1.5702511431578792E-37,7.607913348738672E-15,0.9956655779024846,0.0014448073658360012,0.0014448073658360012,0.0014448073658360012,
4,3,3.7810005595887625E-7,6.652331479238368E-6,6.321419289029587E-23,0.33333098985615495,0.33333098985615495,0.33333098985615495,
4,3,4.8072862830593405E-40,8.275873605974307E-15,4.347367158843775E-5,0.3333188421094678,0.3333188421094678,0.3333188421094678,
4,2,3.608322928923493E-34,6.624033314935385E-20,0.9568163123751097,0.014394562541630213,0.014394562541630213,0.014394562541630213,
4,3,3.0531917049124952E-24,4.840188844117381E-7,1.5735110006869895E-10,0.33333317194125484,0.33333317194125484,0.33333317194125484,
4,2,6.1406508320965665E-49,7.773397751166006E-12,0.9999998789023679,4.036328634849981E-8,4.036328634849981E-8,4.036328634849981E-8,
4,3,1.0941972243617283E-27,1.2576921623032523E-12,1.9798294837503712E-14,0.3333333333329075,0.3333333333329075,0.3333333333329075,
4,3,8.960365418122593E-27,8.018488913498075E-4,6.764941800036329E-7,0.33306582487149006,0.33306582487149006,0.33306582487149006,
4,2,5.632209613788102E-54,3.053392124430309E-16,0.9999998841326468,3.8622451049092906E-8,3.8622451049092906E-8,3.8622451049092906E-8,
4,3,2.6178207411920476E-15,3.7330430802356434E-6,4.628378878808282E-25,0.33333208898563904,0.33333208898563904,0.33333208898563904,
4,2,5.176771098040661E-62,4.2419994125519544E-20,0.9999999996713043,1.0956524083105176E-10,1.0956524083105176E-10,1.0956524083105176E-10,
4,2,1.1234570140344226E-44,3.546764480891101E-8,0.990594583982526,0.003135126849943039,0.003135126849943039,0.003135126849943039,
4,2,8.309828175010458E-79,6.865691033492658E-28,1.0,2.772209644947626E-17,2.772209644947626E-17,2.772209644947626E-17,
4,3,6.432181478171998E-27,2.4216178428422652E-11,6.873576728437573E-10,0.33333333309614205,0.33333333309614205,0.33333333309614205,
4,2,2.2157714436686216E-72,1.2284819803564406E-26,0.9999999999931715,2.2761446214966723E-12,2.2761446214966723E-12,2.2761446214966723E-12,
4,2,2.1430707960750544E-60,2.4085920169632216E-19,0.9999999999994025,1.9919334959090385E-13,1.9919334959090385E-13,1.9919334959090385E-13,
4,2,6.585115371203768E-34,1.2556052019269206E-7,0.9985401106749383,4.8658792151373047E-4,4.8658792151373047E-4,4.8658792151373047E-4,
4,2,3.590595675835135E-56,9.666447397853394E-28,0.9999999999997276,9.079052970837602E-14,9.079052970837602E-14,9.079052970837602E-14,
4,2,9.407784803355829E-80,7.492661042608102E-36,1.0,6.2027548223810974E-21,6.2027548223810974E-21,6.2027548223810974E-21,
4,3,8.128265701463987E-27,4.8405562573072564E-14,0.06072163124611705,0.3130927895846115,0.3130927895846115,0.3130927895846115,
4,3,3.5926150386688436E-37,1.7694056320529736E-11,0.04050907706361325,0.3198303076395642,0.3198303076395642,0.3198303076395642,
4,3,7.290346184898819E-14,2.997848119171774E-11,1.5784007316388185E-10,0.33333333327070286,0.33333333327070286,0.33333333327070286,
4,2,8.649900699415001E-53,1.6020652458533105E-36,0.9999999999999347,2.1815442039561982E-14,2.1815442039561982E-14,2.1815442039561982E-14,
4,3,3.737298757606127E-31,1.2925848292431586E-5,2.5522733371536383E-11,0.33332902470872827,0.33332902470872827,0.33332902470872827,
4,2,3.77415924022417E-78,1.8527029807807093E-36,1.0,5.048205480264534E-18,5.048205480264534E-18,5.048205480264534E-18,
4,3,3.150040728353382E-28,1.6695692218355352E-19,2.901256898060033E-5,0.33332366247700645,0.33332366247700645,0.33332366247700645,
4,2,2.392189534392078E-69,2.3277657180956637E-26,0.999999999999992,2.5552995808974934E-15,2.5552995808974934E-15,2.5552995808974934E-15,
4,2,1.4960976642478683E-65,5.295018398780691E-32,1.0,1.7622717283195984E-17,1.7622717283195984E-17,1.7622717283195984E-17,
4,2,9.063084578837977E-50,6.274129212997765E-11,0.9998216406685908,5.94530895558816E-5,5.94530895558816E-5,5.94530895558816E-5,
4,2,2.1177138135065854E-80,1.0007922123445135E-34,1.0,6.005408011512301E-23,6.005408011512301E-23,6.005408011512301E-23,
4,3,1.525674846297059E-30,3.664601796182987E-11,2.76839227166652E-12,0.3333333333201952,0.3333333333201952,0.3333333333201952,
4,2,1.123518145931096E-44,1.5990759397063962E-16,0.9999637034956103,1.2098834796385105E-5,1.2098834796385105E-5,1.2098834796385105E-5,
4,3,1.467673793885567E-37,4.143305750106546E-5,6.538823278374773E-4,0.33310156153822046,0.33310156153822046,0.33310156153822046,
4,3,6.100796829373175E-21,1.9212381016486808E-19,8.394614138278844E-7,0.3333330535128621,0.3333330535128621,0.3333330535128621,
4,3,2.743904728288618E-32,1.8258737516059442E-13,0.034229832087105845,0.3219233893042372,0.3219233893042372,0.3219233893042372,
4,3,1.750333597164954E-30,1.6140976945388356E-8,1.1215329420903213E-10,0.3333333279156233,0.3333333279156233,0.3333333279156233,
4,2,2.735180595657538E-51,1.3260779460001604E-13,0.9999992331487307,2.556170455057806E-7,2.556170455057806E-7,2.556170455057806E-7,
4,2,1.0783574186133418E-36,3.6572346450602467E-7,0.9980299948031303,6.565464911349642E-4,6.565464911349642E-4,6.565464911349642E-4,
4,2,1.045317784512555E-42,3.706409834398031E-13,0.9999610188337024,1.299372197563229E-5,1.299372197563229E-5,1.299372197563229E-5,
4,2,3.42452076717389E-39,7.803278606432699E-22,0.9605332380055045,0.013155587331498436,0.013155587331498436,0.013155587331498436,
4,2,4.149989548794652E-61,1.0383634854862784E-23,0.9999999999923035,2.5655557042423155E-12,2.5655557042423155E-12,2.5655557042423155E-12,
4,2,1.13101556641644E-41,8.508481582818579E-11,0.9771952418488601,0.007601586022018347,0.007601586022018347,0.007601586022018347,
4,2,8.10528663546762E-41,7.185162770627064E-18,0.9989659694166854,3.4467686110487776E-4,3.4467686110487776E-4,3.4467686110487776E-4,
4,2,1.0151240748071512E-74,7.692188165054337E-28,1.0,6.575079204961212E-17,6.575079204961212E-17,6.575079204961212E-17,
4,3,1.010027729155808E-21,2.3571023840985773E-15,1.0918522759698981E-7,0.3333332969382567,0.3333332969382567,0.3333332969382567,
4,2,8.36884680718697E-49,4.3299090421895486E-14,0.9960335237584307,0.0013221587471752964,0.0013221587471752964,0.0013221587471752964,
4,2,9.698649755356908E-73,3.533234892140815E-39,1.0,5.305446415045047E-20,5.305446415045047E-20,5.305446415045047E-20,
4,2,6.17367857085322E-54,5.672275294275262E-17,0.9999999998640827,4.530567725429829E-11,4.530567725429829E-11,4.530567725429829E-11,
4,3,2.6996876587281622E-31,5.365182003768823E-11,2.6299330114156907E-5,0.333324566872078,0.333324566872078,0.333324566872078,
4,3,2.805744015477678E-13,7.673278918528718E-9,4.659360838098562E-16,0.33333333077548,0.33333333077548,0.33333333077548,
4,2,1.472939201083215E-73,8.007973605082848E-35,0.9999999999998821,3.932838387294346E-14,3.932838387294346E-14,3.932838387294346E-14,
4,2,4.108350188390162E-49,3.6808827476931094E-23,0.9999999842515603,5.249479847584232E-9,5.249479847584232E-9,5.249479847584232E-9,
4,3,6.077058052169265E-24,4.193384309674933E-15,1.808067183618466E-12,0.3333333333327293,0.3333333333327293,0.3333333333327293,
4,3,7.490561656215087E-31,1.2767958523422053E-19,9.929254921388036E-5,0.3333002358169287,0.3333002358169287,0.3333002358169287,
4,3,4.8364411863553035E-37,2.047595725561232E-9,2.655279428240537E-8,0.33333332379987,0.33333332379987,0.33333332379987,
4,3,9.56718504561022E-22,5.5843222913106926E-21,5.6249856583000334E-12,0.3333333333314583,0.3333333333314583,0.3333333333314583,
4,2,1.1558543342944626E-73,1.5335514101662786E-26,0.9999999999999993,1.136630007735492E-16,1.136630007735492E-16,1.136630007735492E-16,
4,2,5.452156994903671E-77,1.5783401342275576E-34,1.0,2.2800921261548136E-23,2.2800921261548136E-23,2.2800921261548136E-23,
4,2,3.5998740157359336E-69,3.4279474597136766E-21,1.0,2.9332922016447782E-18,2.9332922016447782E-18,2.9332922016447782E-18,
4,3,1.102472685291087E-31,7.587459917134796E-22,1.7671713993410335E-5,0.3333274427620022,0.3333274427620022,0.3333274427620022,
4,3,1.5545139994889893E-18,3.354899609222642E-6,3.101644924208175E-9,0.33333221399958196,0.33333221399958196,0.33333221399958196,
4,2,5.4608283905845063E-64,9.130451857601284E-30,0.9999999999999887,3.669518633423818E-15,3.669518633423818E-15,3.669518633423818E-15,
4,3,4.794474962473088E-26,1.0789099809429483E-9,4.2174222294115604E-11,0.3333333329596386,0.3333333329596386,0.3333333329596386,
4,2,3.7268019521704944E-66,5.967309640464534E-18,0.9999999999945364,1.821251807988013E-12,1.821251807988013E-12,1.821251807988013E-12,
4,3,3.8651733923356394E-24,4.11027364499512E-15,1.0201220518276146E-9,0.33333333299329126,0.33333333299329126,0.33333333299329126,
4,3,3.853775996711059E-27,7.39208174120199E-14,1.7351687288360194E-11,0.3333333333275248,0.3333333333275248,0.3333333333275248,
4,3,1.1121986856803675E-31,2.12040597658581E-26,0.17037194523663662,0.2765426849211211,0.2765426849211211,0.2765426849211211,
4,3,4.140164632900614E-22,1.4248890721877807E-20,2.287099144209619E-9,0.333333332570967,0.333333332570967,0.333333332570967,
4,3,3.631130381366156E-22,1.7881547802168804E-6,2.531636770375577E-10,0.333332737197352,0.333332737197352,0.333332737197352,
4,3,4.828782579270081E-32,4.271963129789625E-12,1.334021297131152E-6,0.33333288865814364,0.33333288865814364,0.33333288865814364,
5,3,4.0701505231659026E-38,1.7812108721369597E-7,3.235577083407856E-52,0.3333332739596376,0.3333332739596376,0.3333332739596376,
5,3,1.4091719626694764E-35,7.471594467971166E-6,2.3917354738023977E-59,0.333330842801844,0.333330842801844,0.333330842801844,
5,1,7.933751653573528E-20,0.5748902235537366,1.1265590438308744E-52,0.14170325881542115,0.14170325881542115,0.14170325881542115,
5,3,6.614912367025452E-41,7.632213010552956E-5,4.294064448404444E-66,0.3333078926232982,0.3333078926232982,0.3333078926232982,
5,3,7.224129850631106E-24,6.987851228915352E-5,7.686067039712617E-47,0.3333100404959036,0.3333100404959036,0.3333100404959036,
5,3,6.570695033520358E-58,0.05320217296310944,7.662853574417554E-68,0.3155992756789635,0.3155992756789635,0.3155992756789635,
5,3,4.215496894512165E-34,2.7726049213422794E-4,1.5066829517112954E-63,0.3332409131692886,0.3332409131692886,0.3332409131692886,
5,3,2.043956113466559E-25,1.2280982589901293E-4,1.3218250623052684E-53,0.33329239672470035,0.33329239672470035,0.33329239672470035,
5,3,1.5503268428100747E-32,4.288999587089585E-4,8.0353882732155225E-56,0.33319036668043034,0.33319036668043034,0.33319036668043034,
5,3,1.2052754021410876E-29,0.06698802861778085,5.448592810654036E-51,0.31100399046073973,0.31100399046073973,0.31100399046073973,
5,3,2.6829318887599998E-49,0.00959745467654345,2.3094144849236884E-56,0.3301341817744855,0.3301341817744855,0.3301341817744855,
5,1,7.229963599220541E-61,0.9553188066171112,5.181328146286891E-70,0.014893731127629494,0.014893731127629494,0.014893731127629494,
5,1,8.863477781082761E-30,0.25303772858499757,5.811422165900663E-56,0.24898742380500083,0.24898742380500083,0.24898742380500083,
5,3,6.432499814545311E-49,0.091922109417437,1.3507369309719114E-62,0.30269263019418763,0.30269263019418763,0.30269263019418763,
5,3,1.134403089936385E-44,0.0013605521451020188,1.3611573955285509E-61,0.33287981595163263,0.33287981595163263,0.33287981595163263,
5,3,1.3293772668536428E-40,0.08985288687849433,2.1137347191587174E-54,0.3033823710405019,0.3033823710405019,0.3033823710405019,
5,3,1.9929356415343406E-36,0.016154735627239934,7.93122268479213E-62,0.3279484214575867,0.3279484214575867,0.3279484214575867,
5,3,2.677582742543016E-24,0.010345441653713521,1.202147514154672E-56,0.3298848527820955,0.3298848527820955,0.3298848527820955,
5,3,2.066898881575903E-28,0.005554701931670853,5.057713084659708E-63,0.33148176602277635,0.33148176602277635,0.33148176602277635,
5,3,3.823250511788259E-40,0.006786049591177575,2.1184520775863074E-62,0.33107131680294083,0.33107131680294083,0.33107131680294083,
5,3,1.8306317722918326E-52,5.819479425853219E-5,1.075465963181508E-67,0.3333139350685805,0.3333139350685805,0.3333139350685805,
5,3,3.507719057035649E-34,7.612832363725673E-6,4.35334592238452E-61,0.3333307957225454,0.3333307957225454,0.3333307957225454,
5,3,1.2804734227081414E-23,2.5744814565096813E-8,5.597580853567073E-50,0.3333333247517285,0.3333333247517285,0.3333333247517285,
5,3,1.0756920786262193E-14,0.0011311295601542776,2.1844235259367755E-60,0.3329562901466117,0.3329562901466117,0.3329562901466117,
5,3,3.938749443567606E-43,0.0021752244757283585,6.147697418892743E-56,0.33260825850809056,0.33260825850809056,0.33260825850809056,
5,3,7.687610193852375E-23,0.0011603187262483536,1.4244943898666011E-55,0.33294656042458387,0.33294656042458387,0.33294656042458387,
5,3,3.8419785426977287E-47,6.926620607522572E-5,2.0804447301693845E-65,0.3333102445979749,0.3333102445979749,0.3333102445979749,
5,3,2.303251884965174E-37,7.710745017299949E-6,3.380012825153212E-57,0.3333307630849942,0.3333307630849942,0.3333307630849942,
5,3,4.9824303315575304E-30,0.029890268062398664,1.6546880871189065E-58,0.32336991064586706,0.32336991064586706,0.32336991064586706,
5,1,6.357688670719402E-32,0.8909788063177799,8.668339679468496E-58,0.03634039789407334,0.03634039789407334,0.03634039789407334,
5,3,7.984011573468739E-14,2.0534193726246398E-4,4.8839305680638276E-49,0.3332648860208859,0.3332648860208859,0.3332648860208859,
5,3,2.951085127135566E-20,0.002402919824573476,3.490412568694386E-53,0.33253236005847553,0.33253236005847553,0.33253236005847553,
5,3,1.761977400692837E-26,1.7942353265683127E-5,1.8626402610683894E-61,0.33332735254891144,0.33332735254891144,0.33332735254891144,
5,3,1.6774875516702205E-32,1.914267409120252E-6,4.4564771500378163E-51,0.33333269524419695,0.33333269524419695,0.33333269524419695,
5,3,2.821683016622685E-20,4.2089253731106556E-5,1.5632988467826907E-46,0.3333193035820896,0.3333193035820896,0.3333193035820896,
5,1,8.085831275235556E-58,0.46943738823246406,6.204874148892149E-67,0.17685420392251203,0.17685420392251203,0.17685420392251203,
5,3,5.026671362070717E-21,6.924813676690194E-4,3.507417028477367E-49,0.333102506210777,0.333102506210777,0.333102506210777,
5,3,2.0284028709959486E-31,0.003685343620549329,6.30217331589209E-57,0.33210488545981687,0.33210488545981687,0.33210488545981687,
5,1,5.306717716174755E-58,0.6323850005956819,3.4535616858399706E-66,0.12253833313477262,0.12253833313477262,0.12253833313477262,
5,3,2.127744905599007E-27,7.285070904312181E-8,2.1946462230449003E-52,0.33333330904976366,0.33333330904976366,0.33333330904976366,
5,3,6.85849660509493E-30,1.850467512529272E-5,2.421621681667287E-63,0.3333271651082915,0.3333271651082915,0.3333271651082915,
5,3,5.043590835047553E-46,1.2238059311454584E-4,2.602840926956316E-68,0.3332925398022951,0.3332925398022951,0.3332925398022951,
5,1,1.3154233286370272E-61,0.3274119284711093,5.4703488169842114E-73,0.22419602384296358,0.22419602384296358,0.22419602384296358,
5,3,5.417208453850144E-40,0.002531440206931154,1.577336386176955E-65,0.33248951993102294,0.33248951993102294,0.33248951993102294,
5,3,3.2839165246466485E-16,0.0028682708425363016,1.7942992008967423E-63,0.3323772430524878,0.3323772430524878,0.3323772430524878,
5,3,1.5033625595199998E-13,8.193868582291062E-5,1.0909921595272365E-55,0.3333060204380089,0.3333060204380089,0.3333060204380089,
5,3,6.736112391456903E-39,0.030404358746062527,1.002084182538198E-57,0.3231985470846458,0.3231985470846458,0.3231985470846458,
5,3,1.377007055164946E-26,0.0011777333213554989,7.105839381994224E-64,0.33294075555954816,0.33294075555954816,0.33294075555954816,
5,3,5.9992454358583535E-43,0.001598420988900373,1.908867978972906E-54,0.3328005263370332,0.3328005263370332,0.3328005263370332,
5,3,3.5865146873107325E-36,3.721687068873382E-5,2.2410787692308373E-54,0.3333209277097704,0.3333209277097704,0.3333209277097704,
5,3,6.100316914505875E-15,0.005861358512147262,2.256109102188246E-59,0.33137954716261553,0.33137954716261553,0.33137954716261553,
5,3,6.70808936191876E-42,0.0018769252899765098,1.4773451365443257E-55,0.3327076915700078,0.3327076915700078,0.3327076915700078,
5,3,6.903142444174645E-38,0.02491647283182727,1.8797288830913434E-66,0.3250278423893909,0.3250278423893909,0.3250278423893909,
5,3,4.175876895362672E-58,0.008306058245838653,