1,1,2.506134787634253E-4,0.774846027161161,0.22490335936007544,
2,2,4.569040751223801E-4,9.115340844509327E-13,0.9995430959239661,
2,2,0.053488509915207365,7.434450674827266E-18,0.9465114900847925,
0,1,0.02756433748320568,0.9724356625061493,1.0644969008234348E-11,
0,1,0.002029896756047432,0.9979701032439354,1.7143708085305148E-14,
2,2,0.0010372635600446568,3.484376688816547E-4,0.9986142987710737,
1,1,0.002648575613536557,0.9870034477846944,0.010347976601768952,
2,1,4.844074439329509E-5,0.5125327910075191,0.48741876824808755,
2,2,0.00147926153788582,2.5697467866432067E-18,0.9985207384621141,
0,0,0.7921600395998051,3.105311386373875E-11,0.20783996036914174,
2,2,0.025566377646106267,3.2914504179652412E-19,0.9744336223538936,
1,1,0.0027910454200189092,0.9972089545799812,5.5581566310641525E-18,
2,2,0.005100276231160331,2.3052722637666072E-8,0.994899700716117,
1,1,0.010397473679954965,0.9896025263194926,5.524876739355718E-13,
1,1,0.002209485783971034,0.9977903972005743,1.1701545457272328E-7,
1,1,3.131124909134111E-5,0.9999686818208623,6.930046532115227E-9,
0,1,0.015610053665957765,0.9843899463279755,6.066736426378398E-12,
2,2,3.7875802786868454E-5,2.187211759582114E-4,0.999743403021255,
0,2,0.00215478980933659,1.1423747971912503E-17,0.9978452101906635,
1,1,2.2840853289296975E-4,0.9997715914670885,1.8375319469204E-14,
1,1,6.321619633183134E-4,0.9993678380366809,5.991753967988443E-16,
0,1,0.023917778855637402,0.9760822211443552,7.386550523996857E-15,
1,1,2.6018524663299263E-6,0.9999973981468617,6.718809294991277E-13,
0,2,0.3858437010301376,1.1468405329992257E-15,0.6141562989698612,
1,1,1.0581547705277766E-6,0.6580239790766569,0.3419749627685725,
2,2,0.011560621470526005,2.2849507465053793E-19,0.988439378529474,
1,2,2.136435135139328E-5,0.0028915866433228154,0.9970870490053259,
0,1,1.6856606276580408E-5,0.9999831433937233,3.718682266057822E-19,
0,0,0.9999997622305007,3.148141699383312E-8,2.0628808221064328E-7,
1,1,8.703833722902178E-4,0.8070154136045425,0.19211420302316728,
1,1,0.002149033463261415,0.9978462886125832,4.677924155484971E-6,
2,2,1.0580198932720502E-4,6.352577602123173E-4,0.9992589402504604,
1,1,8.391051098762246E-4,0.9991608948899776,1.461445248276805E-13,
2,2,1.5696548994151087E-5,3.5999954498953674E-4,0.9996243039060163,
1,1,1.3597561264559123E-6,0.9990912954763864,9.073447674869996E-4,
2,2,0.0012791848314811902,8.81567621500793E-9,0.9987208063528427,
1,1,3.6385148933372225E-5,0.99996361485105,1.6661148307514273E-14,
2,2,2.6629311958188337E-6,5.620051700969965E-4,0.9994353318987071,
1,1,0.002764448311711185,0.9972355516879818,3.069746729957942E-13,
2,2,4.4324651440553385E-6,3.4952641090397314E-11,0.9999955674999033,
0,2,0.28000236203971207,6.936888149647765E-8,0.7199975685914065,
2,2,6.607678161911358E-5,1.4342556895665583E-4,0.9997904976494243,
0,2,0.017767550929019996,2.266871122051112E-19,0.98223244907098,
1,1,5.962197752501387E-6,0.9999940378022434,4.155601283575014E-15,
1,1,8.725926600146176E-6,0.9999910299384527,2.4413494727647177E-7,
2,2,7.862663474908896E-5,4.0372262352939075E-5,0.999881001102898,
1,1,0.0028024013103130417,0.9971975986896862,8.002101692042717E-16,
0,2,0.0658738344938831,2.1278347769026667E-14,0.9341261655060956,
0,0,0.9874004597413061,0.012599540201280866,5.741305635150578E-11,
1,1,1.6262604931958344E-4,0.999837373950653,2.742798346179416E-14,
2,1,2.3673918137326802E-5,0.9023774898963083,0.09759883618555448,
1,1,0.029257769401922925,0.9707422305980771,6.800185587441233E-17,
1,1,5.884880467759955E-4,0.999411511953224,5.687920288570644E-19,
0,0,0.9929487876737317,2.7518810638204504E-8,0.007051184807457638,
1,1,6.928076558837523E-5,0.9999307192344032,8.34237946834459E-15,
1,2,1.1491582693331275E-6,3.018419483073482E-4,0.9996970088934233,
2,2,9.823280058335802E-8,7.150084647621603E-4,0.9992848933024373,
0,0,0.9960658436371038,2.46921986286581E-12,0.003934156360427148,
1,2,1.7873235134843243E-5,4.766686673550455E-4,0.99950545809751,
0,0,0.9999955663010175,1.498980161875207E-9,4.432200002436043E-6,
2,2,1.324124061885491E-4,0.023907121904475612,0.9759604656893357,
1,1,7.441649554863317E-4,0.9992558350445137,1.2080751571736804E-18,
2,2,4.8282570848642267E-4,1.7494111937518863E-9,0.9995171725421025,
2,2,0.003477375400178294,7.466730114583232E-19,0.9965226245998217,
2,1,4.199800179720384E-5,0.6335451217565333,0.3664128802416694,
1,1,0.04848639721775711,0.9515135951080865,7.674156364957995E-9,
1,1,1.447590799802161E-4,0.999855240918161,1.8588418389211456E-12,
1,1,3.035525855310617E-4,0.9996964123438563,3.5070612545515296E-8,
2,2,3.573307934548888E-4,4.6915482189633647E-17,0.9996426692065451,
2,2,5.888259408248109E-4,1.0854076688378378E-13,0.9994111740590667,
1,1,2.2402275381077344E-6,0.9999975175309519,2.422415099334223E-7,
0,0,0.9506781104156751,0.049321889573803436,1.0521439110766801E-11,
2,2,4.910006385999116E-6,0.004843203261292293,0.9951518867323217,
2,2,7.520218749121193E-7,1.9155517165466783E-12,0.9999992479762096,
0,0,0.9123954889193129,0.08760448785142809,2.322925893855491E-8,
1,1,0.0019519221101096714,0.998048077889885,5.3744967684152114E-15,
0,0,0.9880475744375569,1.1832600744576803E-9,0.011952424379182992,
1,1,9.510195656644762E-5,0.9999048970094959,1.0339376835414824E-9,
2,2,0.05733551318092078,8.072262900280824E-8,0.9426644060964503,
0,0,0.5581145207230273,0.44188547881400525,4.62967417504062E-10,
1,1,1.8979991699699277E-5,0.9999810198160064,1.9229379285531368E-10,
1,1,2.6937792156633E-5,0.8653206657542333,0.13465239645361018,
2,2,1.8839010672448392E-5,3.2460604262465303E-16,0.9999811609893272,
1,1,9.424368266592548E-4,0.9990575631733397,1.133212754657495E-15,
1,1,0.3083238953334871,0.6916761046664917,2.133265269864252E-14,
2,2,0.0028071597253291505,1.6778597883688824E-19,0.9971928402746709,
0,0,0.9687976135060358,5.635959107770215E-4,0.03063879058318728,
2,2,1.893781994666721E-4,0.08371334982903209,0.9160972719715013,
2,2,2.0082706113941246E-5,2.898553444278163E-4,0.9996900619494582,
1,1,0.005776295639222864,0.9942237036575594,7.032176496190895E-10,
1,1,4.95222107360097E-5,0.9999503724580798,1.0533118432662754E-7,
2,2,6.774367310542425E-5,9.430302367777058E-11,0.9999322562325916,
0,0,0.7246920224760893,2.877410924376109E-7,0.2753076897828184,
2,2,7.102312044574417E-6,1.0670305385867549E-7,0.9999927909849017,
1,1,0.0015522707676629487,0.9984477292323369,1.658452936160369E-17,
1,1,1.2094888170856824E-5,0.7990591730142301,0.2009287320975991,
1,1,6.092709609184719E-5,0.9999390711872381,1.7166698931956565E-9,
0,1,5.75814319050489E-4,0.9994241856809496,5.3711170513920737E-17,
1,1,1.1369752871026215E-5,0.9994515635965914,5.37066650537652E-4,
1,1,0.18862906245976513,0.8113709375399804,2.545882529274755E-13,
0,0,0.9757343476550409,5.938845907502218E-7,0.02426505846036842,
1,1,0.0019194029439218226,0.9980805970560738,4.395520399945094E-15,
1,1,0.0033857860891253625,0.9966142138971014,1.3773326030479244E-11,
0,2,0.2518114230798533,2.3650751217935615E-12,0.7481885769177816,
2,2,0.03185325788447322,3.5975890912256415E-17,0.9681467421155268,
0,0,0.9930857351948139,2.3258990913443776E-6,0.006911938906094646,
2,2,0.05331460847682115,3.978183546486E-15,0.9466853915231749,
1,1,9.675760223887175E-7,0.9999990324214542,2.523599004415427E-12,
2,2,1.604442814250591E-4,1.599906309008724E-17,0.9998395557185749,
1,1,1.771900543069199E-4,0.9998065014326092,1.6308513083914098E-5,
0,1,0.19927785544367516,0.8007221445504299,5.8949346106956146E-12,
1,1,2.1006153642604233E-4,0.9997899384622955,1.2785349536391256E-12,
2,2,0.006210148985750337,4.782812206594322E-17,0.9937898510142497,
0,0,0.9980033306853149,2.2708730889059356E-11,0.0019966692919762695,
0,0,0.9999995832449062,1.0924111074135339E-7,3.075139828887161E-7,
1,1,6.695665180029875E-6,0.9200338877722533,0.07995941656256678,
0,2,1.3148866736737458E-4,3.254710846955802E-18,0.9998685113326327,
0,0,0.9999869992698894,7.722273329967867E-8,1.2923507377234593E-5,
0,0,0.5731284289259939,2.536739633335588E-9,0.42687156853726654,
2,2,1.7321349128893163E-6,0.003804929175562064,0.9961933386895251,
1,1,1.6427659314082755E-7,0.999998540258742,1.2954646647473017E-6,
2,2,0.0024667448105467203,1.817553034610956E-16,0.997533255189453,
1,1,0.0073465128412579005,0.9926534871587392,2.8920051863217076E-15,
0,1,0.02268256146522563,0.9773174385347473,2.7112816727131904E-14,
2,2,0.276703157634738,4.23444686103066E-15,0.7232968423652578,
1,1,0.017339797623957865,0.982660202376031,1.1054907934946353E-14,
1,1,0.04592757109870388,0.9394994703943489,0.014572958506947124,
0,1,0.12516877070073473,0.8748312292992599,5.35089373876107E-15,
2,2,3.7655487881454074E-7,1.9452755843911986E-17,0.999999623445121,
1,1,0.001039764070514032,0.9989602359294723,1.370391262517113E-14,
0,0,0.9999763131308882,4.8152640570105217E-11,2.368682095926538E-5,
0,0,0.6330670634583415,1.0372544713287944E-8,0.3669329261691138,
2,2,5.390633509913157E-4,7.068830866960247E-18,0.9994609366490087,
0,0,0.9824407484409566,0.012174865009110296,0.005384386549932977,
2,2,4.452253175792019E-4,0.021640661953062565,0.9779141127293582,
1,1,2.0489390538829817E-7,0.9999042040993728,9.559100672191241E-5,
2,2,0.03375571960091424,2.24293928357899E-6,0.9662420374598021,
0,0,0.9952509730969027,4.0310374022530554E-10,0.0047490264999937295,
1,1,0.0035696710135745564,0.9964303289384245,4.8000889577059334E-11,
1,1,1.0207108104569254E-4,0.9998978718019683,5.711698589799034E-8,
1,1,0.010924275090788645,0.9890757249081472,1.0643417146966571E-12,
0,2,0.004710793084573382,3.215749267028211E-17,0.9952892069154265,
1,1,3.7700747504889053E-4,0.9996229864184965,6.106454560703209E-9,
2,2,2.5896516577183096E-6,1.94104239025746E-5,0.9999779999244396,
1,1,0.02686886241477354,0.9687861332856981,0.004345004299528382,
1,1,8.57020875129527E-4,0.999142978768654,3.5621645554495265E-10,
2,2,1.505441717401514E-6,5.721028206670174E-10,0.9999984939861798,
1,1,0.0031407202120357297,0.9968592797879406,2.3715757671689078E-14,
2,2,2.3350627008059773E-5,3.0678562283910974E-5,0.9999459708107081,
0,2,0.18212321777494156,5.056536534827232E-18,0.8178767822250584,
0,2,0.00831504673982709,1.0898411732165596E-15,0.9916849532601719,
0,1,0.03359123740128019,0.9664087625986969,2.2970246461061193E-14,
0,0,0.9996766252763151,3.14361682672034E-4,9.013041012889733E-6,
1,1,5.2228208875687405E-6,0.9999947770233925,1.5571986454868493E-10,
2,2,0.0011223013043657412,3.3875838458042564E-11,0.9988776986617585,
1,2,3.7427771994685362E-6,0.4345018935054135,0.5654943637173869,
2,1,3.694586980996627E-5,0.9723589984829533,0.027604055647236662,
0,0,0.9937468324608161,0.006253157198475666,1.0340708199835028E-8,
2,2,0.0011660681309914505,2.038309628518682E-12,0.9988339318669701,
1,1,0.054594325099720585,0.9454056749000663,2.130727333398758E-13,
2,2,5.353735795591806E-4,5.921511853042894E-17,0.9994646264204408,
2,2,1.0723275012351144E-5,0.026431015371976285,0.9735582613530114,
2,2,7.355842447791536E-7,2.7675169477972786E-11,0.99999926438808,
2,2,6.437874578896862E-6,2.387124503175603E-14,0.9999935621253971,
0,0,0.9339737593178886,0.0660262406218317,6.027953723585646E-11,
0,1,0.007761838374457885,0.9922381616254515,9.06613160213066E-14,
0,0,0.9999995597717775,2.992486171857479E-8,4.1030336092267736E-7,
2,2,4.613684693701556E-4,0.008205278014236959,0.991333353516393,
2,2,3.5501136885420946E-4,4.257405827414648E-4,0.9992192480484042,
0,0,0.9786736401420686,0.02132635879074764,1.0671837825525283E-9,
2,2,1.022430659384495E-5,4.808877344605771E-10,0.9999897752125185,
2,2,1.0254349612939457E-6,4.723592813931574E-11,0.9999989745178028,
0,0,0.999991520267214,2.4182015543097095E-6,6.06153123177381E-6,
0,0,0.9965114811915606,0.002834125728155083,6.54393080284441E-4,
0,1,6.279307073850962E-4,0.9993720692923883,2.2655457180281127E-13,
0,0,0.9454129299203652,0.05444467693800203,1.4239314163272193E-4,
0,0,0.9991618432808336,8.379560087760069E-4,2.0071039038463617E-7,
0,1,0.012445288667313424,0.9875547113325241,1.6255047300077541E-13,
1,1,1.8760596153765E-4,0.9998123940282444,1.0217978049731238E-11,
1,1,4.7708440050848745E-4,0.9995229029141119,1.2685379450492929E-8,
0,1,0.22303915422473047,0.7769608457750746,1.9493257348950146E-13,
1,1,1.4976511759986285E-5,0.6871390996090788,0.3128459238791613,
1,1,2.807514639509568E-4,0.9997192485360489,1.7310640309134603E-16,
1,1,0.02099452580917022,0.9790054741908071,2.2567314017513472E-14,
0,0,0.9951926159648434,0.004807383719454845,3.157015660715786E-10,
2,2,4.0522105626412296E-4,5.509731690085829E-12,0.9995947789382262,
2,2,1.296932114147198E-5,1.0136218320917459E-11,0.9999870306687223,
0,0,0.9804777172657329,1.1205146535253953E-4,0.019410231268914623,
2,2,0.009975619341894688,0.41334734994138844,0.5766770307167168,
2,2,0.005233180539131038,2.1471613230999538E-7,0.9947666047447367,
0,0,0.999300763374348,5.388689579113314E-9,6.992312369623657E-4,
0,1,0.00492110641870351,0.9950788935812801,1.640679487099972E-14,
0,0,0.9994624280433688,5.35777957389836E-4,1.7939992412725168E-6,
0,0,0.9118210933419496,0.08817890665797251,7.798351834215174E-14,
0,0,0.9999637298103071,3.6270184385457325E-5,5.307667451843557E-12,
2,2,0.001071183592582731,9.364078435015058E-19,0.9989288164074173,
1,1,0.00797564226151996,0.9919982989886102,2.6058749869740277E-5,
2,2,4.370715910947388E-6,1.605088628734886E-5,0.9999795783978018,
2,2,0.028821306118401904,4.242689795500248E-10,0.9711786934573291,
0,1,0.11163627208410608,0.8883637279144825,1.4115696386334269E-12,
2,2,0.01428215114761604,3.447158980618486E-18,0.9857178488523839,
0,2,0.18755473470669576,1.135605021932067E-13,0.8124452652931906,
1,1,3.9188320462063954E-4,0.9996081167950037,3.756390810859572E-13,
0,2,0.13577115252046607,9.769385507951946E-15,0.8642288474795242,
2,1,9.729183195413413E-4,0.8383313167386164,0.16069576494184235,
0,2,0.01211906027245692,3.621974976731152E-19,0.9878809397275432,
0,0,0.9999999444981078,4.495058148594652E-8,1.055131090377327E-8,
1,1,0.0014152917497975827,0.9985847082502022,1.2402326576515962E-16,
2,2,0.001612521710481043,2.8048047997090776E-9,0.9983874754847141,
0,0,0.9981944374961188,2.0354208379323628E-11,0.0018055624835270022,
1,1,0.0020268703553399064,0.9979730120588975,1.1758576250712056E-7,
1,1,1.5280033394913302E-4,0.999843306117615,3.893548435821316E-6,
1,1,2.8485833396050636E-4,0.9997151394882564,2.1777830770301035E-9,
1,1,6.202188960154076E-7,0.997372666646879,0.002626713134225029,
0,1,0.03202212131076948,0.9679778786892135,1.694833934460516E-14,
1,1,0.0015548030982412628,0.9984451968930885,8.670110686267959E-12,
1,1,7.615316731745012E-5,0.999923841161085,5.671597561673841E-9,
0,0,0.7142033524687574,0.28579507753637207,1.569994870505642E-6,
0,0,0.7514658781526368,8.617221038256842E-13,0.24853412184650156,
1,1,2.4479278779552936E-4,0.9997552072122012,3.3019063112698794E-15,
1,1,2.635474456176066E-7,0.9999997363254598,1.270944956200784E-10,
1,1,8.759023092966519E-7,0.9999991120557228,1.2041968160682085E-8,
1,1,1.1375032583524125E-4,0.9998862496741647,9.415039754636891E-20,
1,1,1.1295564492118273E-6,0.9999969194621994,1.950981351367895E-6,
2,2,1.979350650514775E-5,0.02161453013592981,0.978365676357565,
0,0,0.9371668837801278,0.06283310680184732,9.418024983560068E-9,
2,2,3.791119407273349E-7,0.003490797488923828,0.9965088233991354,
1,1,0.020450048690785434,0.9795499513091235,9.120813293153129E-14,
1,1,4.149882468071624E-5,0.999958501174223,1.0962851789231444E-12,
2,2,2.0979631644920215E-4,0.003442515054016218,0.9963476886295345,
2,0,0.8090038772883305,2.1271900039456256E-12,0.1909961227095424,
0,0,0.8764880151625114,0.12351198483696117,5.273540159042111E-13,
2,2,5.713932492479133E-6,0.070745498142005,0.9292487879255026,
2,2,8.284939860795929E-4,1.521720237400354E-5,0.9991562888115464,
0,0,0.7532509019612288,5.815521104588284E-11,0.24674909798061603,
1,1,1.1082964430184671E-5,0.9999889170355695,1.473706097641193E-16,
1,1,0.001369525789949689,0.9986304742100501,1.7068739575259847E-16,
2,2,2.4070487307757838E-5,6.595105400124986E-14,0.9999759295126263,
2,2,8.973207945232996E-5,7.860678847469315E-13,0.9999102679197616,
1,1,3.452305899498864E-8,0.9999998583040145,1.0717292640010205E-7,
2,2,6.948091928052694E-4,1.6245921693526894E-20,0.9993051908071948,
2,2,0.05117966102968647,2.6885561934687757E-17,0.9488203389703135,
2,2,5.395881071031443E-6,4.203540540848242E-4,0.9995742500648441,
0,0,0.9999965833251595,2.5814650485976306E-13,3.416674582110441E-6,
2,2,1.0372376965258266E-6,0.020438140452861336,0.9795608223094422,
0,2,0.05759612700092674,1.8553926091419526E-18,0.9424038729990734,
0,0,0.9999988839659882,4.661229408597656E-9,1.1113727824158153E-6,
1,1,1.1174153283311609E-4,0.9998861828328315,2.075634335325632E-6,
0,0,0.9999738452211973,3.5102866641420417E-13,2.6154778451797954E-5,
1,1,1.1538226893266561E-4,0.9963138768946882,0.0035707408363791463,
0,0,0.9951690806771244,0.004830919301267344,2.160811354486931E-11,
1,1,0.0021108006552506948,0.9978891991346002,2.101490166091942E-10,
0,1,0.001904232126769602,0.9980957678732046,2.570960170242435E-14,
2,2,0.001167676278075234,1.586343481354769E-10,0.9988323235632904,
1,0,0.6999807921143205,0.29989680669917435,1.2240118650515166E-4,
2,2,0.002560548151521153,2.2567713426739138E-14,0.9974394518484564,
0,1,0.16491942459342668,0.8350805754060205,5.528018328495239E-13,
1,1,3.3721312988423025E-5,0.9999618193418975,4.459345113853125E-6,
1,1,0.01144227128988559,0.9885577287026548,7.459593557105661E-12,
1,1,0.003805716334691018,0.9961942836377,2.760912766238486E-11,
0,1,0.0038512536766325536,0.9961487463233267,4.079400319059455E-14,
0,0,0.9985097317518118,0.001489835100714885,4.3314747323058357E-7,
0,0,0.8344726722387433,4.0905823436754085E-17,0.16552732776125662,
0,1,0.0017877618538540993,0.9982122381461448,1.1638513687653101E-15,
2,2,6.51361167615141E-5,1.3320598520686917E-8,0.99993485056264,
0,1,7.43882131275327E-5,0.9999256117866229,2.4958449920760016E-13,
0,0,0.8299733917264179,4.775045981273057E-12,0.17002660826880708,
2,2,1.5329984787102985E-5,3.716254406868147E-20,0.9999846700152129,
2,1,4.4394309170848117E-4,0.9458816583688687,0.053674398539422914,
2,2,4.479911474812188E-6,1.707469513786582E-7,0.9999953493415739,
2,2,0.006409004329754386,5.035263051011606E-21,0.9935909956702456,
2,2,8.425277086392342E-4,3.133381693796513E-9,0.9991574691579791,
2,2,5.648370669438233E-4,8.274832882527511E-18,0.9994351629330562,
1,1,1.9732173175099417E-5,0.9999802678267413,8.348818662268553E-14,
1,1,2.7046313372310846E-4,0.7171072061621366,0.2826223307041401,
1,1,1.8419986371985345E-5,0.9999769653034808,4.614710147141814E-6,
0,0,0.9970876692132576,0.002912322693799465,8.092942831690226E-9,
0,1,0.04490696421676644,0.955093035783217,1.6531358157978792E-14,
2,2,8.92346574369864E-4,8.171308189548426E-4,0.9982905226066753,
2,2,7.094322530517029E-5,0.07527949524950706,0.9246495615251876,
1,1,0.00787502440297334,0.9921249755970251,1.462948559585023E-15,
1,1,0.003607121343262102,0.9690484832370608,0.027344395419677064,
1,1,3.6317693065032912E-6,0.9999963682305947,9.884732145432549E-14,
0,1,0.01567319547499577,0.9843268045249222,8.196791765449755E-14,
2,2,9.012862950495877E-7,6.864626929519427E-7,0.999998412251012,
0,0,0.9965527497972544,0.003447095699790604,1.5450295514554677E-7,
0,0,0.9970281720909243,3.328005019695263E-7,0.0029714951085738216,
0,2,0.033540422068131605,2.5441016896343603E-16,0.9664595779318682,
1,1,1.5344502816444145E-7,0.9997713225789447,2.2852397602730526E-4,
2,2,0.011885155084794277,1.7812115849744368E-16,0.9881148449152055,
2,2,8.109581156762092E-5,1.0354185149980326E-21,0.9999189041884324,
0,0,0.8819460224557901,0.11805395036111245,2.7183097537375113E-8,
1,1,0.023031936208618705,0.9769680637913797,1.4348636649143367E-15,
1,1,6.082377153426753E-4,0.9993917622846573,1.7281908377579622E-18,
0,0,0.794193548808521,0.20580645119080115,6.778708410330573E-13,
0,2,0.24298273614669494,2.3573636364868166E-9,0.7570172614959413,
1,1,4.082176675240836E-5,0.99995891307789,2.6515535771797474E-7,
1,1,3.732586096667298E-4,0.999626721315801,2.007453218519088E-8,
0,0,0.9777939957564793,3.427435982228215E-14,0.022206004243486326,
2,2,0.031440183475113945,1.8101548553699836E-17,0.968559816524886,
0,1,0.019523363129067467,0.9804766368709318,6.397132116462304E-16,
2,1,3.930912957859849E-6,0.8663536035059082,0.1336424655811339,
0,2,0.06520288773343927,1.409116841409612E-18,0.9347971122665607,
0,0,0.9876440345181341,0.012321441576569432,3.4523905296355825E-5,
1,1,0.02315716005540432,0.9768428399445955,1.3824630529094748E-16,
1,1,0.0013185891119012207,0.9986814108880984,5.290623166481393E-16,
1,1,0.0015810816051783406,0.9318227702218665,0.0665961481729552,
1,1,0.034921686157470794,0.9650783138405582,1.9711073735677753E-12,
1,1,1.6818534255841522E-5,0.9999814639760564,1.717489687779668E-6,
2,2,0.015854319088127455,1.4314805310319258E-12,0.9841456809104411,
1,2,9.86531618118456E-7,0.02263154663131829,0.9773674668370635,
1,1,2.948000478993906E-6,0.9999965745116063,4.774879147923849E-7,
2,1,3.435098955977941E-6,0.9789947370745568,0.02100182782648729,
0,0,0.9999999004296597,9.926736684776432E-8,3.029734825349374E-10,
2,2,0.015907590529031016,3.0415747209216903E-16,0.9840924094709687,
0,2,0.01542661233959935,0.029138985302084516,0.9554344023583162,
1,1,2.528176576278242E-4,0.9997471823423723,3.119594209028582E-17,
1,1,3.245426524190739E-5,0.9984164606840596,0.0015510850506983173,
2,2,6.757055842744609E-4,0.35385579344736784,0.6454685009683577,
2,2,0.010998178698068175,0.03527411486832939,0.9537277064336024,
2,1,3.494124948635196E-5,0.9732448531940668,0.026720205556446597,
1,1,0.21158628759369305,0.7884137085114681,3.894838877901217E-9,
0,1,0.0655791066309899,0.9344208933519181,1.709210923888957E-11,
2,2,0.024449096881545992,2.088076968971652E-13,0.9755509031182453,
0,2,0.04341787887480655,5.440292369986169E-19,0.9565821211251935,
2,2,0.13739726924161363,3.6807127882419666E-14,0.8626027307583495,
1,1,0.055680072235286336,0.944319926952987,8.117267173461437E-10,
2,2,1.0088025476124225E-4,1.0916451938596854E-20,0.9998991197452387,
1,1,0.025576993047885768,0.9744228457027037,1.6124941052058674E-7,
1,1,1.2676805758107512E-5,0.9999873231610413,3.320052543466559E-11,
2,2,0.15334997187934563,8.7920357040982E-17,0.8466500281206544,
2,2,3.4471604117004035E-7,2.4703188814123313E-5,0.9999749520951446,
1,2,1.5442704960169288E-8,0.0018079374178446858,0.9981920471394504,
1,1,2.0688140966684866E-4,0.9997931185902775,5.577676066986475E-14,
0,2,0.00514693392722658,1.4668705420470832E-18,0.9948530660727735,
2,2,0.05431723920095446,4.4259705377312237E-10,0.9456827603564485,
1,1,6.558311859653281E-5,0.9999344142267741,2.6546293680435498E-9,
1,1,7.763099047347791E-5,0.9999223690092958,2.3094812609029894E-13,
2,2,6.781738834944341E-7,0.16547226733079315,0.8345270544953234,
2,2,1.1164350656277089E-6,8.956339195378744E-8,0.9999987940015425,
0,0,0.9766056179177098,0.023394382081807538,4.826450540854171E-13,
2,2,7.913035747463679E-5,1.2692344789276688E-13,0.9999208696423985,
2,2,1.1649696151959823E-4,6.42138377481028E-16,0.9998835030384798,
0,1,0.4253691645708115,0.5746308346633213,7.658671280720836E-10,
0,0,0.9999919133227687,7.883035471012936E-6,2.0364176011682813E-7,
0,0,0.9998681012786558,1.3185720771898866E-4,4.151362527099857E-8,
1,1,0.0037573327826605427,0.996242667216641,6.983846844189164E-13,
2,1,5.538372659705252E-4,0.8129913918550405,0.18645477087898885,
1,1,0.004852442179967457,0.9951475578199648,6.786999697025953E-14,
1,1,4.495119460985456E-4,0.9995504880539013,3.280194309690245E-16,
1,1,4.4218531099818483E-4,0.9326048800006564,0.06695293468834548,
2,2,2.1313095192258577E-6,0.3955326852437605,0.6044651834467203,
2,2,1.1298438630674674E-6,2.5918921582693296E-9,0.9999988675642447,
0,0,0.7925068291505888,0.20749317084739255,2.018593351733686E-12,
1,1,7.034395902712723E-5,0.9999296560409007,7.226026029905482E-14,
2,2,6.907869898185157E-4,1.1928212198481573E-17,0.9993092130101816,
2,2,1.8046389517335285E-7,1.7669933620216455E-11,0.9999998195184349,
1,1,2.726858139342626E-6,0.9986815564459306,0.0013157166959300477,
1,1,1.2413439058359617E-5,0.9999853545548514,2.2320060901436956E-6,
1,1,0.052010489185697166,0.9479895108142361,6.677321328341753E-14,
1,1,2.060845890426906E-6,0.9999979391541036,6.037279563410918E-15,
1,1,0.022079604773124258,0.9779203952268755,1.9228175499416348E-16,
2,2,2.699787553580873E-4,2.1709652120134838E-15,0.9997300212446397,
2,2,1.0432695823392725E-4,7.695666156785352E-19,0.9998956730417661,
2,2,2.0058306578039634E-5,0.004038272959794469,0.9959416687336275,
0,1,0.03544314147977508,0.9645568585199263,2.9865631895497035E-13,
2,2,0.07755377150487237,3.1412769879262493E-18,0.9224462284951277,
1,1,1.7685836257369482E-6,0.9999982314163685,5.802239910215215E-15,
0,0,0.9997807370094877,3.933822999436448E-10,2.1926259712999531E-4,
1,1,1.447159118314119E-6,0.5228096388635116,0.47718891397737007,
2,2,0.04213131833155559,1.645557418483198E-11,0.9578686816519888,
0,0,0.9777283066013649,6.921731015245718E-4,0.021579520297110483,
2,2,0.05570510110228488,1.6167999082630823E-16,0.9442948988977149,
1,1,0.012610293122567385,0.9873897068774325,2.5568698484354974E-18,
2,2,1.4646826446863744E-5,7.369549679755766E-13,0.9999853531728161,
1,1,0.01485733900913272,0.9851426609908636,3.616392925690781E-15,
2,2,5.528714532585475E-4,1.4396881955881118E-17,0.9994471285467416,
1,1,0.0067606854737806525,0.9932393141160291,4.1019033880016767E-10,
0,1,0.2832239327355024,0.7167760672644952,2.5619790204642916E-15,
1,1,7.147999486862736E-5,0.9999285199330364,7.209501169643355E-11,
1,1,2.6355461819245414E-4,0.9997364453818073,2.783944361666539E-16,
0,2,0.0647371210049805,2.884881047308617E-17,0.9352628789950195,
1,1,9.655564733358313E-7,0.9999990344424728,1.053860196732594E-12,
1,1,0.003052739527594666,0.9969472604011832,7.122209386964626E-11,
1,1,0.013177397067755493,0.986822602932244,3.730964750863429E-16,
0,0,0.9230842556577432,2.257702514587802E-11,0.07691574431967987,
1,1,0.08535292287789291,0.9146470771221051,1.9671319641196097E-15,
0,0,0.9999381862229423,4.98068406587081E-5,1.2006936399035524E-5,
0,0,0.9995920446142393,4.04726570592E-4,3.22881516859825E-6,
2,1,2.03732658908396E-6,0.9496936932860659,0.050304269387344835,
2,2,0.0013739478058136696,3.416348428949598E-20,0.9986260521941863,
2,2,1.1132604092693045E-5,9.321471140016772E-10,0.9999888664637601,
0,0,0.9974950257876418,0.0025049742116361154,7.219799867855214E-13,
1,1,2.818378652391367E-5,0.9999718045846571,1.1628819022494045E-8,
1,1,5.66630950910262E-4,0.9990821043456745,3.512647034153152E-4,
1,1,0.0018084343035073508,0.9981894635726534,2.1021238391881137E-6,
0,0,0.9534636271887184,0.046536372686083585,1.25198111853946E-10,
2,2,2.0219529179600932E-4,2.0851148460147904E-7,0.9997975961967195,
1,1,0.002045873030486369,0.9979541269688217,6.91959105116861E-13,
0,0,0.999939963205666,6.002555960759585E-5,1.1234726396522228E-8,
0,2,0.016982740447917748,2.0356155133503128E-16,0.983017259552082,
1,1,0.023908180245174094,0.9760918196788452,7.598077069200546E-11,
1,1,2.524959338122554E-5,0.9999747503028849,1.0373398809147284E-10,
0,0,0.992921017045089,0.007078982954767045,1.4396891671082043E-13,
0,0,0.9994412567022238,1.429808382094427E-7,5.586003169377306E-4,
1,1,8.457881466265665E-5,0.9734557161098637,0.026459705075473756,
1,1,4.607447032541075E-7,0.9999468060964661,5.273315883044132E-5,
2,1,1.0016936805514015E-4,0.9582472784718448,0.041652552160100234,
0,2,1.1356239814392245E-4,9.247291532048533E-15,0.9998864376018468,
0,0,0.9781578978543034,1.4675071274825048E-13,0.021842102145549654,
2,2,3.2208036078369326E-4,1.3887430852205762E-16,0.9996779196392163,
0,2,0.3257941710525604,6.844957315739666E-16,0.674205828947439,
2,0,0.6970362298049476,0.17201187337393656,0.13095189682111577,
1,1,0.023152852636929552,0.9768385989647738,8.548398296641716E-6,
1,1,1.464735967837722E-5,0.9999040266321925,8.132600812938067E-5,
1,1,9.496044788858963E-7,0.998714867912352,0.0012841824831691915,
2,2,1.5372641445506524E-5,2.610871967022807E-4,0.9997235401618523,
2,2,5.01250412000283E-6,5.746239832151966E-15,0.9999949874958743,
2,2,3.7613243513376623E-6,1.8041119323360613E-10,0.9999962384952376,
1,1,1.8081644720250733E-5,0.9999818985642086,1.9791071195560874E-8,
2,2,5.31376112364169E-6,0.028314605949228945,0.9716800802896474,
1,1,5.919746740467136E-6,0.8679957314615003,0.13199834879175926,
2,2,9.184074279266441E-4,2.320624065626611E-20,0.9990815925720734,
0,1,0.017039256236026996,0.9829607437639214,5.178081604648064E-14,
2,2,7.090383703230594E-5,7.535316382367776E-8,0.9999290208098037,
0,0,0.9999815821243747,5.927135054287993E-11,1.8417816354034993E-5,
0,1,0.0010430974669451642,0.9989569025330548,4.624506750541093E-18,
1,1,3.871707002132041E-5,0.9999612827596133,1.703654440335181E-10,
0,1,0.35838647340390023,0.6416135107797292,1.5816370551617015E-8,
0,0,0.9999848697018442,2.9717218502059527E-8,1.5100580937318808E-5,
2,1,8.633936424340548E-7,0.9998390005791856,1.6013602717182034E-4,
0,1,0.08481948841315146,0.9151805115868458,2.8932165505217332E-15,
2,2,0.004937712232344559,5.315244527663401E-4,0.994530763314889,
1,1,0.0045643400003690104,0.9954356599996299,1.0811883373550457E-15,
2,2,0.0010340934650055402,9.587707788932518E-13,0.9989659065340358,
2,2,4.7990290229733194E-4,3.289183484158435E-19,0.9995200970977027,
2,2,7.649206394684998E-6,3.461737247020567E-15,0.9999923507936017,
1,1,9.772343506733151E-5,0.9999003761656791,1.9003992537832041E-6,
2,2,1.4500714470640384E-4,1.3973612971970083E-18,0.9998549928552937,
2,2,2.863345450004634E-5,1.1409234135956125E-10,0.9999713664314075,
0,1,0.025686253739433333,0.974313746260554,1.2832048683423881E-14,
1,2,7.174313991531095E-6,0.09215616503391053,0.907836660652098,
0,0,0.9802877820818929,0.019712217540723134,3.773841473607431E-10,
1,1,7.570305901198046E-5,0.9955007196467591,0.004423577294228943,
1,1,0.05363587691284347,0.9463641229585394,1.2861723505581875E-10,
0,2,0.026170682327015794,7.50857328028598E-18,0.9738293176729842,
2,2,0.0013909762922096845,0.30729749077787866,0.6913115329299117,
1,2,4.326354263240198E-6,0.04541852596859253,0.9545771476771442,
2,2,1.2158582729401408E-6,4.201789135283237E-8,0.9999987421238357,
1,1,3.50355779282733E-6,0.9999964964409717,1.235394710143231E-12,
0,0,0.6490661042223228,0.35093389575319756,2.4479635728691957E-11,
0,0,0.5367693318495393,2.689131774210557E-15,0.46323066815045794,
2,2,0.016501262932435493,4.224420886299658E-14,0.9834987370675223,
2,2,6.121687821077381E-6,0.022361176035057433,0.9776327022771214,
2,2,0.0059439966338020464,1.3071265802951914E-6,0.9940546962396176,
1,1,0.013827355483177893,0.9861726445151285,1.6936001042492612E-12,
0,1,0.004233870497535211,0.9957661295024648,7.284225888694154E-17,
1,1,2.2564882165202022E-4,0.9997743511774154,9.324943107240574E-13,
2,2,0.0018187750468068354,1.886146965198054E-7,0.9981810363384965,
0,1,0.3310649254232939,0.6689350668598403,7.716865851259414E-9,
1,1,4.712840511104885E-4,0.9995287153545793,5.943102029392282E-10,
0,0,0.6910962023288187,0.3089037974696941,2.0148721859763316E-10,
0,0,0.9814658611071683,0.01853413884055217,5.227937494232971E-11,
0,2,6.742629354230814E-5,3.216742571908796E-15,0.9999325737064545,
2,2,3.073731722967156E-4,5.522311226710698E-13,0.9996926268271511,
1,1,4.037374799030426E-4,0.9995962625200967,1.3435333466363542E-16,
1,1,0.0032804107758865613,0.9810855277612989,0.01563406146281448,
1,1,1.6518321555564574E-4,0.9998346529023305,1.6388211382768502E-7,
1,1,1.5778779588594777E-5,0.999984220213373,1.0070384753117147E-9,
0,1,0.0018341146956598665,0.9981658683183695,1.698597058248332E-8,
0,0,0.6742532612998826,7.719303339282577E-17,0.32574673870011717,
0,1,0.0013367840554730824,0.9986632159444944,3.26534686239922E-14,
2,2,3.58700144361031E-5,3.1127073827006365E-11,0.9999641299544368,
2,2,0.018241265361036263,3.384451354707204E-15,0.9817587346389605,
0,0,0.9999316863809959,1.5768197920551367E-6,6.673679921202082E-5,
1,1,7.66627630404597E-7,0.9999410446921949,5.81886801745466E-5,
1,1,2.0987292678470288E-4,0.7395771529577716,0.26021297411544386,
0,0,0.7846356260289679,0.21536437395047087,2.0561245065242487E-11,
1,1,7.198372510776939E-4,0.9992801599862924,2.762629940100801E-9,
0,0,0.8993244280574247,0.10067557194215979,4.154191861197212E-13,
0,0,0.9993043389382334,6.955117529500091E-4,1.4930881664993947E-7,
2,2,0.001932674678114096,4.337243789934769E-9,0.9980673209846421,
1,0,0.6648517066898556,0.33514829330995877,1.8558901675623803E-13,
1,1,0.0036492752979058385,0.9963507247006185,1.4755767562836131E-12,
2,2,0.0486123421400973,0.09118982695999538,0.8601978308999073,
0,1,0.15660765496964157,0.8433923074962166,3.7534141704770904E-8,
2,2,0.04745814394612971,7.218242254862644E-16,0.9525418560538697,
1,1,2.6399556926467477E-5,0.9999736004430736,5.119274955078458E-19,
0,0,0.9998926836364409,1.0715208917674413E-4,1.6427438239851835E-7,
1,1,5.37741039979659E-6,0.9728566559167552,0.027137966672844897,
0,2,0.15274020002973043,4.6638567780616996E-14,0.8472597999702228,
2,2,1.5516789693590397E-4,2.995113811365197E-20,0.9998448321030641,
0,0,0.7414428700056861,0.2585571299841683,1.0145578591578428E-11,
1,1,0.0017214011272536677,0.9982785988727463,2.0374081603635547E-17,
2,2,0.017515445482086972,9.680873971712145E-12,0.9824845545082322,
1,1,1.2884070165623048E-4,0.9998711591458042,1.5253957886581553E-10,
1,1,3.435268460353862E-4,0.9996562018205765,2.713333879894671E-7,
2,2,0.005837636157503428,1.2772792595068375E-6,0.9941610865632372,
1,1,0.0012309870829500873,0.998450089001276,3.189239157740528E-4,
2,2,6.174003750207018E-4,4.231295719667349E-9,0.9993825953936836,
0,0,0.9998458522323952,3.798451000346136E-7,1.5376792250476783E-4,
1,1,2.8332310258191896E-4,0.999716675615026,1.2823919992480895E-9,
1,1,6.306047817894655E-6,0.9999936189650258,7.498715635703138E-8,
1,1,6.737696544324854E-4,0.9993261573810611,7.296450645445611E-8,
0,1,0.06539598492055887,0.934604015079374,6.704482495236804E-14,
2,2,3.231063711530411E-4,2.004727430815677E-5,0.9996568463545388,
2,2,0.004288488230860752,1.2618275578806167E-9,0.9957115105073117,
0,0,0.999499629032464,5.003644729413869E-4,6.4945944269677284E-9,
0,1,0.16054146498285102,0.8394585350170087,1.402573307798951E-13,
2,0,0.6511221156743351,0.006693218024060404,0.3421846663016045,
2,2,3.910696081617144E-6,2.4957804811706152E-8,0.9999960643461134,
0,0,0.6428379438080359,0.357162054893168,1.2987959800923748E-9,
2,2,0.061821921742370105,1.8360089794286338E-18,0.93817807825763,
2,2,2.4530490771356166E-4,7.800781534397604E-17,0.9997546950922864,
1,1,3.0374811804643906E-4,0.9996962518641053,1.7848189962191746E-11,
1,1,0.011284135906281465,0.9869535608224965,0.0017623032712219633,
2,2,2.4426531864633514E-4,1.484298939086449E-4,0.999607304787445,
0,1,0.34939897323963215,0.6506010258496473,9.107204653603587E-10,
2,2,0.0056138335017836055,1.725312706566659E-13,0.9943861664980438,
0,0,0.964933953883537,0.03506570139633331,3.447201295720826E-7,
0,0,0.8209007788317411,1.7563163895935908E-7,0.17909904553661998,
0,0,0.9946730706582251,0.005326718571935719,2.1076983917641849E-7,
0,0,0.9765997674703785,7.323760569115496E-7,0.023399500153564696,
0,1,0.03307979719309686,0.9669202028069029,2.2510266572831397E-16,
2,1,7.327567456751568E-6,0.8664953112747015,0.13349736115784164,
2,2,0.02158357411687876,1.979129151158364E-15,0.9784164258831192,
2,2,4.967636920488809E-5,0.0015300654691909495,0.9984202581616042,
1,1,1.1640167188957049E-5,0.9999871152296831,1.2446031279496238E-6,
1,1,2.448020782786478E-4,0.9997551979217214,2.4055631450099767E-18,
0,1,0.02771778726826627,0.9722822127317339,3.3749149776017736E-17,
1,1,2.0900337542544294E-6,0.9999536736659355,4.4236300310200774E-5,
0,2,0.02239043867665155,1.351982234610639E-15,0.9776095613233472,
2,2,1.0477631700563869E-5,3.9753374172787566E-5,0.9999497689941266,
2,1,2.6587355646981117E-4,0.9751788046025398,0.0245553218409902,
2,2,0.009543122709391342,2.0851979526382592E-16,0.9904568772906084,
2,2,1.9418348415505425E-6,0.0064271180015039245,0.9935709401636544,
1,1,2.101646492051295E-4,0.9997815545951648,8.280755630160953E-6,
0,0,0.9999353056555986,1.4365633055261253E-6,6.325778109571783E-5,
1,1,3.916488111260627E-6,0.9975301387546949,0.002465944757193782,
2,2,0.07619464762482346,0.0027854958073814527,0.9210198565677951,
1,2,3.0198550498109107E-7,0.0019344242386704457,0.9980652737758244,
0,0,0.9940904404497585,1.7147360571773324E-6,0.005907844814184408,
0,1,0.14523006891514453,0.8547699310848194,3.6095998731348635E-14,
2,2,0.0032305611624838695,2.372605288544786E-19,0.9967694388375161,
1,1,0.002811588772976322,0.9971884111923663,3.465743672781651E-11,
2,2,0.028208263808554086,4.286546602731132E-13,0.9717917361910172,
0,0,0.9999883691827173,1.4496347272372487E-7,1.1485853810009585E-5,
2,2,0.10646201469167352,3.482242988582299E-15,0.8935379853083231,
0,0,0.9998754158394001,9.988723003921834E-9,1.245741718768715E-4,
2,2,4.269183046860603E-4,0.004881601682129427,0.9946914800131845,
0,2,0.23462576353995077,7.211289303363763E-15,0.7653742364600421,
1,0,0.5550895653696692,0.4449104346302275,1.0328956698228465E-13,
0,0,0.9620559759781492,1.4698056634819459E-6,0.037942554216187425,
1,1,2.7098004571898016E-6,0.9999972771377023,1.3061840454633147E-8,
2,2,4.7346756818815275E-6,0.003694293837294839,0.9963009714870232,
0,1,0.1266354339609198,0.8733645660389943,8.598026522411417E-14,
1,2,2.0333813828098316E-4,0.3399566824488386,0.6598399794128804,
2,2,3.183844723424396E-5,3.358762288896836E-12,0.999968161549407,
1,1,2.428677372625584E-7,0.9999995161433622,2.4098890067597726E-7,
1,2,2.806733153577733E-4,0.1706523290217207,0.8290669976629215,
0,1,0.0012691168117553544,0.9987308831882441,4.199864881838351E-16,
0,2,4.2195212638395746E-4,2.9527952109637697E-19,0.9995780478736159,
1,1,9.036112622245475E-5,0.9999096323020752,6.57170233396238E-9,
1,1,2.058874068636735E-4,0.9997941094472377,3.1458987258642855E-9,
1,1,1.740748430123774E-5,0.9999825924840007,3.169798692537634E-11,
2,2,1.0543399315644699E-6,1.0763680999267422E-15,0.9999989456600674,
1,1,9.261184124279486E-4,0.9990738815875151,5.706069080590868E-14,
0,0,0.6248608931264306,0.37513908898980325,1.78837662628659E-8,
0,2,0.013689716456316555,1.837575350984797E-18,0.9863102835436836,
1,1,6.992642292649805E-4,0.999297925017786,2.8107529489315137E-6,
2,2,0.0050676479617709595,1.671021784845085E-20,0.994932352038229,
1,1,9.21422470258011E-4,0.999078577529742,1.978121750760583E-18,
1,1,0.1002504016132883,0.8997495983862589,4.5284386611889597E-13,
2,2,1.29770145885769E-5,1.8083434544145136E-10,0.9999870228045772,
0,0,0.9976745006363061,0.00232547968051588,1.9683178092243975E-8,
2,2,0.002139582074914123,1.104619764279294E-6,0.9978593133053215,
1,2,9.781250958869332E-6,0.18072106706098126,0.8192691516880598,
0,0,0.9554262082039316,2.1062042300383643E-11,0.04457379177500642,
0,2,0.10835074332994482,2.9271838890771484E-15,0.8916492566700523,
1,1,0.09492675087193456,0.9050732491187782,9.287181548979105E-12,
2,1,0.14504773836675844,0.4572862720876777,0.39766598954556387,
1,1,9.389660734993324E-5,0.9999061033926449,5.295553030450667E-15,
0,0,0.9999004423845806,1.932457318209989E-10,9.955742217358444E-5,
1,1,9.859282170933809E-5,0.999729683283429,1.7172389486157138E-4,
1,1,5.858398161079992E-4,0.9994141601820906,1.8013192264091783E-12,
0,2,0.28669330874427273,3.5057744034912825E-8,0.7133066561979832,
0,2,0.1094177690127128,1.4839207084633763E-10,0.8905822308388952,
0,2,0.0013648381900826245,1.5211486479454393E-18,0.9986351618099174,
1,1,1.0686855015868332E-6,0.9999989304334562,8.81042238973269E-10,
1,1,1.1080310046768387E-6,0.999998891876938,9.205746231697476E-11,
0,1,0.4187297045482562,0.5812702954512368,5.070118770620989E-13,
1,1,0.014884143032137235,0.9851158569557671,1.2095579896915164E-11,
2,2,9.094430505785171E-8,5.888587240505367E-7,0.9999993201969709,
1,1,8.601129779658019E-4,0.9991398870220337,3.505091482560114E-16,
0,0,0.9796963776788069,7.900197644921249E-11,0.02030362224219121,
0,0,0.5724800475675008,5.264786417229251E-7,0.4275194259538574,
0,0,0.9999504037178473,1.8938460986412801E-7,4.9406897542872165E-5,
1,1,3.2421931449064106E-5,0.9999675780188584,4.969250252503026E-11,
0,1,0.11158780009799395,0.8884121999012459,7.600164047852684E-13,
