6,5,8.968346390870757E-32,7.989591749061085E-13,2.409347629812479E-24,1.4647232055169729E-18,4.824335235249283E-99,0.7787477098263682,0.2212522901728329,2.0288222348454938E-17,2.8750128822330994E-175,2.9217449371145282E-180,
6,5,1.225348197497075E-26,8.311410482359005E-13,1.654361956781297E-18,2.9036686255722946E-18,2.1233089460952896E-95,0.8209444591339572,0.17905554086521172,8.135346537523625E-18,1.4491544924435871E-176,1.9041018770530257E-180,
3,3,1.4797660467751272E-91,0.03553121937096553,4.971025972207238E-93,0.9644667678482857,7.584604768125007E-90,2.012780748723498E-6,7.8889683893165E-81,1.739518994572601E-162,6.415074554171111E-168,5.368961273475298E-162,
3,3,3.5622640885533917E-153,2.1300732596235097E-4,3.4808969448238253E-155,0.9997869922663095,2.1265429634982158E-93,4.0772823790769835E-10,2.011546592908262E-81,9.113232978875127E-164,3.696914061306325E-173,1.523601832172728E-164,
3,3,1.3399012297241324E-154,3.647871951093521E-5,1.2956358788582973E-156,0.9999635208769994,3.2354541969864206E-155,4.0348959454615337E-10,3.966559222633847E-81,1.6919793190418795E-163,8.88889414476069E-177,2.8685215337502612E-167,
3,3,2.528431260180329E-27,0.0018241384772402773,1.7411837399593946E-29,0.9981758602819466,2.1302644627549516E-19,1.2408132667629363E-9,9.4466559779339E-83,2.3256769033130526E-166,2.0461888398615877E-169,2.9337790552094204E-161,
5,5,2.1382697569198806E-164,8.76425288636454E-77,1.0493601785738877E-160,3.355388742441681E-15,9.0399567151326E-171,0.9999999999999968,2.2920609681344604E-17,5.909798816973224E-92,2.838375015368872E-249,0.0,
5,5,1.3241170194100157E-168,4.4717550916592753E-76,1.8043962143564896E-164,2.108337803139407E-14,2.2530302300646216E-174,0.9999999999999789,4.211016806610611E-76,5.8029882166805274E-92,8.303674963054229E-248,0.0,
5,5,5.0568218673660427E-82,1.294110722049617E-8,1.1986436527775392E-82,3.8433227504290955E-84,1.0694360326787638E-88,0.6918078480179061,0.3081921390409866,2.1867714390388674E-92,2.3158120902965004E-171,9.12550115686414E-100,
6,6,2.99751553761129E-76,1.9683387637793294E-4,3.8603060637419435E-79,1.4677765180321658E-81,1.0596352627175178E-20,0.1255209820424158,0.8742821840812063,4.425047832358577E-94,4.5225021695457E-165,2.716250138504745E-89,
5,5,8.92895031493035E-13,0.058743704983057955,2.8600392179147467E-15,3.5685816751383155E-77,2.158743935109675E-11,0.941256294993575,8.838188917044235E-13,9.188643095008529E-176,6.607705269154016E-232,4.846109145890693E-158,
5,1,9.682377745395584E-14,0.8543960430014825,2.002332389058558E-12,0.02107350797126913,6.080851190399589E-13,0.124530449024541,5.520219508320472E-19,2.1403310976952982E-102,7.405837539906553E-237,1.2146097999542727E-99,
5,5,5.348039057705817E-88,4.860827622438559E-74,2.7476733521335003E-86,3.1889073190491514E-16,3.0673370599824887E-85,0.99176697032124,0.00823302967875964,6.61145303369296E-27,8.72385119321586E-239,1.054844966220077E-164,
5,6,1.0805260422069715E-87,1.2331097542483883E-71,7.952685314403428E-86,1.2547623283706135E-77,2.2834582658380418E-89,0.02785525747571743,0.9721447425242826,2.538992936697081E-24,5.039633030866975E-233,3.1588227998925536E-169,
5,5,1.18325755731359E-88,1.6451189644121973E-13,1.0174956835609103E-86,2.6654634194218534E-88,1.1314771505709652E-155,0.9679781232511785,0.03202187674865684,9.867700233002581E-97,1.8861955488124474E-249,9.482089057940269E-113,
6,6,1.0142769533705506E-75,2.913007743159368E-4,2.3341577126884708E-79,2.175558041083235E-81,2.977197729499561E-20,0.07909081066349843,0.9206178885621857,2.754438617366341E-94,1.2898115025744326E-162,3.9728703749197213E-88,
5,5,2.3527792062034414E-90,1.3173221297712655E-13,1.7298988959189365E-89,7.463868115354131E-87,1.049601073878328E-156,0.9994039238498819,5.960761499864978E-4,1.3772241837968656E-98,1.517329291341234E-245,6.042900325886903E-117,
6,5,1.268500111753874E-160,6.75379025536655E-76,5.515318025661886E-156,2.718805404704333E-79,2.0718692189321563E-230,0.9964705474029695,0.0035294525970304474,1.0214025185181534E-21,8.869492717925769E-247,8.045349732678316E-245,
5,5,0.006324007403887609,0.050442243404148025,0.00285534363452003,1.1902083864363868E-78,3.000924694443948E-4,0.9040636695490704,0.036014643538929504,6.603222270926896E-163,5.479263166683203E-236,3.517849537374775E-18,
6,5,2.4448294294718756E-13,4.0085820340333263E-7,4.042331610927319E-9,3.7071512514557476E-83,5.333682838502679E-15,0.797719389702408,0.20228020539680722,4.393930702281236E-99,1.0882716433021497E-175,2.1843500579319076E-38,
6,5,1.830175928409394E-21,4.7354674698481434E-12,8.555453790738322E-17,5.937178766770383E-14,5.054709205923986E-82,0.970813576847644,0.029186423147561102,4.8271544329388647E-29,1.3760362002289885E-249,1.411523305548339E-111,
1,2,0.004813533163273236,0.015102066512698272,0.9800836523470063,2.5900630582906608E-11,9.4279855490601E-13,7.461533241868521E-7,1.7968546327181926E-9,2.0644917823331144E-94,1.7946857539997487E-165,4.9932363532462E-26,
0,2,0.013528250632908068,0.001960756284796297,0.9845107294643001,1.3958755026512711E-12,8.649925812257232E-13,2.515409348436108E-7,1.2074799812280343E-8,3.585220330503694E-92,8.827016202453628E-95,1.481623994133764E-22,
0,2,0.03221698856386856,6.154384828539972E-4,0.9671675587468973,2.691419473473236E-16,7.594451620494063E-12,1.3255756350256604E-8,9.430290452360198E-10,2.4918290516149423E-96,1.3677168278864344E-91,8.207750143408995E-20,
1,1,1.264018784018285E-7,0.999959287920613,2.8108376103128653E-6,3.3920884268062587E-7,1.472635966185674E-15,3.7435631054202285E-5,9.472955774992871E-19,8.390483676556103E-167,2.0027816877536798E-161,4.457862282895819E-96,
1,1,0.0015499194392637997,0.9686071660871242,0.02976210597972716,2.6573470972493403E-8,1.4640190741850994E-12,8.078190189622728E-5,1.7053637163193782E-11,1.233665222683062E-103,2.9830616927567513E-161,6.411149916702017E-34,
0,0,0.9684183972019682,4.6706199877707277E-4,0.03111453933217232,1.4446454641454214E-13,1.8657915167642604E-10,1.206168613524481E-9,7.417103099185092E-11,5.679172806959942E-97,1.2589190701041373E-87,1.9327021179261485E-14,
0,0,0.9084642830825574,4.826870961487244E-4,0.09105302773300604,3.839531340159211E-14,7.658099244332694E-10,8.967904538541184E-10,4.2523864759052747E-10,9.353346016289725E-97,2.658863463618198E-86,4.10345516590428E-13,
1,2,0.4772944011173668,0.01743542979566066,0.5052699904879969,4.359706338371412E-15,2.240007253573883E-10,1.7801987188585862E-7,3.5509855614036677E-10,7.214732660344027E-97,3.858661352945466E-164,1.5204835109222893E-20,
1,0,0.8316011436321484,5.482586739062815E-4,0.16785059372459127,7.059794790645434E-17,3.503884084720373E-11,3.3335435457954864E-9,6.007715033384764E-10,2.7710060908868406E-98,1.0469931644016806E-86,5.596073960548368E-17,
1,1,3.986940304596102E-75,0.990154673751693,1.0823902667220683E-73,0.009844988381921145,2.9689733866930376E-84,3.3786638594236265E-7,1.657392909973229E-78,7.887588650555634E-163,1.0211523426242698E-156,7.14367504336471E-97,
1,1,2.9004623616141224E-75,0.922981220211466,2.839562270317708E-73,0.07701869279682794,3.9342991382083505E-85,8.699170595304738E-8,5.9628214471486296E-77,3.193510914121474E-161,1.719149157622292E-155,1.0075579098683252E-154,
1,1,2.0500270190164023E-76,0.9997886470526668,1.0994267576306057E-74,1.9288342526296861E-4,1.0687522572644329E-85,1.8469522070122507E-5,2.9566684373703344E-80,2.9244954168720412E-164,3.6002176914640487E-159,8.979459588590493E-98,
1,1,1.9473281701871332E-74,0.9586724044986982,3.153674661554852E-73,0.04132744435846651,4.59600453623069E-83,1.511428354306012E-7,6.0880155282204185E-78,4.092534176347721E-162,1.030957681235356E-155,2.4259503599203657E-95,
0,2,0.005216481573887559,0.003219285513149028,0.9915632528590332,7.602523106154735E-87,6.493476557151053E-13,9.180289910719454E-7,6.202428974898185E-8,4.524435686069579E-166,3.8465392698975716E-94,1.985814806697076E-23,
0,2,0.015092535702616577,9.419891058565381E-4,0.9839654277191672,5.642619833683833E-89,3.6196532922938644E-13,3.73562772832347E-8,1.0115720293336014E-8,1.2589818922222279E-169,9.041737638944477E-90,4.0104025243371084E-22,
1,2,0.004736212989624306,0.16631851488353075,0.828897927790103,2.0782659910069586E-9,1.7724675360947922E-12,4.733900351616365E-5,3.253187462222627E-9,6.981854910314721E-96,1.184617731107235E-165,3.0110881690246344E-28,
0,2,0.011653067487199305,0.0019701667853609752,0.9863766183628492,8.187530686416667E-14,3.072462807645638E-13,1.2192167211231448E-7,2.5442529319832908E-8,3.763603842846164E-94,1.1934820275235422E-92,8.401251011162289E-23,
1,1,5.973087033941318E-4,0.8711652879153203,0.1280538861908193,2.0970198768987985E-8,2.829054947850888E-12,1.834961701663138E-4,4.7272142397551757E-11,2.826619191827606E-100,7.884406088345222E-167,7.923486583112293E-34,
2,2,0.0338732209428086,0.006731792959924634,0.9593949209256928,1.6670571061661408E-12,1.3951469839328371E-11,6.458364527229691E-8,5.723102737664308E-10,8.955154920382416E-97,2.1507635066256724E-166,1.2319855239342288E-21,
1,1,5.906855719701938E-14,0.9996852295673876,5.246999895254798E-10,5.756063638347576E-7,1.4023115174823897E-22,3.141943014895789E-4,1.509765100545072E-21,4.22809620536362E-163,7.679424779679464E-166,3.814699272195791E-164,
2,2,2.1300671357037755E-4,0.01140917417517613,0.9883751880941205,1.2406547908694858E-12,1.5447527400545409E-15,2.1073277001612355E-6,5.236881905366224E-7,4.4567171268301057E-92,3.22702677680125E-94,2.5015982785594717E-28,
1,2,3.882552895331338E-4,0.13276969460422636,0.8667289375990299,1.6034064652696772E-10,1.113869264356542E-14,1.1310084150756724E-4,1.1505351121905353E-8,6.247207299219458E-96,4.224377201515205E-169,1.2927554771209203E-32,
2,2,3.832593038303571E-4,0.007931988472953738,0.9916831517174668,9.426742326751878E-13,1.6236321154219823E-15,1.1843642389283743E-6,4.16140565758865E-7,4.031233432981579E-94,3.6738995791025323E-93,5.384611044425332E-28,
2,2,1.5256186275478887E-4,0.02455856025453725,0.9749396191338567,1.0153687639677354E-11,2.8373071199207065E-16,3.43988401572742E-4,5.270337124621585E-6,1.4241628196209913E-90,3.854340592638467E-241,1.5306678873596077E-32,
2,2,9.470695356487672E-5,0.11869913534028326,0.8812037952825388,2.5610508968366102E-11,5.527927636178554E-15,2.319070168046436E-6,4.3327828991258975E-8,4.310121646684592E-93,1.9786805881930325E-167,1.77800735528953E-33,
1,2,0.003214401948714395,0.3687647479773051,0.6279427265840459,7.120710414406354E-9,7.003003704398407E-13,7.81125339418453E-5,3.834581972572858E-9,3.744723182295493E-95,7.772201432308185E-164,2.219012614121307E-30,
1,1,7.147661985411211E-8,0.9995363485600188,1.4333268687860472E-4,2.468056691340771E-7,4.599220070298388E-16,3.2000047045552976E-4,3.5758017285629957E-13,1.1685842420749895E-162,3.338717434368278E-165,5.1566636023932715E-102,
0,2,0.032783249743648456,0.0014113053412833896,0.9658051162288318,4.4076811254027834E-14,1.5344542074162928E-14,1.375048722986714E-7,1.9118130467480406E-7,1.5207239720704113E-91,1.2480721041469615E-90,5.558604592878958E-23,
0,2,0.008688634501390442,0.0019832920014306696,0.9893279575087331,5.303128139874853E-14,3.611673641437856E-15,3.996701193704529E-8,7.602137726385487E-8,3.1999698475796514E-92,3.990112880042233E-89,5.6028383660608405E-25,
2,2,0.008688634501390442,0.0019832920014306696,0.9893279575087331,5.303128139874853E-14,3.611673641437856E-15,3.996701193704529E-8,7.602137726385487E-8,3.1999698475796514E-92,3.990112880042233E-89,5.6028383660608405E-25,
2,2,0.008688634501390442,0.0019832920014306696,0.9893279575087331,5.303128139874853E-14,3.611673641437856E-15,3.996701193704529E-8,7.602137726385487E-8,3.1999698475796514E-92,3.990112880042233E-89,5.6028383660608405E-25,
2,2,0.008688634501390442,0.0019832920014306696,0.9893279575087331,5.303128139874853E-14,3.611673641437856E-15,3.996701193704529E-8,7.602137726385487E-8,3.1999698475796514E-92,3.990112880042233E-89,5.6028383660608405E-25,
0,0,0.5616585695942855,4.93494528340182E-4,0.43784790254259537,2.3217132050489375E-89,5.5744840849105915E-11,2.115793636136953E-8,1.2121097451189871E-8,8.511867574105783E-170,2.3556373618571597E-87,1.1971708022837312E-16,
0,0,0.8993558864007372,1.507303280646268E-4,0.10049338172158517,5.576955146371121E-90,8.323174505939794E-11,6.873206831883415E-10,7.790466973300367E-10,4.212255667180209E-171,4.700933829720378E-85,1.3700976886771137E-14,
0,2,0.05398419182586533,0.00213762338418107,0.9438769579204135,2.169358433499799E-13,3.8326152381256446E-13,1.1784830283614902E-6,4.838591166708714E-8,2.9896868969475704E-93,1.0617886018046115E-96,1.1603171954572684E-22,
0,2,0.07937614510585861,0.00258592126950712,0.9180377362982249,3.3619453319590427E-13,1.633692675228469E-12,1.8684702450108496E-7,1.0477414711968686E-8,3.3055967773605826E-94,1.266552814548363E-93,8.296221186230821E-22,
0,0,0.5163831826021885,6.052401912346431E-4,0.48301151605271087,1.486697869818241E-89,1.6195777056896205E-11,3.1464190590413176E-8,2.9673479850712992E-8,3.8808226923809516E-169,3.8143372445069026E-88,1.1766199556433676E-17,
0,0,0.9018214177731179,1.6561226543011995E-4,0.0980129681544192,5.607810426478392E-90,5.2971399028216545E-11,7.721266165213319E-10,9.81929511736703E-10,6.34951512541725E-171,2.861304349710518E-85,5.264120136042262E-15,
0,2,0.06452032460570593,0.002289057720692306,0.9331896164170276,2.518680371756709E-13,5.244557893614737E-13,9.592589682297627E-7,4.1996829626004746E-8,2.5693104040736725E-93,1.0921829466025646E-95,3.3539494998824416E-22,
2,2,0.02847004187976132,0.017597623259052324,0.95393181418563,2.6572004118224945E-12,2.2120795096163177E-13,5.15508880330499E-7,5.163797448424046E-9,2.171096471806602E-95,6.729471156467075E-164,5.265077398303509E-25,
1,1,0.07465745289835242,0.8405718496889363,0.08464876715786177,2.733689163212436E-8,2.3070247165575868E-10,1.2190263896782986E-4,4.828753083227242E-11,8.334975522176292E-102,1.0038888013515331E-161,1.679365742442223E-27,
1,1,0.05430476231963493,0.8353703688390237,0.11027157471003991,2.911494103854722E-8,2.6202046950895546E-10,5.326470984211056E-5,4.449793430984447E-11,1.1714037847711762E-101,5.2917940543982685E-161,5.389548512912947E-27,
0,0,0.8059591024638578,0.004563152842860139,0.18947755633797042,8.779812933666181E-12,5.517308652747607E-10,1.8617731793333343E-7,1.6174828886812352E-9,1.590612893460203E-95,1.4443022889100576E-160,9.918533386980729E-17,
0,0,0.9747130236626237,6.7206429943504E-5,0.025219769293221152,1.082497099958936E-14,2.57330867324841E-10,1.5499171547939915E-10,1.9847865275025498E-10,1.9901391314480667E-98,9.74936417519814E-84,3.399604995585269E-12,
1,1,4.286134749821764E-8,0.9981510994621552,1.0258574557517571E-5,2.1663497180614056E-7,3.71386925277547E-15,0.0018383824669643307,6.813221184780558E-17,5.806748442385757E-165,6.55440585259307E-165,3.427930724586932E-97,
1,1,1.0618889841042168E-6,0.9998680894497103,3.0697323727707524E-5,9.931753397396796E-8,3.128517557908111E-14,1.0005202001272218E-4,3.3413573870101126E-18,9.305437620218304E-167,1.2860483324528435E-163,2.54705228747222E-93,
5,5,1.381085000631718E-99,8.178988962261401E-14,8.428619026866899E-93,5.502807048404113E-16,4.353657970019616E-112,0.9999999975445005,2.4554171004033557E-9,3.2801053840022847E-83,6.740838665078876E-250,7.09236999279513E-255,
5,5,2.0521046113285476E-161,1.296319470937021E-75,1.4434113038557233E-153,3.1769452106265537E-82,5.43094283894741E-170,0.9881946536076055,0.01180534639167653,7.179739274658659E-13,7.715031429604094E-254,1.155108217674356E-247,
6,6,2.712427775756839E-225,4.3932731918471444E-77,8.106992685285207E-159,2.271159666272754E-85,6.952373793753291E-238,0.006667567743934443,0.993331848424089,5.838319766949276E-7,4.3731177259025035E-259,1.620748925997147E-249,
6,6,7.309192007703608E-227,2.3813332174090207E-79,3.674308709725184E-161,7.00639233466967E-88,1.0189186522184301E-237,1.3623687609472158E-5,0.9999859630164366,4.132959538610207E-7,1.2855019235017492E-194,3.657488971838035E-250,
5,5,1.1343476084181162E-224,2.2159268140122435E-76,1.6130230613445758E-156,9.651287228397433E-84,3.2931941543863518E-168,0.794995804496759,0.20500419428769423,1.2155468593937176E-9,3.4867542927295536E-254,5.571493639502074E-245,
5,5,1.2547266851157635E-226,2.7624838804577745E-76,3.5467172939686946E-157,1.2069389312408117E-82,1.3299004118691986E-168,0.9688057319546022,0.031194268044212475,1.1853904932392729E-12,1.7969395602865402E-263,2.3751657489790477E-251,
6,0,0.8681019384017609,1.0588981504505037E-4,0.13179052847103837,7.915507123392916E-15,2.7670624365835307E-11,1.307782957651896E-6,3.355015108278483E-7,3.4306214643949135E-93,3.620218899685564E-102,8.612952175461178E-15,
6,5,0.04784792421705383,4.9471247041735785E-6,0.005480046847526864,1.2025648935337816E-13,1.85472543270514E-14,0.5402108575165374,0.4064562242940387,2.135644514760831E-88,6.4735800654853E-96,2.5709692878469616E-16,
0,0,0.6756054162125842,1.6463350901033453E-4,0.32422968312569683,3.073705279640639E-14,5.866057675260677E-11,1.3659538777761049E-7,1.3049861607730827E-7,7.77488296696934E-94,1.4669242020103712E-89,1.3393917863858456E-14,
0,0,0.873763467557832,1.3311679222765069E-4,0.12610341302736253,2.7015067788372906E-15,5.823815695654728E-11,1.6838842211990512E-9,8.80447893320302E-10,4.581410100225551E-96,2.3550536852689384E-87,4.834544177906942E-15,
6,0,0.5050454148201197,3.784572443279501E-4,0.46238616204327215,1.8181425928283408E-13,5.389254833832666E-13,0.012301866125469019,0.01988809976609058,5.786766727208486E-89,2.305891527732996E-161,1.0367808904052868E-16,
6,6,6.050893756449648E-11,5.805433921965652E-12,1.4604826781196597E-9,2.149109079208578E-18,2.791320437166445E-82,0.2755393343955302,0.7244606640776727,7.571141217648352E-26,2.2974334164239465E-161,4.997492635391535E-33,
5,5,7.647160974960571E-85,6.331513647960608E-8,3.666148271366303E-83,2.382242761408859E-12,2.879959552441615E-31,0.9999987428817725,1.1938007086196801E-6,1.2113389648445214E-28,9.366995657052812E-239,2.5119104440922666E-115,
5,5,5.998967654248482E-152,4.879876284102859E-75,2.541347339950287E-150,9.288625517449583E-20,4.745410846088502E-161,0.9999959143845986,4.085615401515118E-6,3.583847117910827E-28,5.156477528585849E-241,2.1685109492411915E-181,
6,5,2.9613265330628104E-5,0.001031311521886185,0.005755234494250975,6.44573239878915E-12,8.648170166857537E-15,0.5765203134690365,0.41666352724303973,1.5625733006459882E-15,4.245700973151711E-164,5.945174117715108E-29,
6,6,7.882039378136148E-151,7.435377803530463E-76,3.623682944101142E-149,1.0875602670354797E-84,4.0358720679736903E-103,0.05180870106062952,0.9481912989393604,1.0127251832264299E-14,1.469500808369982E-168,3.7663782142659065E-174,
6,6,4.5695731506301286E-85,4.3010284556182565E-75,5.374233922624809E-83,3.370453839128578E-85,6.157998334064696E-92,0.012763544485447323,0.9872364555145526,1.9117786055007005E-21,7.122372659217382E-166,1.3042800906944016E-169,
6,6,3.320686811036363E-82,4.245033184697199E-74,2.859328797729566E-79,5.775963465197839E-84,3.47625774028815E-90,0.009472214487797557,0.9905277855122024,1.266458891862894E-87,7.273911484445741E-163,1.6044011362643068E-171,
6,6,1.3854522350390664E-148,6.070475574509013E-75,3.271177768986939E-146,2.3759586786662903E-21,2.8219135294125066E-159,0.11617622018331843,0.8838237798166816,6.912326548996576E-22,1.2185378480306028E-161,5.294799860092762E-169,
5,1,1.6784951181243636E-83,0.8568225937816305,2.318828442467789E-82,1.2634040156735417E-4,8.313933704133607E-26,0.1430510658168021,2.4330322220394285E-18,5.36149669436973E-101,2.3157116854824956E-235,9.27427678377343E-163,
5,1,5.2825529349940876E-24,0.7712974458142092,7.399888823199758E-21,2.1921911627037393E-4,9.063811470732528E-24,0.2284833350695204,5.155911737187813E-77,6.265368825452031E-94,8.657769377575788E-236,1.4630483763700174E-165,
1,1,7.634380953140442E-21,0.9994155105868272,4.1183273723304664E-17,1.9745946304658727E-4,4.041214173734951E-21,3.870299501262746E-4,5.406541781245153E-79,6.90510200286414E-101,1.74773858059859E-167,1.494529193495266E-102,
5,5,5.842395436436874E-153,1.511026670601011E-73,6.377490961386382E-150,1.8516761587356687E-80,9.033834159076166E-166,0.7838103243170108,0.21618967568298914,3.671739282104036E-17,7.055674887924458E-239,1.2500174413939195E-240,
6,6,2.429952856359177E-93,1.0165369967536878E-75,6.356111468591727E-89,3.278592111103247E-84,3.851701954683566E-104,5.09237496720656E-5,0.9999487408218826,3.3542844535925796E-7,1.2757028509054227E-170,2.3877285021611173E-240,
6,6,9.888765156345435E-97,1.0398001533231082E-76,1.5207790484380563E-92,1.343449030214835E-85,1.207571572011248E-168,1.5984104873118306E-8,0.9999990102012477,9.738146474436883E-7,4.778764484173451E-170,4.269002776605803E-243,
6,6,9.197477867776458E-90,1.4318897693357443E-75,1.1604829908636812E-85,1.7409048315169556E-84,1.6507731997304628E-163,2.64877044728935E-9,0.9999999973243517,2.6877827684256693E-11,2.8644931084235437E-164,4.0851154186625094E-240,
5,5,6.497569437417284E-22,0.0039405204464780675,1.2686998818846767E-17,6.582172068477669E-7,2.0066441963176346E-24,0.9960588213363151,1.6048699088139893E-17,2.4134008134370274E-92,2.8292436696042794E-239,1.7976007993395177E-171,
1,1,2.538665678342987E-21,0.8859295062903243,1.81991631411938E-17,7.57371515456222E-4,2.627568369457595E-22,0.11331312219421943,5.8855011331851115E-77,9.371440502606978E-99,2.414156161982512E-240,4.090140065387431E-104,
5,5,2.3444657436983767E-98,4.691444054407521E-6,5.478892107438633E-95,0.0024965896597974237,1.8746623312673523E-99,0.9974987188961482,2.993350741647056E-75,1.5919773880426415E-78,5.34116131278802E-258,2.9111327771320073E-175,
3,1,4.4565504644678975E-93,0.5182943918027185,3.593847176001081E-92,0.2001538613467618,9.458513706274296E-30,0.2815517468505198,3.950163317668512E-77,6.689224934781493E-158,7.75955733884553E-247,2.317768476665768E-169,
3,3,3.0253026491117746E-84,0.24754505446161287,5.178655618583997E-85,0.7524467299671047,8.664657891933278E-83,8.215571282424327E-6,4.9535313261767345E-81,6.106685498026695E-163,5.1081166582530154E-172,1.0102712593626893E-165,
3,3,7.937013593444776E-24,0.23649341964150278,2.1760444002178158E-24,0.763498243377955,3.3622110357303596E-20,8.336980542246702E-6,2.2805426798239636E-81,4.8741217188035106E-163,2.6388583245353995E-172,4.2925205757152854E-166,
3,1,3.913765338428536E-12,0.9788895761676781,2.4035524467710607E-11,0.021108568745742656,2.821515874834571E-10,1.8547764782391126E-6,7.176239875344957E-19,3.5058134199036457E-165,8.125887743933421E-173,8.427641296786179E-104,
3,3,1.4261428648924581E-93,0.0018715709248367533,3.724908740020367E-94,0.9981284272284487,5.315256600804127E-88,1.8467143922791889E-9,1.2780730944547301E-82,5.211250627042569E-164,1.5889547939816147E-178,2.280616567689148E-172,
3,3,1.1615247378916776E-78,0.15480605468208486,5.753031393414602E-79,0.8451929264749793,2.4199126831976392E-79,1.0188429357720533E-6,1.1815055128120296E-80,6.603507466731635E-164,1.6012528799734764E-232,1.7060351930391784E-102,
1,1,1.0687547436585418E-14,0.9999597161234737,4.479761477887142E-15,3.943149452941926E-5,1.3208041256583252E-17,8.523819817703333E-7,7.8735126762812555E-84,6.594321272832445E-168,3.7139404153743584E-163,3.6140194986067154E-88,
1,1,2.020583296557846E-14,0.9999371716730703,1.5234214818050062E-14,6.13344839367588E-5,1.6381943568543887E-17,1.4938429574632678E-6,1.2646120639642496E-83,8.925030870484773E-168,2.746738422243965E-164,3.341138930505843E-89,
0,0,0.9992983630224802,1.9356168361299375E-5,6.802810811396567E-4,8.456152278992008E-89,1.959310457885298E-6,4.6662874812617856E-12,2.027329806532098E-13,6.965895220084407E-175,2.449159466723781E-19,4.041269193919705E-8,
0,0,0.9997756333509403,1.652525444784532E-5,2.0486350476983705E-4,2.4987573587995147E-88,2.1102876071732737E-6,3.2723866236281085E-12,1.9986717752248884E-13,1.1496008020263175E-175,1.1467642715019418E-14,8.675987511320583E-7,
1,2,0.07331450756374852,0.16045560379234586,0.7662238449354795,1.5511419856132865E-9,2.543404215632408E-7,5.785215134783281E-6,2.601728107748038E-9,1.1485577857345404E-90,7.415789810571804E-166,1.495458434045153E-22,
0,0,0.6644092230215354,8.109084771293952E-4,0.3347798414523386,1.2445066460204246E-13,4.157806214775911E-10,2.4889595354463267E-8,1.7434962381907821E-9,7.94131544199098E-96,6.924183632370513E-94,5.196296908012533E-19,
0,0,0.9975829189720898,2.7741790344807657E-5,0.0023883048362610348,8.849005023957702E-89,1.0220056664083202E-6,2.094085974923638E-11,1.1213258937006152E-12,8.73009886871998E-174,5.962979822653082E-20,1.2373575507646912E-8,
1,1,0.00203291330153181,0.9905773129370684,0.007386443622811566,4.02353293255324E-8,3.7706204150037075E-7,2.912841090902885E-6,1.2637679276283047E-13,1.2440814757348816E-101,2.063466762846025E-162,2.0163127733269242E-28,
0,2,0.14594739686194513,4.218532740775322E-4,0.8536306691528834,2.1872539543837485E-13,2.860919904530534E-10,6.79312462886471E-8,1.2493536908829222E-8,5.548964435660816E-93,3.738062002922142E-90,1.6787239073130198E-17,
1,2,0.024724362765914158,0.4607937036615995,0.514364992071901,4.200204925389773E-8,5.249834428842437E-8,1.1684163461400715E-4,5.365578035777592E-9,1.2959475026784072E-94,3.567121013318532E-162,4.09163257323841E-25,
1,1,1.2057220346083802E-10,0.9995245178593711,2.40307853933979E-9,5.551928134364021E-6,1.425758956487849E-11,4.6992762294624453E-4,5.1639869945144146E-11,6.371560320742474E-99,1.6279513880774169E-162,2.3031466226579737E-99,
0,0,0.7345424217620773,2.4014427058539366E-4,0.2652174249445984,7.939485079769862E-14,2.7698788005212785E-9,5.595405295500551E-9,6.573292104416427E-10,5.244925867604353E-95,5.279468914371368E-87,4.6193258575344755E-14,
1,1,1.4352290134862025E-7,0.9998393128164045,3.918501181786481E-7,1.983421322531741E-5,7.826047773349918E-11,1.4031751909018413E-4,3.0983174870584544E-18,5.100702742016111E-164,6.504099655951112E-161,1.000068103506055E-91,
1,1,1.2978840766673737E-7,0.9999061298826235,5.229955964226874E-7,6.238257114667996E-6,1.8733423842079843E-11,8.697905752435184E-5,1.3898101281894045E-18,1.936053213970206E-165,9.073739243741968E-162,1.3735185659704675E-93,
1,1,2.44280232304206E-7,0.9999183184326891,1.0240676465789365E-6,4.859385848647663E-6,2.3687352525433126E-11,7.555380989594734E-5,1.18297824537916E-18,5.406239509918121E-165,4.303073320533256E-166,6.060439438528287E-94,
1,1,5.710580602446918E-11,0.9999278212100754,8.329096228793674E-11,1.4571514824058255E-5,1.4021964890237092E-13,5.760713456353598E-5,9.850720534004883E-23,1.2201735183986756E-164,1.8686545950783585E-161,5.88240793004405E-94,
1,1,5.44981945302284E-11,0.9999277266637717,7.448903899866117E-11,1.4893124858517385E-5,1.298249432299849E-13,5.73800822527235E-5,9.865673900468523E-23,1.2465338802392013E-164,1.885164342114629E-161,5.689827655136142E-94,
1,1,0.00793123975609346,0.9910544066396579,9.202391291444915E-4,1.3203993340114456E-7,1.0584475429191092E-9,9.39813766978063E-5,2.5316786546275676E-14,4.975646675334382E-166,1.805285289783552E-164,2.9856719634511556E-87,
2,0,0.8786970057151838,1.0799983626598221E-4,0.12119491895706032,1.4876625688467375E-90,4.0551178474601887E-10,1.4951578967277945E-9,7.303067855573943E-8,1.3762893981785876E-170,4.603814064646805E-22,5.601413785742121E-10,
0,0,0.9966487921748858,9.834858280276214E-6,0.003341370706991273,3.0233932937350888E-92,7.311360974664535E-11,2.0029159222586988E-11,2.0159069154789114E-9,1.0087218676094345E-173,2.4723577471822437E-19,1.5079294488012317E-10,
0,0,0.9976175510582329,8.06563463097578E-6,0.002374382135070832,1.454414419887914E-92,7.000246635118554E-11,6.33261445813639E-12,7.061456588145074E-10,6.671501185944095E-175,1.2263490217908442E-18,3.8958449954370143E-10,
1,2,0.0230352327931797,0.04296136268708344,0.930655439525547,7.063238887249548E-86,3.5667978085866735E-9,9.989003925268263E-5,0.0032480713881388565,3.539700541623392E-93,1.9087068504315516E-34,6.778346615709933E-16,
0,0,0.996720933514691,2.6817849251972695E-5,0.003252239901312377,2.487822466250601E-91,9.109226132876371E-11,3.742101855369373E-11,9.23477661898293E-10,2.4451722723911203E-171,1.262555498784939E-16,7.682753487324513E-9,
0,0,0.9990349691162287,1.1064739475672732E-5,9.539576109955134E-4,2.6472516508390387E-92,2.1529555613268443E-11,7.2498956695299495E-12,2.919149782580665E-10,1.547767263090346E-172,2.6475841125126273E-15,8.2126028207252E-9,
1,0,0.9920659034120962,0.0023496391991864665,0.004931074314271234,6.541198085792351E-13,6.530049191448693E-4,2.999480867643538E-9,1.8239572769183013E-11,1.354788669366209E-98,3.6405866623676226E-92,3.7513692679051857E-7,
0,0,0.9140455994093714,0.011766787284459453,0.07354276752745839,6.248574437263512E-12,6.444982846796436E-4,3.0079227737828765E-7,6.424502433736821E-9,9.14519065820038E-96,9.883964829865931E-98,4.027100254091641E-8,
1,0,0.9351023915132896,0.052433372086007686,0.009550827166069868,1.590282866818015E-10,0.0029119506783322644,1.4553718137125186E-6,1.8273335206326783E-9,7.467712501233712E-99,6.274920335285928E-88,1.1981251558557151E-9,
0,0,0.9985482945832594,0.0010283721666564738,2.2241467767423204E-4,4.7648115073296064E-86,1.9830606588615903E-4,7.19507817658512E-10,1.1451440644398853E-11,6.207779520784224E-173,1.6484498399708535E-88,2.6117755645276787E-6,
1,1,0.0010312839574441281,0.9974993981458765,3.623127684365463E-4,3.9842326665121685E-79,9.225020477095282E-4,1.8450165781947457E-4,1.4227138488146135E-9,3.41710706814238E-114,3.135089491901112E-104,5.406478023327021E-24,
1,1,0.39407821220108846,0.43759875400185244,0.016517448787691718,1.7818661040366765E-4,0.15162641041783903,9.878458703417905E-7,1.3522854358498058E-10,1.332756694882071E-96,9.388924337029273E-105,2.5879083043345727E-14,
1,1,7.617373532630619E-73,0.9032078230406242,3.458188127910136E-76,0.09679215974470325,6.584146289110826E-75,1.721467260387343E-8,2.0988155189560328E-83,3.6831696194755344E-167,1.0374516240345965E-158,3.5880516112070206E-80,
1,1,1.1188174125706343E-10,0.9828806368313117,2.1401464444229652E-13,0.01711915003827101,1.826260150631526E-10,2.1283569576492403E-7,1.4053119164575146E-83,2.079375317350702E-167,4.045279726003901E-157,2.8307538016353043E-80,
0,0,0.9961953607168171,2.3952186113525317E-4,0.0033639425150929097,4.859473116486898E-86,1.4929766360729173E-4,4.1910039211039E-9,4.389735018031258E-9,1.438508133545949E-169,5.813022590470863E-19,5.1868662608602215E-5,
0,0,0.9968527687152704,1.0962912433926861E-4,6.542753795040507E-4,2.91580681606583E-87,3.260708640161969E-4,5.548025432700402E-11,8.468454294351062E-11,2.3574361594014602E-172,4.872664257888015E-14,0.0020572557766564024,
1,1,0.01778775339301639,0.9610644207193646,5.313684088437626E-6,1.4668712077595935E-78,0.02114250459708847,7.606442136104788E-9,7.213319486700128E-18,2.7660088497669096E-245,3.504204615673474E-98,9.859456725104237E-78,
1,1,0.009520288807563658,0.9678038372351929,6.4614951513289315E-6,0.0033073429389737564,0.019362052818033503,1.6705084813625935E-8,3.958993550789939E-18,5.8653271525503304E-170,1.2542486904518842E-94,1.3183725982469909E-79,
1,4,0.11951743661511313,0.2678404441457595,2.2361280854336E-5,4.321828213510628E-79,0.6126197557662356,2.1920305430908272E-9,2.5910399448841826E-15,6.048410704739501E-182,8.563537198487227E-93,4.089199749471516E-15,
1,1,0.0032680878518329946,0.9903761406895364,9.789565260003063E-11,1.015879985472759E-77,0.0063557702390882,1.121646788476248E-9,6.029499993144813E-22,1.290339032030625E-246,1.9184438703224533E-86,4.900907705921293E-75,
1,4,0.19750576312498822,0.002326357841896653,9.91964818003379E-8,4.865874286598818E-6,0.8001629138256405,2.837596433452045E-13,1.8793247408954837E-16,2.766034575970778E-106,8.717736053721978E-92,1.3642228653348116E-10,
1,4,0.08306710019160495,0.03951162681370253,5.937414482527935E-8,2.6169643342474126E-4,0.8771595171806279,6.493128902244809E-12,2.5297233728692446E-17,5.582675315506122E-110,9.118608766739649E-91,1.7598177249677633E-15,
9,9,0.009832843324527043,5.984674477475775E-14,2.931472672924317E-83,1.9464018057876687E-87,0.0057435334931486975,8.488789602271536E-25,1.8319620692572466E-16,2.708750721713408E-178,9.025729655289498E-7,0.9844227206092987,
1,1,0.03152639203472654,0.9670070184031618,1.9331050313960086E-6,5.344968241877404E-8,0.0014644815627291692,1.2144466864031313E-7,6.022384151076726E-17,4.1654365423465207E-172,2.3279928119512572E-89,2.066566454828967E-76,
1,1,6.57045714479017E-4,0.9992982955262245,1.486051538901683E-8,1.3750593016397402E-79,4.46256337304229E-5,1.826505063391059E-8,6.305876446553763E-22,1.7354469928295158E-245,1.2907001474561035E-88,1.57825343428883E-76,
1,0,0.9181387498732501,0.01536281400121671,9.784965589376163E-5,2.071383935352717E-82,0.06640058246543518,1.2177263934435435E-9,1.4929813513267113E-13,1.9277912654008347E-176,3.307816136876081E-88,2.786328598637961E-9,
0,0,0.9878686586160468,1.2383083532646987E-4,1.615757901652596E-4,9.660897451897888E-86,0.009722652601208281,5.785403298958957E-12,2.3336995053522525E-12,1.9658872098098207E-172,9.303941580268703E-16,0.0021232821491331583,
0,0,0.5159968871251958,4.3786138157168515E-8,2.5672296608291948E-17,3.1472922893451673E-87,0.04164947997278627,3.2776431404222116E-18,3.5204793660904973E-15,1.1702978639802046E-173,1.2923402232818145E-9,0.44235358782353607,
9,9,0.00590866445729716,2.410119689874705E-14,8.90378902909264E-84,2.6465372485341134E-90,5.7605736352662874E-5,2.1074230674303626E-25,1.9338105760676757E-18,1.1173115563272932E-180,0.0019410165545023662,0.9920927132518237,
9,9,0.01660546699468548,2.6809949664582964E-18,9.307741509190322E-83,1.0233546799995645E-87,2.6612481186699975E-4,1.6918666658628854E-29,2.4064602801323415E-18,1.228748009229308E-177,2.8764659350491153E-6,0.9831255317275125,
9,9,0.012601830583508644,1.1714864044875082E-20,8.971980616454909E-83,1.3232345372463501E-87,2.442391873543994E-4,1.8612708391179672E-89,1.1377118480013614E-18,1.0835202237700758E-177,1.4341264345070425E-6,0.9871524961027024,
9,9,0.01566955055529038,3.262780408199306E-17,7.124311020878802E-83,5.786022001578886E-88,3.04925761086572E-4,2.175321210404565E-28,3.2249719028057987E-18,6.983235653689159E-178,2.7026899579983108E-6,0.9840228209936651,
9,9,0.2774879907483766,1.5542720918485453E-11,8.923732597788196E-82,5.916206826480423E-87,0.003908801181845484,8.834489554762369E-22,4.0353079115843896E-16,1.3014817041336315E-176,9.919245794093089E-8,0.7186031088617768,
0,9,0.49896926561932736,5.0050392274238E-11,6.682364904284344E-80,5.140018259883844E-87,0.001705089386465037,1.4913591953379844E-18,2.0679411255698588E-12,6.2242008210156705E-174,2.5736259560745202E-9,0.4993256423684633,
0,9,0.25529794155067387,7.2505848821359676E-12,1.4051588713522152E-81,1.1233910606267262E-88,9.38517811250203E-4,3.879067689550005E-22,1.7856741421770556E-16,5.174897072225752E-178,1.5629428699299013E-5,0.7437479112021259,
0,0,0.9744158554774,4.216196688350958E-6,3.6496816169434363E-7,1.5954585993136046E-87,0.001967706956629346,1.4249659584386204E-12,6.149031156273062E-12,5.508345938454723E-174,2.885398705554537E-10,0.023611856105006858,
6,0,0.9986623271707236,1.4428304853459784E-5,2.162271035776731E-4,5.515912587758028E-87,1.6752137136398352E-5,2.340429896642402E-7,5.646959893696623E-8,3.6666340135245736E-170,1.0016980638881761E-78,0.001089974771120408,
0,0,0.9954339634658158,1.4151073928419974E-5,3.9598651412642045E-5,4.7484286407780707E-88,9.871454034404033E-4,6.1596830033756756E-12,3.216738545427834E-12,1.7489852664650797E-173,3.915129374776514E-12,0.003525141392111285,
0,0,0.9984261308164618,3.719180725087351E-5,2.3320977073413175E-4,5.911350426395746E-13,2.6931364404388265E-4,4.827653598384684E-12,1.1970436572238353E-12,4.949577542858093E-98,4.931704362194567E-11,0.0010341539055764575,
1,1,1.6612308003233954E-4,0.9997897111830796,1.7737161355258445E-7,1.4794856727605327E-7,4.363452162354286E-5,2.0589508371022295E-7,2.1925280222740072E-20,1.6599915957039406E-170,4.746806222611512E-87,2.621206363008954E-76,
1,1,1.5003500876937253E-13,0.9999999802915157,1.1217536183237688E-17,3.433988378332131E-78,9.55593931675111E-13,1.9707378744632918E-8,5.391897620112105E-84,5.401297511658033E-242,1.5158993977925206E-83,3.80703328097367E-75,
1,1,1.6197054289395824E-6,0.9999980891199515,2.1031163165274443E-9,3.747875330286203E-80,1.711435564372037E-7,1.17927946892122E-7,3.8903226762265385E-25,1.6767754502406905E-243,4.773930889395604E-88,1.7099996506215013E-76,
0,0,0.9961309239715973,5.396383999950653E-4,0.0021832406407782576,1.2564147412250497E-85,0.0011460711832928,1.0975300556552882E-10,2.9622100969816494E-13,2.6107477992122882E-174,5.084935960999577E-92,1.256942874352702E-7,
0,0,0.9999719154607354,5.6146313668160205E-11,1.0654446662385771E-78,6.278056664378646E-89,7.91527600690511E-7,7.757895479153944E-19,1.54341593432672E-14,2.134100865033971E-175,8.95192252356505E-13,2.729295460705493E-5,
0,0,0.9998514789556138,8.886792852832941E-12,8.982087838146994E-79,9.684078657999757E-90,5.803939766235672E-7,5.932961330964821E-20,9.905023215911999E-15,2.335114966660996E-175,5.407754112588534E-10,1.4794010073738092E-4,
1,0,0.9997618068200197,1.6805806178655627E-4,6.721553186077358E-5,3.6557753728806796E-88,2.9130149722415103E-6,1.3774386685658238E-11,2.979269215432855E-14,5.862044919030143E-174,6.560729464782508E-87,6.557556302934037E-9,
0,0,0.9999517570198682,7.496785281916996E-7,1.5959846505871974E-8,5.3207744236492834E-90,5.681239754588884E-7,3.1631063853011735E-14,8.944640539343655E-14,2.3619342224553976E-175,2.3027945958914337E-10,4.690898738129746E-5,
1,0,0.9842709735975037,1.5436408984299599E-4,0.015574552627002464,7.813806914009067E-88,1.0716119918274574E-7,1.9948726590294413E-9,7.182206186697874E-11,3.187814333773239E-169,7.893029559354872E-21,4.577569160303821E-10,
0,0,0.9903621643213529,2.9821508985531834E-5,0.009608000507859829,5.200472825965948E-90,1.3038132607472721E-8,1.2946415358260057E-10,3.234760788215975E-11,3.128550950747042E-171,1.4165133154226947E-17,4.6185745235447703E-10,
0,0,0.756706947796528,4.4303929397808645E-4,0.242849994558617,7.009786581697289E-16,6.414106812368304E-9,1.1340724872184545E-8,5.953550912911097E-10,1.5742823657110795E-96,1.275207525632634E-31,6.893942784355438E-13,
0,2,0.38166061305475046,2.562206982139683E-4,0.6180830241083097,1.9614781492742214E-88,3.6159746101708603E-9,9.20217374135597E-8,4.6500867400593355E-8,3.049714888192997E-166,2.8998838947786533E-32,1.4632761559517914E-13,
1,0,0.8812237009731404,0.0017853941226941138,0.11699038992661509,6.835398224013627E-87,1.2123903386129125E-8,5.012753051432923E-7,1.5783149812128417E-9,1.6380138737758078E-169,7.457355240541232E-104,2.6990405771203226E-14,
1,0,0.9618131584213635,0.011006710897437388,0.027179589377213313,9.011601082247373E-86,4.277639780425354E-8,4.984262168097715E-7,1.0137101180068842E-10,6.338202415590701E-173,1.8727455760848526E-95,3.6535256909390583E-16,
1,0,0.9644264522684567,0.016653635090416077,0.018904736742043335,3.1714768418230014E-85,2.9456457947678497E-8,1.5142494599279706E-5,3.948026283931535E-9,9.372950141779592E-171,1.2130357818213257E-97,3.4655090447728338E-16,
0,0,0.9971399802619001,5.882847985393117E-4,0.002260658436801331,2.0369554935169175E-86,1.7725645017166107E-8,1.0830720526961701E-5,2.2805187974614976E-7,4.310370086415348E-167,2.331166401966129E-168,4.70765940563932E-12,
0,2,0.006967719542917386,0.03188178709280317,0.952954080552437,1.1536926867950724E-11,1.3755276342473507E-15,0.00796425043226989,2.321623680341444E-4,1.7133953417964672E-90,9.431550923726842E-244,8.475940886185643E-29,
1,1,3.040602049142097E-5,0.9292245125732371,0.017686387317780376,3.029583253573831E-8,2.7882329826971263E-15,0.053058470381772804,1.9341088310229303E-7,1.434428496485898E-31,1.3544753742535344E-173,3.375467874129493E-39,
1,1,1.4806412026946104E-14,0.9956410106588212,2.3366916186169575E-11,1.2125023237823385E-7,3.0741598648140626E-22,0.004358868067564767,2.4664658315865175E-18,5.045458679922139E-95,6.6955853739431885E-245,2.8375487459611996E-105,
1,1,4.4476303775510664E-4,0.9946764939829933,0.003202536917807267,1.5992127103575674E-8,3.414895600715907E-14,0.0016761900669494236,2.333706402334002E-12,1.2192114444066271E-164,2.615271684894247E-166,1.3048359700899224E-93,
