2,2,0.06285748393216999,0.12259568023547322,0.8145468358323568,
0,2,0.024808576318352763,0.05330852627987366,0.9218828974017736,
2,2,0.017056957284057553,0.18356072015240632,0.799382322563536,
2,2,0.13328413165127895,0.19700846943951345,0.6697073989092076,
1,1,0.140692511784365,0.5089718743448106,0.35033561387082446,
2,2,0.01581304504706136,0.4075909205316729,0.5765960344212658,
1,1,0.1098211166618797,0.5891816956221516,0.3009971877159686,
2,2,0.11033113432895592,0.13174382379912902,0.757925041871915,
2,2,0.13713205070691503,0.18523213285968743,0.6776358164333974,
2,1,0.06750011282161392,0.48593151901980286,0.4465683681585832,
2,2,0.04396054383637227,0.29152324716495975,0.664516208998668,
2,1,0.05645129371022733,0.4892134949716238,0.45433521131814886,
2,2,0.14598769528397418,0.2429477824060664,0.6110645223099596,
2,1,0.0489453379483393,0.7192464350077092,0.23180822704395154,
2,2,0.13170634233357803,0.20870706588571816,0.6595865917807038,
2,2,0.10346895715026276,0.2393362768579653,0.657194765991772,
2,2,0.028587139129726522,0.06182039318027859,0.9095924676899949,
1,2,0.09993169192360614,0.2691017065580066,0.6309666015183872,
2,2,0.16391579801699743,0.2735113609336808,0.5625728410493218,
2,1,0.04097678352590243,0.4955157788683866,0.463507437605711,
1,2,0.043646235889847826,0.2462419556601897,0.7101118084499625,
2,1,0.04781975161747428,0.5833203669827607,0.36885988139976505,
2,2,0.04852292623519563,0.2755043580199638,0.6759727157448405,
1,2,0.14998184094986652,0.23080428602857228,0.6192138730215611,
1,2,0.09963535013591607,0.14433139138810325,0.7560332584759807,
1,2,0.16202577187758094,0.28072398818715205,0.5572502399352671,
2,1,0.2343886534614904,0.46805255325837813,0.29755879328013146,
1,2,0.15376674114368033,0.31614416289161984,0.5300890959646998,
1,2,0.23774343696009692,0.19481641889373494,0.5674401441461682,
2,2,0.2041372954204312,0.3499263524014305,0.4459363521781384,
2,1,0.2115486687238528,0.4463468632240262,0.342104468052121,
0,2,0.12385586464769757,0.218848536963115,0.6572955983891874,
2,2,0.04327481534786404,0.26080912268441536,0.6959160619677206,
2,1,0.03619016752535629,0.7455108753854458,0.21829895708919783,
2,2,0.13880057862639766,0.210900738389482,0.6502986829841203,
2,2,0.01500272016006248,0.24974709015693236,0.7352501896830052,
2,1,0.04532017862152185,0.7069099015347775,0.24776991984370067,
2,2,0.02688766438390178,0.47449921046417365,0.4986131251519247,
0,2,0.08807987770003634,0.12158862125756859,0.790331501042395,
0,2,0.026552255297672977,0.10004626741175034,0.8734014772905767,
2,1,0.049553536523172806,0.6525609412044607,0.29788552227236653,
2,1,0.05227134893837664,0.6714097237542118,0.27631892730741164,
2,1,0.0752762545257629,0.5518661207362026,0.37285762473803435,
2,2,0.03806793928203367,0.08972613044949833,0.872205930268468,
1,2,0.08867221661208567,0.38973684952088367,0.5215909338670306,
2,2,0.027198555063968535,0.43622009361349967,0.5365813513225317,
1,2,0.0388054525843928,0.2323882013117555,0.7288063461038516,
0,2,0.10356790183841261,0.28669410503147486,0.6097379931301125,
2,2,0.16620535915796206,0.19545840103296136,0.6383362398090767,
1,1,0.06853816528635684,0.5213058763073534,0.41015595840628993,
2,2,0.03012052585163366,0.4551099371617488,0.5147695369866176,
1,1,0.06097935555360975,0.4882851279582284,0.45073551648816174,
2,1,0.09217757527985557,0.4561413271135745,0.4516810976065699,
0,2,0.2077609631312969,0.22242072651971986,0.5698183103489832,
1,1,0.028397309764063926,0.5075490042778404,0.46405368595809565,
2,2,0.06437554583148086,0.34426762176896036,0.5913568323995587,
1,2,0.18152454580384741,0.10053192853016037,0.7179435256659923,
1,2,0.17409524852589822,0.3400001863875055,0.48590456508659613,
2,2,0.19338542923930852,0.3754689188588104,0.4311456519018812,
1,2,0.03961454332712077,0.2610348886221991,0.6993505680506803,
2,2,0.17015988753984165,0.15028788460936907,0.6795522278507894,
2,2,0.0279387582463687,0.43382282476950157,0.5382384169841298,
2,2,0.11289344461615211,0.38574029352080313,0.5013662618630449,
2,1,0.11233582276355594,0.5804178940776841,0.30724628315875996,
2,1,0.14029706057763563,0.501046416183317,0.3586565232390474,
1,2,0.03372255514364394,0.3437293476544648,0.6225480972018913,
2,2,0.020687393934163845,0.2565386189979401,0.7227739870678961,
2,1,0.10149932571161493,0.5156232146012483,0.3828774596871367,
2,2,0.16674211068480665,0.1309189789404491,0.7023389103747443,
2,2,0.02692033885778044,0.17183141030408206,0.8012482508381376,
2,1,0.09671472151712572,0.4972585644869738,0.4060267139959005,
1,2,0.11526564639235388,0.2067566388445398,0.6779777147631063,
2,2,0.09774707915238647,0.400578684280784,0.5016742365668295,
2,2,0.018351965965468366,0.12480157796731811,0.8568464560672135,
2,1,0.1075782914863882,0.5148735341651369,0.37754817434847493,
2,2,0.020059627665057925,0.11679700384710462,0.8631433684878375,
2,2,0.18228517863246582,0.2080647553898885,0.6096500659776457,
2,2,0.006377960180338718,0.07038617088410007,0.9232358689355612,
2,2,0.015412569024034782,0.1501839551513569,0.8344034758246084,
2,2,0.04198680121641708,0.3156573203289171,0.6423558784546658,
2,2,0.007139940804913332,0.18872565844529096,0.8041344007497957,
2,1,0.04567069927596191,0.5837524868303824,0.37057681389365577,
2,2,0.061631046834547475,0.20191267557420806,0.7364562775912445,
2,2,0.02536409794096776,0.35078687443806367,0.6238490276209686,
2,2,0.10520641024676107,0.1849370136965696,0.7098565760566693,
0,2,0.15413235543874657,0.2923644798010226,0.5535031647602308,
2,1,0.03257575737062202,0.4908945982263016,0.47652964440307644,
2,1,0.14074965808437598,0.4968553870750549,0.3623949548405692,
2,2,0.15309167822057365,0.29421151371509663,0.5526968080643297,
2,2,0.026785177437941173,0.3350593156396542,0.6381555069224045,
0,2,0.09359037670662629,0.399716709764206,0.5066929135291678,
1,1,0.07168465591487971,0.4873739890937611,0.44094135499135917,
2,2,0.09059497456055354,0.27747518734178644,0.63192983809766,
1,2,0.03548421155240505,0.40999985561743946,0.5545159328301554,
1,2,0.23070059432668302,0.22500090541344972,0.5442985002598673,
1,2,0.22795148610945104,0.19000443441608306,0.5820440794744659,
2,2,0.09509467138755494,0.39114377467672695,0.5137615539357181,
2,2,0.017589843345803748,0.10871184628488594,0.8736983103693103,
0,2,0.11391054122853503,0.19830099328996323,0.6877884654815016,
2,2,0.12257069050094507,0.2652016172489552,0.6122276922500998,
2,2,0.04714830704117855,0.2392586181242435,0.7135930748345779,
2,2,0.11213567997477379,0.2154979383182147,0.6723663817070115,
2,2,0.017976517134193286,0.1823697468194445,0.7996537360463623,
2,2,0.10124321094234588,0.2015781703044349,0.6971786187532193,
2,1,0.1324926517034039,0.46895857744173625,0.3985487708548599,
2,2,0.19232437998827823,0.27846407452627914,0.5292115454854427,
2,2,0.16711667132141136,0.31901918587093137,0.5138641428076572,
2,2,0.046653155069012006,0.083285488799257,0.870061356131731,
2,2,0.0918673625722551,0.2703732280926238,0.637759409335121,
2,2,0.03818426931745832,0.07868914116415393,0.8831265895183879,
2,2,0.040790529316189025,0.05517984853009553,0.9040296221537154,
1,2,0.1678161582386,0.3271139531685961,0.5050698885928039,
1,1,0.17420867104158128,0.4239152413447973,0.4018760876136214,
2,2,0.0532896506738732,0.09574088240936163,0.8509694669167651,
2,2,0.0939372740241667,0.16556922980700123,0.7404934961688321,
2,2,0.13996229836517682,0.2696989050370285,0.5903387965977948,
2,2,0.03786163755574121,0.28540561118887037,0.6767327512553886,
2,2,0.007701935285889328,0.15489290854231014,0.8374051561718006,
2,2,0.015349102461261374,0.09426091513984215,0.8903899823988966,
2,2,0.018026567315862337,0.2978090296114093,0.6841644030727284,
2,2,0.029125786386159595,0.19679723949040856,0.7740769741234319,
2,2,0.20767255427609685,0.3891804878985063,0.40314695782539695,
2,2,0.0023178639214811677,0.04651118477764549,0.9511709513008734,
2,1,0.24659407510449224,0.3903407681464667,0.36306515674904105,
2,2,0.0560892285170816,0.4023072729286983,0.5416034985542201,
2,2,0.009200904246333498,0.07569275657559835,0.9151063391780682,
2,2,0.030371843426342,0.3016241088911376,0.6680040476825204,
1,2,0.15704971276768875,0.3961962736887996,0.4467540135435117,
0,2,0.19047136888545316,0.3839907956965808,0.4255378354179661,
2,2,0.09864015267362078,0.07066775892185417,0.8306920884045251,
2,2,0.07511382282512175,0.2636853263209945,0.6612008508538838,
2,1,0.24734753036144802,0.46354117149837515,0.2891112981401768,
1,2,0.08183112235765692,0.251303531020828,0.6668653466215152,
1,2,0.08362900543687807,0.14646450023884117,0.7699064943242808,
2,2,0.03857624944914977,0.05730528719914709,0.9041184633517032,
1,2,0.19887922927051882,0.31480521717654963,0.4863155535529316,
0,2,0.14621588692220383,0.1520953262511954,0.7016887868266009,
2,2,0.17709962666117957,0.13959758470783826,0.6833027886309821,
2,2,0.11104951591749156,0.24091633198517726,0.6480341520973312,
2,2,0.20750536486846746,0.36980438723736053,0.422690247894172,
2,2,0.0526293609248334,0.21203000008385214,0.7353406389913145,
1,1,0.29060850818493406,0.3881678920412193,0.3212235997738467,
2,2,0.007978956464667439,0.0652234358380447,0.9267976076972879,
2,2,0.12506022775436448,0.18623378434995222,0.6887059878956833,
2,2,0.09933736741383982,0.10468933916599525,0.7959732934201649,
2,2,0.09526096889788087,0.19143351344230325,0.7133055176598159,
1,2,0.17691909083178559,0.25453253223480254,0.5685483769334118,
1,2,0.12808903931264495,0.36301462435183574,0.5088963363355195,
0,1,0.14909746196579166,0.4449451713508022,0.4059573666834062,
2,1,0.14867013175573815,0.5729911002519428,0.27833876799231905,
0,2,0.043698240967033376,0.23643639475614248,0.719865364276824,
1,2,0.10469268782546086,0.2549956767810535,0.6403116353934856,
2,2,0.09191502983241998,0.10031439847648299,0.8077705716910971,
2,2,0.1445626960321411,0.39535841343893174,0.46007889052892714,
2,1,0.22979211528759205,0.4687920937191333,0.3014157909932746,
1,2,0.19031270131566186,0.324157320383556,0.48552997830078215,
0,2,0.21396818491743125,0.24600032058309507,0.5400314944994736,
2,2,0.05970899958085208,0.2930509040928697,0.6472400963262781,
2,2,0.14679266802306734,0.41463504117868766,0.43857229079824495,
1,1,0.10094137629294926,0.5256265257773902,0.37343209792966037,
2,1,0.12971945843913318,0.4975038440213353,0.3727766975395314,
1,2,0.16370029721608442,0.3569757923540346,0.47932391042988093,
2,2,0.07496421532899908,0.2751813108109705,0.6498544738600305,
2,2,0.029140535289194632,0.10743190635763819,0.8634275583531672,
2,1,0.12133568250792054,0.5534967941405952,0.32516752335148424,
2,2,0.10025496651991628,0.11820060837030712,0.7815444251097766,
0,2,0.16082090537770777,0.40942794962627554,0.42975114499601663,
2,2,0.15718055996595268,0.21587258790247435,0.626946852131573,
1,1,0.10541391173672138,0.5238593785777915,0.37072670968548727,
2,2,0.1598287066593488,0.40169493537619616,0.4384763579644551,
2,2,0.008463546283746336,0.121315024936674,0.8702214287795796,
1,2,0.03380805338134954,0.17458445287896177,0.7916074937396888,
2,1,0.11629681738190903,0.6529836384641061,0.23071954415398482,
1,2,0.02987474171471301,0.23863920705203986,0.7314860512332472,
2,1,0.17597015399518953,0.659414880996146,0.16461496500866457,
1,2,0.040209356738824434,0.1763023097437633,0.7834883335174123,
2,2,0.14140182811222263,0.2579175953166937,0.6006805765710836,
2,2,0.07044101909842017,0.3756997000636325,0.5538592808379473,
1,2,0.17465421457173366,0.36968881498313017,0.45565697044513614,
2,2,0.12321246881123159,0.10865010237559952,0.7681374288131689,
1,1,0.14539113708112927,0.5818391650453274,0.2727696978735433,
2,1,0.13756912910212266,0.5066103511851985,0.355820519712679,
2,2,0.16605553598247988,0.34874002074126487,0.48520444327625534,
2,2,0.09410270314197042,0.16436808823220916,0.7415292086258204,
2,2,0.019452452693556277,0.07640566746212703,0.9041418798443167,
2,2,0.11151551129357444,0.05676936266669478,0.8317151260397309,
1,2,0.0372837534588019,0.19542095269875157,0.7672952938424464,
1,2,0.04865546473426324,0.27377062292076615,0.6775739123449706,
2,2,0.12200738799846342,0.0961695549721984,0.7818230570293382,
0,2,0.19182473226588584,0.1140543241712724,0.6941209435628417,
1,2,0.24794822630480057,0.3728668251745956,0.37918494852060386,
1,2,0.13974633992432112,0.4275620905707545,0.43269156950492427,
1,2,0.041547750021317595,0.14078188353299403,0.8176703664456884,
1,2,0.042237221920923204,0.19037354439752008,0.7673892336815566,
2,2,0.05575811619243431,0.057859725625482195,0.8863821581820834,
2,1,0.14737060710904767,0.4791461398150443,0.37348325307590796,
2,2,0.06777579002575602,0.22673030369360117,0.7054939062806429,
0,2,0.2056243142821145,0.28137108858457466,0.5130045971333108,
2,2,0.09892014334742681,0.13880882753000987,0.7622710291225633,
2,2,0.04338757882366805,0.25913537311420226,0.6974770480621297,
2,2,0.11460279914985122,0.1077505738777356,0.7776466269724133,
0,1,0.1677021598837754,0.42687290805323486,0.4054249320629897,
2,2,0.1110471972475863,0.1277023575424939,0.7612504452099198,
2,2,0.18623469645862722,0.25595582352835805,0.5578094800130148,
1,2,0.09128799140727875,0.11395139394388855,0.7947606146488327,
2,2,0.2723119333546762,0.24745649509836895,0.48023157154695484,
1,2,0.19162485520134934,0.39092029109412374,0.41745485370452695,
1,2,0.1095521681982923,0.38125239050545334,0.5091954412962544,
0,2,0.08308625175991799,0.29089431065619153,0.6260194375838904,
2,2,0.09015307473721984,0.14216487595120825,0.7676820493115719,
0,2,0.1662198739386041,0.3723409606371345,0.46143916542426144,
0,2,0.1590012065571281,0.12453586604667993,0.7164629273961919,
1,2,0.18244146914552087,0.18496503868045078,0.6325934921740284,
0,2,0.17491126584732403,0.32431740986891244,0.5007713242837636,
2,2,0.018360214298455357,0.07919221332195223,0.9024475723795924,
0,2,0.1711826984432038,0.29359458783469083,0.5352227137221054,
2,2,0.09352413021670629,0.07357745977751494,0.8328984100057788,
2,2,0.06776357296893311,0.19945924033339651,0.7327771866976703,
1,2,0.0288484355158841,0.3654835216468842,0.6056680428372317,
2,2,0.11389996927407889,0.08571777896657891,0.8003822517593423,
2,2,0.045749686317229595,0.12307082508958861,0.8311794885931819,
1,2,0.03130594191810254,0.2261870150639108,0.7425070430179866,
0,2,0.17552462168020483,0.2130161110725739,0.6114592672472214,
2,2,0.12271766696134048,0.20441701619065142,0.6728653168480081,
1,2,0.1414660050560765,0.29942361474807266,0.5591103801958508,
1,1,0.07586811837473736,0.48101395117946727,0.44311793044579534,
2,2,0.078435014726635,0.08154614109593919,0.8400188441774258,
2,2,0.2163604070841025,0.2223515989599634,0.5612879939559341,
1,2,0.006601662723632409,0.04207969598350032,0.9513186412928673,
1,1,0.2765935131730473,0.435412647985808,0.2879938388411447,
1,1,0.32189078669843596,0.36115875289386173,0.3169504604077024,
2,2,0.01753215907711074,0.10143270416010725,0.8810351367627819,
1,0,0.4309239754295975,0.2337530020633395,0.33532302250706303,
1,2,0.21222858889903493,0.27779388573867586,0.5099775253622891,
2,2,0.11186140967148733,0.16160976467540575,0.726528825653107,
0,2,0.24214724409423674,0.18312483443149866,0.5747279214742647,
1,2,0.12271534630257738,0.36442007093252093,0.5128645827649017,
1,2,0.32860247543483834,0.27367181639474647,0.39772570817041514,
0,2,0.2362350031196965,0.18074986336232807,0.5830151335179754,
2,2,0.22160844118915032,0.17371780471310233,0.6046737540977474,
1,2,0.20097165354942095,0.30319539123401823,0.4958329552165609,
1,2,0.19280371611937505,0.26333697448170135,0.5438593093989236,
2,2,0.11718190653353062,0.06943845472971348,0.8133796387367559,
1,2,0.2043566948971857,0.3134102927757924,0.4822330123270219,
1,1,0.10933771884804887,0.6545658819763375,0.23609639917561379,
1,2,0.11113627005174181,0.1526320373740049,0.7362316925742531,
2,2,0.18019246050032758,0.24300470990604262,0.5768028295936298,
1,2,0.19993569288074126,0.14447309195154412,0.6555912151677147,
1,2,0.05263717486733693,0.15427934401059892,0.7930834811220641,
1,2,0.17025901935761037,0.16822901916443986,0.6615119614779498,
1,2,0.04683673890163341,0.16759676410830487,0.7855664969900616,
1,1,0.18512801401129028,0.4225056485742303,0.39236633741447946,
2,2,0.11824024139152835,0.15556041337372847,0.7261993452347432,
0,2,0.29975588304975703,0.1413416668981803,0.5589024500520627,
1,2,0.2382592400369436,0.23967870824935006,0.5220620517137063,
0,2,0.09488180261139938,0.31809906959385,0.5870191277947505,
1,2,0.25709955513612165,0.1697714693839981,0.5731289754798803,
1,2,0.1614429116690597,0.2531846113959813,0.585372476934959,
2,2,0.1511108139841046,0.14409283235609413,0.7047963536598013,
0,2,0.2418429547101489,0.23136419208728548,0.5267928532025657,
0,2,0.1417731861284016,0.09741184188298288,0.7608149719886155,
1,0,0.39446697673675185,0.31632663032329833,0.2892063929399499,
0,2,0.22322291535911326,0.12314279095299292,0.6536342936878938,
2,2,0.08702831069305074,0.09163731401301925,0.82133437529393,
2,2,0.09549448347216447,0.0756582178587012,0.8288472986691343,
1,2,0.20046797678455175,0.19268753967749672,0.6068444835379515,
2,2,0.09309206176272602,0.11702411106757168,0.7898838271697023,
1,2,0.27942696813141815,0.13151105128541146,0.5890619805831703,
1,1,0.2813757341006566,0.3624917461611478,0.35613251973819554,
2,2,0.09316775971536201,0.05630397317467653,0.8505282671099614,
1,2,0.24160133987727,0.1349857490065698,0.6234129111161603,
2,2,0.01802206091584605,0.1078362600183829,0.8741416790657711,
1,2,0.18028861849544547,0.2015195494513609,0.6181918320531936,
2,2,0.03810111239270839,0.19801098742172935,0.7638879001855623,
0,2,0.27180277250923596,0.1982479079858468,0.5299493195049173,
2,2,0.04510919246609207,0.22268253976422894,0.7322082677696791,
2,2,0.05380156797462618,0.3046606645504063,0.6415377674749676,
2,2,0.007645061127316391,0.04904180614816695,0.9433131327245167,
2,2,0.06837182780255627,0.1938180348236777,0.737810137373766,
2,2,0.05192364917251711,0.25700654985415783,0.691069800973325,
0,2,0.25926989991314914,0.12048352500951169,0.6202465750773392,
2,2,0.03794403181703225,0.18689153200312938,0.7751644361798383,
2,1,0.11432953907576908,0.5946293280057892,0.2910411329184418,
2,2,0.04813377164494095,0.2893193035317617,0.6625469248232974,
2,2,0.10623113163401554,0.21290935608987088,0.6808595122761136,
2,2,0.03324375992314598,0.12334232415930273,0.8434139159175513,
2,2,0.07379421632189825,0.14620663341417028,0.7799991502639314,
2,1,0.11376449364910521,0.44574714793215564,0.4404883584187391,
2,2,0.0441303022942855,0.16468707747810354,0.791182620227611,
2,2,0.24810811066383223,0.17287060919261554,0.5790212801435523,
0,2,0.052768852677908575,0.06013114283893163,0.8871000044831597,
0,2,0.04117937460691301,0.10643257629168676,0.8523880491014002,
2,2,0.1481291914348142,0.3425834499139544,0.5092873586512314,
2,2,0.06181338606711206,0.17964785347148185,0.7585387604614061,
1,2,0.05233728872848006,0.13712051288006322,0.8105421983914566,
2,1,0.2644329916921387,0.41968766258187157,0.31587934572598986,
2,2,0.01605520590504607,0.10848935515435243,0.8754554389406016,
0,2,0.25376318480119353,0.08865274606403058,0.657584069134776,
2,2,0.052164562888194176,0.08246183744407627,0.8653735996677296,
2,1,0.27439785147558027,0.4701515448398962,0.2554506036845235,
1,0,0.38514747650498393,0.24801517108767127,0.36683735240734494,
2,1,0.2324398465266233,0.5659206718245742,0.20163948164880247,
2,2,0.20904492662838378,0.3012719278857689,0.48968314548584724,
2,1,0.36271033656744084,0.4316748980248167,0.2056147654077424,
1,1,0.2812411138933236,0.4880387835508415,0.23072010255583486,
2,1,0.08818515869498862,0.4572575665730192,0.45455727473199214,
2,2,0.17383122364392528,0.36256993699594303,0.4635988393601318,
2,2,0.2516119619105148,0.36440401640917575,0.3839840216803093,
2,2,0.1134743594892021,0.15616445645035082,0.730361184060447,
2,2,0.22823740868559175,0.35510146111089785,0.4166611302035105,
2,2,0.26579113421931894,0.27099194308667934,0.46321692269400183,
2,2,0.24553303270704055,0.35572438211883367,0.39874258517412575,
2,2,0.3526321155798163,0.2703303079047616,0.3770375765154222,
2,2,0.08267851957322916,0.09029421160702858,0.8270272688197423,
2,2,0.21290374989382452,0.18049834419786584,0.6065979059083096,
0,2,0.11994412148277592,0.08172532708786558,0.7983305514293586,
2,2,0.1520637029381792,0.21030173330250887,0.6376345637593119,
0,2,0.14298533959446874,0.20084737534953637,0.656167285055995,
2,2,0.29360141600035083,0.2786507869438256,0.42774779705582355,
2,2,0.10511463812345856,0.15055553409400202,0.7443298277825394,
2,2,0.3021784497903187,0.08162421397725741,0.6161973362324238,
1,1,0.1366912586554641,0.7976079701692224,0.06570077117531356,
2,1,0.3950062336082878,0.4937780314761221,0.11121573491559013,
2,2,0.25004104038772823,0.2944803799570483,0.4554785796552235,
1,0,0.34289000590589946,0.33933270004186206,0.31777729405223853,
2,2,0.08116255164427737,0.1628616423269201,0.7559758060288024,
2,2,0.039806900044561395,0.18711700109239646,0.7730760988630422,
1,1,0.19894674504792084,0.4027555766470549,0.3982976783050243,
2,0,0.5753299239669112,0.2798611152124426,0.14480896082064612,
1,1,0.3272035647426109,0.4968628429583307,0.17593359229905822,
2,0,0.48272495958525297,0.2852436801894973,0.23203136022524976,
1,1,0.3980775005561871,0.5207946635707382,0.08112783587307454,
2,2,0.34383513868920645,0.059826033846089983,0.5963388274647036,
2,2,0.26746728468573044,0.19808180611440343,0.5344509091998662,
2,0,0.5912681802951404,0.3010101803532702,0.10772163935158939,
1,0,0.6501635780112279,0.1909486038853348,0.15888781810343722,
2,2,0.2364050342209246,0.27490549594058805,0.4886894698384873,
2,0,0.6403071338955654,0.17762712923741367,0.18206573686702082,
2,0,0.5757046861117122,0.10766772871687151,0.31662758517141615,
2,0,0.6567497500377786,0.1833526139527412,0.15989763600948032,
2,2,0.125176836094531,0.24153884472337522,0.6332843191820938,
2,0,0.41158135574559,0.32762380094275473,0.2607948433116552,
2,2,0.31475860800108674,0.3043603297472256,0.3808810622516878,
2,2,0.29780452023178033,0.12658049690481893,0.5756149828634006,
2,0,0.49142237672398614,0.12135852597051366,0.38721909730550025,
2,1,0.33796054053314095,0.3552346534057973,0.3068048060610617,
2,0,0.43634969351812786,0.3635176526741901,0.200132653807682,
2,0,0.46514669454817464,0.2333591378230477,0.3014941676287776,
2,2,0.24334187375477612,0.13168619415617744,0.6249719320890464,
2,2,0.2493446518046473,0.31837581168301493,0.43227953651233775,
2,2,0.1749595402204462,0.15739909322291754,0.6676413665566362,
2,1,0.3626897720732749,0.3989842171799832,0.23832601074674192,
1,0,0.5448162539064725,0.37313796313375824,0.08204578295976936,
2,2,0.271761647136984,0.11477768041126377,0.6134606724517524,
2,2,0.38095378789595674,0.22835839616593095,0.3906878159381124,
2,1,0.33588752861143106,0.36225850375972013,0.3018539676288488,
2,2,0.39139954427256446,0.16904006400448626,0.43956039172294936,
2,0,0.6184122045381347,0.12899655707104957,0.25259123839081576,
2,2,0.3559746732365098,0.17551180285445664,0.46851352390903345,
2,0,0.48314253285969677,0.22072758678595478,0.29612988035434834,
2,1,0.3075139317138117,0.41595951070177056,0.2765265575844177,
2,0,0.3752564149054717,0.314225186433834,0.31051839866069425,
2,2,0.3327571141029093,0.1834769113984929,0.4837659744985978,
2,2,0.30809443594546254,0.16879970898370072,0.5231058550708367,
2,2,0.19852152615623211,0.23168118365549092,0.569797290188277,
2,0,0.44056460094263855,0.4093687710662755,0.150066627991086,
2,2,0.32327460216910325,0.3250387537536311,0.35168664407726563,
1,1,0.3820162657677229,0.4560449936927888,0.16193874053948829,
2,2,0.14063616436464238,0.24652834629292086,0.6128354893424368,
1,2,0.046349447828419474,0.21157978942704744,0.7420707627445332,
2,2,0.2738119003531715,0.1834737537040351,0.5427143459427934,
2,2,0.09490356016913405,0.356821299916347,0.548275139914519,
2,1,0.23441295051572203,0.44166937149868074,0.3239176779855973,
2,0,0.49069194827954604,0.24844961154549589,0.260858440174958,
1,2,0.27159269423915444,0.1889646547299728,0.5394426510308727,
2,2,0.3351887346540603,0.30608585467529714,0.35872541067064245,
2,2,0.22723676141873295,0.18700495783907536,0.5857582807421916,
2,0,0.5089690259825758,0.25935043281873826,0.231680541198686,
2,1,0.18289224410281749,0.45503054269469645,0.36207721320248604,
2,0,0.4917832750828069,0.12461332976996069,0.3836033951472326,
1,2,0.31064223168432364,0.29877968917605907,0.39057807913961734,
1,2,0.20016865678554374,0.388389116599805,0.4114422266146512,
2,2,0.22237955616657923,0.23603924549543423,0.5415811983379866,
2,1,0.3598108028033877,0.4061345974170524,0.23405459977955992,
2,1,0.2568129850540157,0.5504813865352347,0.19270562841074962,
2,1,0.28872579067020343,0.436897682289574,0.2743765270402227,
2,2,0.11373131809398805,0.26655587381007256,0.6197128080959393,
1,1,0.26757007965366253,0.5580259009481591,0.17440401939817832,
1,0,0.49237755447480436,0.35101156098318387,0.1566108845420117,
0,2,0.2352838463671993,0.12714752916016692,0.6375686244726337,
2,2,0.2681312624080816,0.1800892873626424,0.551779450229276,
2,0,0.386082840070048,0.34369015717782153,0.2702270027521305,
2,1,0.24990871502586637,0.4446727325356132,0.30541855243852045,
1,1,0.2133229905689314,0.5874677774371475,0.19920923199392102,
2,2,0.13518959429044286,0.3316061132597715,0.5332042924497856,
2,2,0.299479005175808,0.3497971943229222,0.35072380050126983,
1,2,0.053464279967691784,0.3075777654279401,0.6389579546043681,
2,2,0.22087980414867353,0.10721340959042325,0.6719067862609032,
2,2,0.06024073779295453,0.27513714562250524,0.6646221165845402,
2,2,0.14897416428709373,0.35848301751554423,0.4925428181973621,
2,1,0.3300550160245498,0.4480165046015874,0.22192847937386287,
0,2,0.0726939904387542,0.15326698421117702,0.7740390253500687,
2,0,0.6605192882462593,0.14419714123612873,0.1952835705176121,
2,2,0.12395596736013367,0.3048644184745559,0.5711796141653104,
2,1,0.25175455795338486,0.4964369548780719,0.25180848716854326,
1,1,0.23345921173589973,0.5652039924903879,0.2013367957737124,
2,1,0.1985367355924045,0.5169603271112675,0.28450293729632803,
1,2,0.05159377892615807,0.17998283299683,0.7684233880770119,
2,0,0.5222726397475564,0.27675644565848545,0.20097091459395805,
2,0,0.3679554241681378,0.359695772718382,0.2723488031134802,
2,0,0.44721674893694235,0.24544139627466716,0.3073418547883906,
2,0,0.5368317799514022,0.28628917055926356,0.17687904948933417,
2,2,0.2633141573864956,0.34205811148880944,0.394627731124695,
2,2,0.29256667503887096,0.31637497971238326,0.39105834524874583,
2,1,0.15187930164504232,0.5301677457339441,0.31795295262101364,
0,2,0.2010278281165359,0.269487172631969,0.5294849992514952,
2,1,0.15254321310288127,0.6451757984089114,0.20228098848820722,
1,1,0.19589631273281805,0.5178588408409954,0.2862448464261866,
2,2,0.07408177387921423,0.2823691045111003,0.6435491216096855,
2,0,0.6327575938798325,0.0752718850316533,0.2919705210885141,
2,2,0.18197123535421786,0.393325877259543,0.42470288738623907,
1,1,0.3361111147874593,0.5060712462684778,0.15781763894406298,
2,1,0.3503655550027037,0.374676459864403,0.2749579851328932,
2,0,0.48142238874020254,0.32303480904625465,0.19554280221354284,
2,0,0.40057415969915044,0.2442942776248713,0.35513156267597823,
1,1,0.11785888623755846,0.6582291153683407,0.22391199839410078,
2,0,0.40188277805184464,0.2487629498671601,0.3493542720809952,
2,0,0.41012393407278697,0.38209626198718377,0.20777980394002937,
2,2,0.21480637456758367,0.3047809258981499,0.48041269953426635,
2,0,0.38863678291275877,0.24916502506154703,0.3621981920256942,
2,2,0.38018569414580566,0.23383840502388642,0.38597590083030786,
0,2,0.24530817164808796,0.2394660562477827,0.5152257721041295,
2,2,0.1573773288497894,0.30406019998115663,0.538562471169054,
2,2,0.10340568231776448,0.22172161336581028,0.6748727043164252,
2,0,0.6601462935741446,0.07903179551773505,0.26082191090812035,
2,1,0.3908015131915154,0.39982269305787194,0.20937579375061266,
2,1,0.3257206909558904,0.39816801159467774,0.2761112974494319,
2,2,0.11433546475644348,0.24672367205877316,0.6389408631847834,
2,0,0.4263335964996304,0.2860644006926812,0.2876020028076884,
2,0,0.5367928413078455,0.17129757983220656,0.29190957885994795,
2,2,0.28100838454058935,0.21885331819678328,0.5001382972626273,
2,1,0.3177588573678307,0.5158147385359497,0.1664264040962196,
2,0,0.40028924115439485,0.28893977663289355,0.31077098221271154,
0,2,0.173254778414691,0.2861755530252459,0.540569668560063,
1,1,0.13227402697808952,0.43649225643440065,0.43123371658750986,
2,2,0.2521568206589159,0.11909865086245379,0.6287445284786303,
2,1,0.26689221633500576,0.4970110962570535,0.2360966874079407,
2,0,0.4877292671715103,0.1806787096797665,0.33159202314872316,
2,2,0.14337981947465792,0.17246102456905704,0.6841591559562851,
2,2,0.23139620393338123,0.16649512035082556,0.6021086757157932,
2,0,0.4214298837502708,0.258655623761853,0.3199144924878762,
2,0,0.43151634949400947,0.3259881020174194,0.24249554848857122,
2,2,0.2391947321497497,0.22590242998865584,0.5349028378615945,
2,0,0.5052239607916368,0.2236578159725538,0.2711182232358094,
2,0,0.46616458024778296,0.15338298973166667,0.3804524300205503,
2,0,0.41684110842651473,0.31691996575457654,0.2662389258189087,
1,1,0.16331187207348072,0.5636692186043345,0.27301890932218464,
0,1,0.3067295500210126,0.572093306929728,0.12117714304925943,
2,2,0.3408183906308682,0.2508927331743559,0.4082888761947759,
1,2,0.332176612326251,0.25303214368339566,0.4147912439903532,
2,2,0.13130395305632814,0.1766231305550059,0.692072916388666,
2,0,0.4369277552107629,0.17986158153811244,0.38321066325112463,
2,0,0.554068953418341,0.1610107223157491,0.2849203242659099,
2,2,0.16074060590836814,0.1617175088450557,0.6775418852465763,
2,2,0.0960486773314194,0.20301443073653588,0.7009368919320447,
2,2,0.06575213960501615,0.2980875431864723,0.6361603172085115,
2,2,0.21642573201786064,0.32822686559982617,0.45534740238231325,
2,2,0.1584967396659479,0.1572753043614282,0.6842279559726239,
2,0,0.38483572193827936,0.2976230002752204,0.31754127778650026,
2,0,0.40487196508659706,0.2814558325144063,0.3136722023989966,
2,0,0.42428316035541636,0.20787540234101937,0.3678414373035642,
2,2,0.2822966140314547,0.21640623217112256,0.5012971537974227,
1,1,0.2583868418220376,0.4157943067875612,0.3258188513904013,
1,1,0.40309228310206885,0.40966766140471134,0.1872400554932198,
2,2,0.24064384072802306,0.12481431606420497,0.634541843207772,
1,1,0.33500907158328164,0.44378644521717914,0.22120448319953923,
2,2,0.17559058291955443,0.1753507610348522,0.6490586560455933,
1,1,0.07705810099015467,0.5640073505239613,0.358934548485884,
2,0,0.5025642314119011,0.36056285397603677,0.1368729146120622,
2,2,0.11775474880615933,0.15739175356006654,0.7248534976337742,
2,2,0.1320153040816524,0.2758924871433917,0.5920922087749558,
1,2,0.2787106199881086,0.3236367570176733,0.39765262299421816,
1,0,0.5306875006595575,0.16516665014089055,0.30414584919955195,
1,1,0.05767574353087831,0.5574285927626426,0.3848956637064791,
1,1,0.11958801662595192,0.5964669893377288,0.28394499403631923,
2,2,0.15749865366106686,0.3715635869149474,0.47093775942398575,
2,2,0.14445761774792618,0.14441278951423753,0.7111295927378364,
1,2,0.12616918750875414,0.43054777696603697,0.4432830355252088,
1,1,0.07908283263285867,0.49997615317280564,0.42094101419433566,
2,1,0.10619992358903664,0.5748193225808185,0.3189807538301449,
1,1,0.15541308592318848,0.5870252150403249,0.25756169903648657,
1,2,0.006069679922249754,0.10297716077434547,0.8909531593034047,
1,2,0.05235834962927361,0.22225241890925965,0.7253892314614667,
1,2,0.03923896726155036,0.4606852284352702,0.5000758043031795,
1,2,0.023919951319403353,0.24923203841338665,0.7268480102672099,
1,1,0.10522936849607921,0.5038189058062353,0.39095172569768544,
2,1,0.12494702431446357,0.5738262536850316,0.3012267220005048,
2,2,0.022971758832227067,0.1597804779282867,0.8172477632394862,
1,2,0.0948794555572716,0.4275331617411369,0.4775873827015914,
1,2,0.011633527312749206,0.17126553201387554,0.8171009406733754,
1,2,0.02121480801068124,0.23463281403816924,0.7441523779511495,
2,2,0.2945192973710948,0.29886028930397945,0.4066204133249257,
2,2,0.09635992970331823,0.4445064403919226,0.45913362990475914,
1,1,0.09507210543726173,0.5765502783193989,0.32837761624333933,
2,2,0.1030243352610566,0.43278069028698674,0.4641949744519567,
1,1,0.05792448714449323,0.4863654920264332,0.4557100208290736,
1,2,0.02004100987341898,0.24287760815347514,0.7370813819731059,
1,2,0.21494177714971383,0.3805513988584751,0.404506823991811,
1,2,0.05322962108099931,0.4732716776037045,0.47349870131529614,
1,2,0.020218343063175822,0.139736157181116,0.8400454997557082,
1,2,0.1641201375329592,0.34718757552390467,0.488692286943136,
2,2,0.059390853231446925,0.14469106204235704,0.7959180847261961,
1,2,0.0711706781340092,0.39227669054360687,0.5365526313223838,
1,2,0.09975153439993015,0.3017895671697308,0.598458898430339,
2,0,0.6595153119311389,0.22062474333914894,0.1198599447297121,
0,2,0.18306378772110635,0.38670947533060757,0.43022673694828606,
2,2,0.2606509150324727,0.26485814532744484,0.4744909396400826,
1,0,0.4064551647954576,0.3669016023495403,0.226643232855002,
2,0,0.4391707469341257,0.24639683270647184,0.31443242035940244,
2,2,0.10633730415615332,0.362210069898763,0.5314526259450837,
2,2,0.1572866005704112,0.2497860516447211,0.5929273477848678,
2,2,0.1859014759626302,0.24785647111048084,0.5662420529268889,
1,2,0.14826503716658201,0.3188760612509475,0.5328589015824705,
2,2,0.23357363788921542,0.3053582113798687,0.46106815073091595,
2,2,0.2364678175973626,0.29772613076634535,0.465806051636292,
1,2,0.22071251456936503,0.25628459391357006,0.523002891517065,
0,2,0.14417897524580564,0.20337059288809126,0.6524504318661031,
2,2,0.25153774959098635,0.1875358531022856,0.5609263973067282,
2,2,0.17901831888606246,0.40670435991429305,0.4142773211996445,
2,0,0.44063265028040793,0.1621367433058014,0.39723060641379077,
2,1,0.303281788054183,0.49437601773175266,0.20234219421406424,
2,0,0.495115247815669,0.40460495044983075,0.10027980173450027,
1,1,0.2201758993907464,0.6478994337085655,0.1319246669006881,
2,2,0.2925450998029914,0.3448249041333606,0.36262999606364793,
1,1,0.3194875443861919,0.6404880235676185,0.04002443204618962,
1,1,0.20289105604918514,0.5393859087576359,0.2577230351931789,
2,2,0.15752535691727282,0.2895058154380871,0.5529688276446401,
2,2,0.30811491722751916,0.3307234518067783,0.36116163096570264,
1,1,0.14056964100127176,0.7535917206107049,0.10583863838802329,
0,2,0.1662951613663658,0.16148530288168686,0.6722195357519473,
2,2,0.2526163409064851,0.1683521139046235,0.5790315451888913,
0,2,0.10532371788300966,0.13893766605275507,0.7557386160642353,
2,1,0.2607934497801461,0.5104561411214034,0.22875040909845057,
0,2,0.2537463662569188,0.1743186929686096,0.5719349407744715,
1,1,0.11166851846703424,0.533222188988356,0.3551092925446097,
1,1,0.10044354514910535,0.4582773708414444,0.4412790840094504,
2,2,0.29766466118032675,0.2610065296406209,0.4413288091790524,
1,2,0.22769308632688162,0.36710373422668985,0.40520317944642836,
2,2,0.22228811450210156,0.3113577765720456,0.46635410892585283,
1,1,0.045797821576466266,0.5129018097547994,0.4413003686687343,
1,1,0.26511892440324386,0.6072364366699533,0.12764463892680283,
1,0,0.3997771580882725,0.3020165911542101,0.2982062507575174,
1,1,0.13842181846253165,0.7016476654591219,0.15993051607834638,
2,1,0.12214968002486933,0.7289513146949274,0.1488990052802033,
1,1,0.16465779431557082,0.6141697735070502,0.22117243217737897,
2,2,0.04406112350990027,0.1359569143490673,0.8199819621410325,
2,1,0.3126741273081035,0.5472845266337,0.14004134605819663,
2,1,0.3596765948825621,0.4728145844519116,0.16750882066552625,
1,2,0.22886685085355002,0.19651294811757575,0.5746202010288742,
2,1,0.07460534026039202,0.8111158102785518,0.11427884946105595,
1,1,0.31954019455582544,0.5526872840817302,0.12777252136244427,
2,1,0.33791855568565704,0.44336393393282286,0.2187175103815201,
2,1,0.35627094795712394,0.4256721156476787,0.21805693639519746,
1,1,0.1344172481294901,0.6510261828102996,0.2145565690602104,
1,1,0.17307720307551724,0.7222103762333762,0.10471242069110652,
2,1,0.18732174047921385,0.6790731459845587,0.13360511353622745,
0,2,0.24439690372129438,0.2168679479519566,0.538735148326749,
2,1,0.23536196013811567,0.6189780507898389,0.14565998907204528,
0,2,0.0921755388192228,0.36084261750481506,0.5469818436759623,
1,1,0.37976160413767895,0.5407223884369168,0.0795160074254043,
1,1,0.21268544962911914,0.5917599275419888,0.19555462282889202,
2,1,0.3796905697288096,0.49596501841246604,0.12434441185872444,
2,1,0.3785405833098425,0.5640879527382108,0.057371463951946644,
1,1,0.23734517010528117,0.48219335524678464,0.2804614746479342,
2,0,0.4735814334861271,0.42498449696702395,0.10143406954684893,
1,1,0.10544896020819122,0.7165643676291041,0.1779866721627047,
2,0,0.39323417880301115,0.2796559590492567,0.3271098621477321,
2,2,0.0789470358315927,0.09034295784541498,0.8307100063229923,
2,0,0.41057875250204845,0.30671903165959163,0.2827022158383598,
2,1,0.23860382697331864,0.5208945573753583,0.24050161565132308,
2,1,0.2691298810573719,0.5168136151587799,0.21405650378384827,
2,1,0.3509103280962401,0.3829201980559947,0.26616947384776524,
2,1,0.34254808518116986,0.44422587383466416,0.21322604098416606,
2,1,0.3358022429274592,0.4544376814615865,0.20976007561095436,
1,1,0.261322943609068,0.691773945985619,0.04690311040531282,
2,0,0.3958933520821021,0.3506105186825756,0.2534961292353223,
1,1,0.26634525021321387,0.40639021496574723,0.32726453482103895,
1,2,0.24110871827846939,0.36292327424177345,0.39596800747975713,
2,2,0.3282392396170711,0.21875420678217417,0.45300655360075476,
2,1,0.34202994631918643,0.5029986530030496,0.154971400677764,
2,0,0.3908690840896355,0.37518291867900416,0.23394799723136045,
2,2,0.13669774422141864,0.41008348474965617,0.4532187710289252,
2,2,0.3054350753352309,0.20226399977861348,0.49230092488615573,
0,2,0.26820536802355865,0.2737625876313859,0.4580320443450555,
1,1,0.3139854234618165,0.6178363299736244,0.06817824656455908,
2,1,0.24340703844017947,0.523930610898166,0.23266235066165458,
0,1,0.13642606715485134,0.4396517642618304,0.4239221685833182,
0,2,0.20577627109103172,0.2478979992245285,0.5463257296844397,
1,1,0.34489197478699435,0.4332022426890032,0.22190578252400248,
1,1,0.18351331892678624,0.6356599991567127,0.18082668191650098,
2,2,0.22885150232347776,0.32230673401801024,0.448841763658512,
2,0,0.43885075381335437,0.2629026821840538,0.29824656400259175,
1,1,0.1617552337284901,0.7031528544409076,0.13509191183060243,
2,1,0.1925971940161305,0.41321371231808635,0.3941890936657831,
1,1,0.03379118922003241,0.4997150906497254,0.46649372013024215,
1,1,0.2289454021717678,0.5753072194189268,0.19574737840930542,
1,1,0.17589164065880628,0.5369128232659465,0.2871955360752472,
1,1,0.2592812601650224,0.5921812930930573,0.14853744674192038,
1,1,0.1564513583684537,0.6430440029070974,0.20050463872444893,
1,1,0.08684444046534315,0.765599766929616,0.14755579260504095,
1,1,0.269214296428766,0.5604428324795775,0.17034287109165652,
2,2,0.11927190555399031,0.09728602628831498,0.7834420681576947,
1,2,0.27770050289433146,0.32976720969719253,0.39253228740847584,
2,1,0.3130832594675649,0.5400210130961567,0.14689572743627832,
1,1,0.0843076269939845,0.5315864499286791,0.3841059230773365,
1,1,0.14105392255517157,0.5935169687598341,0.2654291086849944,
2,1,0.2065582742362561,0.5338680466756868,0.259573679088057,
1,1,0.11929826516402914,0.6573457429454798,0.2233559918904912,
1,1,0.2110947589262494,0.5338279760141267,0.25507726505962397,
2,1,0.27841369993352033,0.4364643120545071,0.28512198801197247,
1,1,0.20291086493336938,0.6612034475675733,0.13588568749905727,
1,1,0.15269316771899158,0.5775226372531177,0.2697841950278907,
1,1,0.14930268812561218,0.5863513132621487,0.2643459986122391,
2,1,0.21480214379115806,0.5904748295778048,0.19472302663103708,
1,1,0.1647314991103314,0.5500853863318144,0.2851831145578542,
2,2,0.04877279353360912,0.20950564756336496,0.741721558903026,
2,2,0.052433038654714645,0.12692902198602432,0.8206379393592611,
1,2,0.07508093751226785,0.4523406781647715,0.4725783843229605,
1,2,0.19771046886326402,0.39581413261531406,0.4064753985214219,
1,1,0.28538309401775813,0.49223248642843165,0.22238441955381016,
