2,0,0.6132593445044134,0.06292633483052741,0.32381432066505905,
2,0,0.654989467218842,0.02344411346483417,0.3215664193163239,
2,1,0.06244530261037805,0.9141404411079748,0.02341425628164721,
2,1,0.20616372577626632,0.6980233503022674,0.09581292392146616,
2,0,0.7632965888697998,0.029235069749486576,0.2074683413807137,
2,0,0.7979645656367085,0.10230286613406596,0.09973256822922567,
2,0,0.48096226846043455,0.2815284277269932,0.23750930381257215,
2,0,0.597841253879432,0.04435661397079092,0.35780213214977713,
2,1,0.3867966898549761,0.5101842197758467,0.10301909036917711,
2,0,0.5146852366112128,0.30474699353366813,0.1805677698551192,
2,0,0.6316545052611776,0.11447570031004932,0.25386979442877305,
2,1,0.09935476335534044,0.8870419237313375,0.01360331291332198,
2,1,0.09705468207492653,0.7904727073890352,0.11247261053603835,
2,0,0.5038353429466743,0.4160595507067966,0.0801051063465291,
2,0,0.4409903639059879,0.3604085991907993,0.19860103690321276,
2,1,0.1486845229743028,0.7462568854209117,0.10505859160478548,
2,1,0.15211528686102743,0.751721229290062,0.09616348384891049,
2,1,0.26516376408566733,0.3779583385474682,0.35687789736686454,
2,0,0.806166836986568,0.011383386110795726,0.18244977690263633,
2,1,0.041206203193257136,0.8914879718574945,0.06730582494924842,
2,1,0.038439151227057274,0.9260567768297412,0.035504071943201626,
2,1,0.38938300170336415,0.4478910071894791,0.16272599110715677,
2,0,0.5812039788641912,0.2606739822222589,0.15812203891354995,
2,1,0.36591738400012136,0.475016934476321,0.15906568152355768,
2,0,0.5580429492601114,0.2580945307712958,0.18386251996859285,
2,0,0.6545174258829397,0.16370402239089932,0.1817785517261609,
2,0,0.8640571355765985,0.0666748418271674,0.06926802259623396,
2,0,0.6181270490580699,0.15174926447340675,0.2301236864685233,
2,0,0.6384476109076126,0.12511245493508652,0.236439934157301,
2,0,0.4246441364899595,0.25177530174202356,0.323580561768017,
2,1,0.31972319227814916,0.6006137239377245,0.07966308378412623,
2,1,0.36858304151142873,0.6138876707233304,0.017529287765240893,
2,1,0.1362092253314835,0.7943049810479226,0.069485793620594,
2,1,0.0631233314773836,0.8493470569290351,0.08752961159358133,
2,1,0.24343173338019386,0.6126562885293583,0.14391197809044784,
2,1,0.3748453030338231,0.39309218253975814,0.2320625144264189,
2,1,0.10794515598503708,0.852195905621898,0.039858938393065,
2,2,0.37979678057955635,0.19849632262205216,0.4217068967983915,
2,1,0.2897558802964369,0.6180227682731304,0.09222135143043267,
2,1,0.479819237949917,0.48033969081991656,0.03984107123016627,
2,1,0.2880271105478176,0.5412869941725977,0.1706858952795847,
2,1,0.06669724320905501,0.910632533631197,0.022670223159748034,
2,1,0.06853743131108017,0.8893543089370354,0.04210825975188457,
2,1,0.06634132548904156,0.8646016036353255,0.0690570708756329,
2,1,0.2929788883922495,0.5586193448292006,0.14840176677854994,
2,1,0.16609526277576692,0.7739040084577669,0.06000072876646625,
2,1,0.10468776726421292,0.7927146237578392,0.10259760897794791,
2,1,0.16372451488066755,0.8023343042756359,0.033941180843696635,
2,1,0.03889459873068201,0.8975753293196916,0.0635300719496262,
2,0,0.5552665072353691,0.06751678492984925,0.37721670783478173,
2,0,0.9434675427066411,0.0017191944682739542,0.054813262825084884,
2,0,0.89416084301326,0.009149517902899418,0.09668963908384054,
2,0,0.4263454797458766,0.2632071645144295,0.31044735573969384,
2,0,0.9537493148581467,0.0018869588486396922,0.044363726293213585,
2,1,0.12018998686129898,0.8043213775464256,0.07548863559227535,
2,0,0.6769441324648812,0.10248231263354,0.2205735549015788,
2,0,0.699729129099003,0.09306936251895959,0.20720150838203744,
2,1,0.1957134703829529,0.7916590301408993,0.012627499476147852,
2,0,0.7200698535608224,0.050865494265302506,0.22906465217387506,
2,1,0.29302886692667607,0.5229262726726617,0.1840448604006622,
2,1,0.2792698263076628,0.6346938222164723,0.08603635147586493,
2,1,0.2000667380051789,0.6733470772705427,0.1265861847242784,
2,0,0.49665211685570876,0.029804974620553978,0.4735429085237372,
2,1,0.16609526277576692,0.7739040084577669,0.06000072876646625,
2,0,0.8656855781812145,0.005741975622929764,0.12857244619585578,
2,0,0.7438385859446939,0.008524703640966224,0.24763671041433993,
2,0,0.6054776588660016,0.04700431510138138,0.347518026032617,
2,0,0.9173467240134042,0.005802773937988356,0.0768505020486074,
2,0,0.6486478650116482,0.12699326585810197,0.22435886913024988,
2,2,0.2938785407931104,0.32359177795042693,0.38252968125646264,
2,1,0.08161869194021638,0.881731429604226,0.03664987845555762,
2,0,0.6696439305424429,0.05838481910429794,0.27197125035325914,
2,0,0.45558433453845226,0.29000123964655516,0.25441442581499246,
2,0,0.9019824640413365,0.02583826376614245,0.07217927219252106,
2,0,0.7765503955990151,0.006375927393660907,0.21707367700732402,
2,0,0.9646039686108347,0.010929805165046519,0.024466226224118707,
2,0,0.6901194273685249,0.07323027444270408,0.23665029818877092,
2,1,0.32833704759410626,0.5444136591781925,0.12724929322770126,
2,0,0.5930031768586171,0.03688872730253803,0.37010809583884485,
2,0,0.5929260532253111,0.1217956733696711,0.2852782734050179,
2,0,0.7587679740095217,0.0389484174157069,0.20228360857477143,
2,0,0.6663342464067095,0.20331266074920445,0.13035309284408592,
2,0,0.6850186184255644,0.07940291032530368,0.23557847124913187,
2,0,0.7466656181181354,0.06206949393549774,0.19126488794636698,
2,0,0.9687799333118617,0.018022908636619744,0.013197158051518488,
2,0,0.6976411594955458,0.1717177162340971,0.130641124270357,
2,0,0.7122894485585471,0.18073533713275117,0.10697521430870165,
2,0,0.5786989551221082,0.028827461147059884,0.39247358373083174,
2,0,0.36160982717269613,0.3243065109775743,0.3140836618497295,
2,0,0.7805115783825449,0.040010832243867075,0.179477589373588,
2,0,0.4937244047220663,0.36931192280800224,0.1369636724699315,
2,0,0.5995926831817033,0.11275089940025491,0.2876564174180418,
2,1,0.043636979468820274,0.8807268061824604,0.0756362143487194,
2,0,0.6079581705659136,0.28737641051718005,0.10466541891690641,
2,0,0.515408266143225,0.2389548135700096,0.24563692028676537,
2,0,0.5572758348225213,0.10665866390037233,0.3360655012771064,
2,0,0.6968326102761042,0.0965586753061174,0.2066087144177785,
2,0,0.7297402120649709,0.02832272914830005,0.24193705878672908,
2,0,0.8384362088462254,0.01789887824292189,0.1436649129108527,
2,0,0.6160458654033398,0.2441440302786348,0.13981010431802535,
2,0,0.4210172990984971,0.3361872294779706,0.24279547142353217,
2,0,0.8454867893895414,0.03978217444178417,0.11473103616867446,
2,1,0.15420184183248486,0.826944581042048,0.018853577125467032,
2,0,0.6885918558877532,0.03287106046594294,0.27853708364630375,
2,1,0.26651757351801153,0.46936492794797957,0.2641174985340089,
2,0,0.8434120679514141,0.08975990863581695,0.06682802341276903,
2,0,0.4822056147429422,0.47830799795170864,0.039486387305349244,
2,0,0.6232763994863093,0.2712645769044825,0.10545902360920809,
2,0,0.5369902298490062,0.23617091620821679,0.22683885394277706,
2,0,0.7477423528225784,0.07291269615948401,0.1793449510179376,
2,0,0.9656592874749609,5.575232701699684E-4,0.03378318925486914,
2,0,0.8028868498203979,0.013483973656011847,0.18362917652359015,
2,0,0.7906498660164263,0.06834308022392359,0.14100705375965017,
2,0,0.6725779027301088,0.17803636968592648,0.1493857275839646,
2,0,0.6548962090022487,0.06948800455722326,0.2756157864405281,
2,1,0.08082534807560232,0.865423910960034,0.0537507409643637,
2,2,0.3896722791159303,0.1890403156035519,0.4212874052805177,
2,0,0.5933132289634575,0.2874685037159164,0.11921826732062608,
2,0,0.5305645328717036,0.14971448770452522,0.31972097942377115,
2,0,0.5240191573557835,0.25933678566797175,0.2166440569762448,
2,0,0.6894263898682469,0.10332812149830761,0.2072454886334456,
2,1,0.2682632586886903,0.5285008566896204,0.20323588462168918,
2,0,0.6946159122749896,0.050341882851909076,0.25504220487310136,
2,0,0.6030171293689183,0.19584106693574826,0.20114180369533347,
2,0,0.4465803160538708,0.15045003632338566,0.40296964762274357,
2,0,0.5650426137250405,0.32117017544040705,0.1137872108345526,
2,0,0.950974733943537,0.018169862381214093,0.030855403675248978,
2,0,0.6027288583057357,0.1115277209583833,0.285743420735881,
2,0,0.7682084179029637,0.06734462525791857,0.16444695683911767,
2,0,0.8389387184858178,0.0077189756917456455,0.15334230582243644,
2,0,0.9475098704241979,0.010204805500195683,0.04228532407560628,
2,0,0.9823342726984092,0.0020886755594897457,0.015577051742101061,
2,0,0.45181973960258304,0.391855343388722,0.156324917008695,
2,0,0.48212562610250986,0.41249431953973903,0.10538005435775111,
2,0,0.5726689424636842,0.18880925984519595,0.23852179769111986,
2,0,0.5807298755083952,0.23562037000776956,0.18364975448383536,
2,0,0.6384476109076126,0.12511245493508652,0.236439934157301,
2,0,0.8383292565844932,0.03534125022674655,0.12632949318876024,
2,0,0.38217396379492197,0.2624883210902535,0.35533771511482454,
2,1,0.08026224928267424,0.7969735468690122,0.12276420384831362,
2,1,0.2438417007221005,0.510368860649569,0.24578943862833058,
2,1,0.09543131534733346,0.8677185912509355,0.03685009340173106,
2,1,0.33374194306145,0.4115611917138559,0.2546968652246941,
2,1,0.11827512512684253,0.7872169712251006,0.09450790364805693,
2,0,0.7576571484489221,0.041906746355779866,0.20043610519529814,
2,0,0.9575899923056235,0.0022137858439354157,0.04019622185044107,
2,0,0.7626946248802291,0.05901967912909796,0.17828569599067307,
2,0,0.6645267003970916,0.12892680445828406,0.20654649514462436,
2,1,0.443644154472934,0.4854630792670826,0.07089276625998335,
2,0,0.8917995144367943,0.019847176523901954,0.08835330903930373,
2,0,0.7496811795413586,0.170112684130161,0.08020613632848031,
2,1,0.10983738305497898,0.8381433044876595,0.05201931245736147,
2,0,0.43682917900182483,0.427416578683406,0.13575424231476924,
2,1,0.1442124580727093,0.6094378736389676,0.24634966828832303,
2,0,0.4098960563969143,0.3671276974823346,0.22297624612075106,
2,1,0.3321199481906967,0.5898946589389211,0.07798539287038214,
2,0,0.8042025528699203,0.026917676097187,0.16887977103289264,
2,0,0.5831601900364859,0.35916573502399063,0.05767407493952338,
2,1,0.23086882268054462,0.681970631838203,0.08716054548125246,
2,0,0.7549860030071711,0.07525539713602945,0.1697585998567995,
2,1,0.16061037698275898,0.7987748944612698,0.04061472855597125,
2,1,0.39548152689958965,0.5393340567456154,0.06518441635479494,
2,1,0.13987910723213637,0.8369291361211171,0.023191756646746595,
2,1,0.11144519865926386,0.7881427519215664,0.10041204941916965,
2,0,0.8078594285324914,0.019747846449833486,0.17239272501767516,
2,0,0.5377578201263323,0.253689718194443,0.20855246167922462,
2,0,0.39564055802034676,0.29155964442899596,0.3127997975506573,
2,0,0.7402361231513966,0.07816059861554919,0.1816032782330542,
2,0,0.8723407234332269,0.016569641997484036,0.11108963456928918,
2,0,0.9534051698670424,0.004310270475712631,0.042284559657244876,
2,1,0.34565190977138616,0.5021209343191023,0.15222715590951147,
2,0,0.7691905269575408,0.08029307153303188,0.1505164015094273,
2,0,0.5391950065677801,0.3794071215478194,0.0813978718844006,
2,0,0.8504936179103141,0.018743563627143963,0.1307628184625419,
2,0,0.751999445694781,0.04625908109887607,0.20174147320634286,
2,1,0.3719880855383085,0.48018720873954684,0.14782470572214468,
2,0,0.6742964730566647,0.0660602529127015,0.25964327403063375,
2,1,0.20548069392631213,0.721924284500382,0.07259502157330568,
2,1,0.04831509527183414,0.9285303245711957,0.023154580156970247,
2,1,0.2537176187621252,0.7140926991710248,0.03218968206685007,
2,1,0.18794616637371375,0.7694121825506461,0.042641651075640025,
2,0,0.6157340968908632,0.291238741282549,0.09302716182658774,
2,1,0.36447846521010957,0.3715921062648582,0.26392942852503226,
2,1,0.03857295297615768,0.9092957397928246,0.052131307231017616,
2,0,0.6687568837809683,0.08188054742481397,0.24936256879421778,
2,0,0.638383854968591,0.3084894525924932,0.053126692438915935,
2,0,0.9622387409108227,0.008001398882098991,0.02975986020707838,
2,0,0.8515869324572019,0.003947370355597423,0.14446569718720081,
2,0,0.8539264445614497,0.07214793121900163,0.07392562421954868,
2,1,0.22633396517787976,0.6717249744527347,0.10194106036938543,
2,0,0.470937853541908,0.468061347798771,0.061000798659320885,
2,0,0.8246462993808958,0.06142271499316628,0.11393098562593777,
2,1,0.05577267920524933,0.8923315445681069,0.051895776226643854,
2,1,0.20939400792953838,0.7432114656294789,0.04739452644098276,
2,1,0.18387254697201433,0.7808107837658624,0.03531666926212311,
2,1,0.05906688182339246,0.8859721278639191,0.05496099031268851,
2,0,0.5726968500384068,0.03542159773713414,0.3918815522244592,
2,1,0.24479673729794807,0.7133951271354068,0.04180813556664527,
2,1,0.024314045296334456,0.9504194221379609,0.025266532565704637,
2,1,0.16611859774627363,0.7341346750896502,0.09974672716407608,
2,0,0.6245049917664832,0.29895642977307213,0.0765385784604447,
2,1,0.145151497998988,0.8200865506138697,0.03476195138714247,
2,0,0.629503333869391,0.2620059905851647,0.10849067554544435,
2,1,0.327316187432935,0.5691034293762032,0.10358038319086195,
2,2,0.4090403203659729,0.1770245537736637,0.41393512586036346,
2,0,0.853252158197471,0.058633795023587704,0.08811404677894129,
2,0,0.9873809646118972,5.802709532280611E-4,0.012038764434874784,
2,0,0.7943603894570727,0.01739751096126359,0.1882420995816638,
2,0,0.843879068452796,0.0026874395753468945,0.15343349197185713,
2,0,0.9492460008271122,0.01603260164464083,0.03472139752824701,
2,0,0.8276850792803819,0.01158910457381724,0.16072581614580084,
2,0,0.7634067951696671,0.11008456081366905,0.12650864401666384,
2,0,0.4871691099623361,0.23090754820790022,0.2819233418297637,
2,0,0.8038371467266996,0.07794157616174639,0.11822127711155411,
2,0,0.4618436577689455,0.4048375608688165,0.13331878136223801,
2,0,0.4077431731050668,0.3707083029699295,0.22154852392500365,
2,1,0.40169221153342194,0.4553353572399283,0.1429724312266497,
2,0,0.9377657081582069,0.03346286822323985,0.028771423618553366,
2,0,0.7689903692811313,0.04709301096600173,0.18391661975286688,
2,0,0.7542869870345774,0.10267769163121487,0.1430353213342078,
2,0,0.8517970798660798,0.0037015729258248645,0.14450134720809538,
2,0,0.7545553858883599,0.05174620531785892,0.19369840879378114,
2,1,0.16052342946767809,0.7438193757689987,0.09565719476332321,
2,1,0.36389750389457887,0.5075675251692057,0.1285349709362155,
2,0,0.45234949817376885,0.3866888318761653,0.16096166995006572,
2,1,0.06634132548904156,0.8646016036353255,0.0690570708756329,
2,0,0.4155988609398643,0.3246857109596354,0.2597154281005003,
2,0,0.5839910096997228,0.25897377893367474,0.15703521136660245,
2,1,0.06269202827477638,0.8758113471339795,0.061496624591244095,
2,0,0.8536281792650002,0.016934210776162327,0.12943760995883744,
2,0,0.7090115342315505,0.11282642971471983,0.17816203605372977,
2,1,0.06999569989323108,0.8845844306549747,0.045419869451794215,
2,1,0.11827512512684253,0.7872169712251006,0.09450790364805693,
2,1,0.33056631037652057,0.6047482114306111,0.06468547819286835,
2,1,0.17322719383349372,0.7156515393883071,0.11112126677819928,
2,1,0.3769314477547029,0.5053251827606369,0.11774336948466044,
2,1,0.16591172543079286,0.705363914529588,0.12872436003961915,
2,0,0.9454756644497052,0.007095749802475666,0.04742858574781924,
2,1,0.07205968268153504,0.8461866470158619,0.08175367030260301,
2,1,0.17119514377923079,0.5197615967990356,0.3090432594217336,
2,0,0.676860518114353,0.04203105470424151,0.2811084271814055,
2,1,0.3890630166296738,0.5851438793868908,0.025793103983435435,
2,0,0.7118303582746095,0.1663916952442664,0.12177794648112404,
2,1,0.12288131128444203,0.8169800967367695,0.06013859197878835,
2,0,0.6350125889936854,0.1773380842460202,0.18764932676029444,
2,1,0.09304693097954914,0.8772688409667605,0.02968422805369044,
2,1,0.0507734263551924,0.9066832970633415,0.042543276581466095,
2,1,0.17899472984182638,0.6719034092433936,0.14910186091478,
2,1,0.06634132548904156,0.8646016036353255,0.0690570708756329,
2,1,0.018406719300078738,0.9679180571603837,0.013675223539537446,
2,1,0.23676863244027346,0.6113497271090114,0.15188164045071517,
2,1,0.1339531799766181,0.722146886905695,0.143899933117687,
2,0,0.7509183735993255,0.059716422440189786,0.18936520396048478,
2,0,0.8501055363398462,0.04497235563494219,0.1049221080252115,
2,0,0.8062603055619154,0.05032132104590837,0.1434183733921762,
2,1,0.2373766286317508,0.6312625648943408,0.13136080647390833,
2,1,0.18679776072126317,0.7567771835284515,0.05642505575028529,
2,0,0.5280257415052543,0.2757710951009522,0.19620316339379348,
2,1,0.23676863244027346,0.6113497271090114,0.15188164045071517,
2,0,0.9741295982050845,0.004831579075445074,0.021038822719470513,
2,0,0.8203546669280118,0.043436465785102324,0.13620886728688583,
2,0,0.7440904842708718,0.14857580001543017,0.10733371571369811,
2,0,0.47711495903867496,0.4219413131234236,0.10094372783790141,
2,0,0.9749496386504001,0.0063241307089836885,0.018726230640616234,
0,0,0.9420195429142952,0.009701401465071,0.04827905562063381,
0,0,0.6067537019776765,0.17897483012001558,0.21427146790230786,
0,0,0.6535994979323797,0.036072628350020224,0.3103278737176001,
0,0,0.9445991349249047,0.040701888600291336,0.014698976474804013,
0,0,0.9217374545579611,0.012543508415678379,0.06571903702636056,
0,0,0.992841405982821,0.004697725834337584,0.002460868182841542,
0,0,0.9086026793741296,0.08179739227847449,0.00959992834739588,
0,0,0.6170931067558378,0.2332072765598511,0.14969961668431128,
0,0,0.6306981393801786,0.23578385186974318,0.13351800875007816,
0,0,0.6727037498736751,0.22391473308163476,0.10338151704469004,
0,0,0.5597202990562021,0.2293792978168181,0.2109004031269798,
0,0,0.8515869324572019,0.003947370355597423,0.14446569718720081,
0,1,0.1535814339110249,0.5718222429919442,0.27459632309703097,
0,0,0.9128281753052876,0.013790918790092905,0.0733809059046194,
0,0,0.6256100014333436,0.22149316059603508,0.1528968379706215,
0,0,0.9801398643282635,0.005357380677816674,0.014502754993919818,
0,0,0.9731555922257384,0.004214005875763037,0.022630401898498465,
0,1,0.17621087982480058,0.653567917753372,0.17022120242182753,
0,0,0.6953482547010089,0.03283126963259001,0.27182047566640105,
0,0,0.4250173327311297,0.4040969118818794,0.17088575538699097,
0,0,0.8432355627386539,0.02959013649337591,0.12717430076797015,
0,0,0.5731085716499378,0.16949847053550807,0.2573929578145542,
0,0,0.9653747490828342,0.023925811187047088,0.01069943973011881,
0,0,0.6943183208453089,0.22799484248278007,0.07768683667191098,
0,1,0.2661965694650923,0.6299346060790852,0.10386882445582254,
0,1,0.03972537054495925,0.9169825758862359,0.04329205356880482,
0,0,0.9605000718943382,0.012006858546745243,0.027493069558916592,
0,0,0.7187776921190366,0.13069783274501443,0.15052447513594885,
0,0,0.8365170472658597,0.038746308652680694,0.12473664408145957,
0,0,0.6592046452825957,0.17983476954436148,0.16096058517304268,
0,1,0.4510283655785052,0.4765741063711301,0.07239752805036469,
0,0,0.9471178484728425,0.023554743257352063,0.029327408269805292,
0,0,0.8185851504071292,0.035049913101470834,0.14636493649139992,
0,0,0.9424692758292744,0.007664321344158019,0.04986640282656759,
0,1,0.39285862289730655,0.5268993726494332,0.08024200445326017,
0,1,0.06055478502336074,0.9104019933295899,0.029043221647049384,
0,1,0.08351341493268638,0.8668565540007451,0.0496300310665684,
0,1,0.13194606233523656,0.8325372106743,0.03551672699046338,
0,0,0.8550259834174276,0.08942854832994548,0.055545468252626816,
0,0,0.9742051622932473,0.012668109325431115,0.013126728381321817,
0,0,0.6239220524083082,0.14071561063702184,0.23536233695466993,
0,0,0.8331625079841,0.06506673024324656,0.10177076177265348,
0,0,0.9688056292647553,0.008545387496439166,0.022648983238805483,
0,0,0.9993421802643767,4.2467549646867174E-4,2.3314423915464714E-4,
0,1,0.2622423594409187,0.6357980760435771,0.10195956451550428,
0,0,0.9204769127247525,0.05622022293662857,0.023302864338618945,
0,0,0.8597505683989773,0.005385776320333855,0.1348636552806888,
0,0,0.7488897175835698,0.17130420437046173,0.07980607804596833,
0,0,0.9915591888729179,8.430011188342363E-4,0.007597810008247894,
0,1,0.14788532489565506,0.7444039190567809,0.10771075604756394,
0,1,0.21052491179732424,0.5970935480438264,0.19238154015884926,
0,0,0.8554688344275114,0.0690429984929262,0.0754881670795624,
0,0,0.9679684780878971,0.021561139461448553,0.01047038245065441,
0,0,0.9084966826039199,0.02603906695550402,0.06546425044057606,
0,1,0.23676863244027346,0.6113497271090114,0.15188164045071517,
0,0,0.9864992559136098,0.0014903863849433207,0.012010357701446947,
0,0,0.8446775194767543,0.12168307605577122,0.03363940446747448,
0,0,0.39564055802034676,0.29155964442899596,0.3127997975506573,
0,0,0.8823404131202964,0.07325206280403969,0.044407524075663785,
0,0,0.43808352534989203,0.3722174703863071,0.18969900426380099,
0,1,0.19522780254654157,0.767252806737713,0.037519390715745365,
0,0,0.8467554319056938,0.023102309869316256,0.13014225822498995,
0,0,0.4253777372214451,0.18810005102804905,0.38652221175050583,
0,0,0.8634875598277413,0.05562609134156441,0.08088634883069436,
0,0,0.3637087458562162,0.32819769070340166,0.30809356344038213,
0,0,0.7925299714984835,0.07183890296577856,0.13563112553573792,
0,0,0.9927505263992934,2.1665007555354387E-4,0.007032823525153105,
0,0,0.8745321774568726,0.10006415084648825,0.025403671696639107,
0,1,0.1870375771699252,0.6294395261951566,0.1835228966349181,
0,0,0.7911545795632182,0.010009064304768795,0.198836356132013,
0,0,0.9800778815127323,0.01631752342987053,0.0036045950573971425,
0,0,0.9940387479152389,0.0025346232189423926,0.0034266288658186417,
0,0,0.6732251873996098,0.16644633986559557,0.16032847273479467,
0,0,0.6370800102320758,0.25029955900636697,0.11262043076155716,
0,0,0.9880920844526537,0.0032817958572921384,0.008626119690054137,
0,0,0.9672741381402686,0.020965115792792914,0.011760746066938563,
0,1,0.11951911285757849,0.8003644161443766,0.08011647099804486,
0,0,0.9706078550279277,0.007996965036744278,0.021395179935328086,
0,1,0.28952223061752647,0.6336346846413364,0.0768430847411372,
0,0,0.6712309798104141,0.28132900127298405,0.04744001891660183,
0,0,0.4828299706318636,0.15848897370981488,0.35868105565832153,
0,1,0.09520694383228147,0.891993616103136,0.012799440064582555,
0,1,0.20874906807981589,0.6756168610345032,0.11563407088568095,
0,1,0.050488983493912794,0.892647841076535,0.056863175429552174,
0,0,0.9883882361281696,7.368484355755372E-4,0.010874915436254812,
0,0,0.9788475235663424,0.004971641439585198,0.01618083499407233,
0,1,0.17606390309296274,0.7100906343868558,0.11384546252018153,
0,0,0.8753552629619487,0.07233657055339346,0.05230816648465798,
0,0,0.7515652704089009,0.20265276874100635,0.04578196085009282,
0,0,0.9959034765045265,4.7667887701851854E-4,0.0036198446184550707,
0,0,0.9855084130988678,0.0012400665535879372,0.01325152034754429,
0,0,0.701063470275813,0.09107337839784437,0.20786315132634273,
0,0,0.7284053917362961,0.11548739324581625,0.1561072150178877,
0,0,0.8221909371081998,0.03425825328064741,0.1435508096111529,
0,0,0.9854184337438379,0.00249255196962776,0.012089014286534423,
0,0,0.7596467937931388,0.03939074583319342,0.20096246037366772,
0,0,0.5003296657416128,0.3472042411562822,0.15246609310210507,
0,0,0.8139459295960518,0.1452869322795731,0.04076713812437492,
0,0,0.9007094340199985,0.008676663345378885,0.09061390263462259,
0,0,0.9092819744238595,0.023309901672149403,0.06740812390399123,
0,1,0.28628006553944874,0.5713644646329965,0.14235546982755465,
0,1,0.10499696905691136,0.8030492698989397,0.09195376104414893,
0,0,0.7780696239931807,0.05703681784287373,0.1648935581639457,
0,0,0.7270153962113405,0.15855259397568536,0.11443200981297416,
0,0,0.9932794064053859,7.865838128510994E-4,0.005934009781763128,
0,0,0.6120591623463344,0.19455220826365852,0.1933886293900071,
0,0,0.9672741381402686,0.020965115792792914,0.011760746066938563,
0,0,0.9387477431486294,0.027463540306903764,0.033788716544466836,
0,0,0.7583400757253985,0.006416080203619278,0.23524384407098223,
0,1,0.043636979468820274,0.8807268061824604,0.0756362143487194,
0,0,0.874239139015953,0.020006843953183348,0.10575401703086378,
0,1,0.3779709268577092,0.5280542642910417,0.09397480885124904,
0,0,0.6842884278990488,0.1257618646521337,0.18994970744881753,
0,0,0.8603181852131627,0.0196389162479377,0.12004289853889961,
0,0,0.9683916221813877,0.008424124144884377,0.023184253673727832,
0,0,0.49316766779438087,0.24582488318834045,0.2610074490172787,
0,0,0.41115270899755935,0.27110569150919045,0.3177415994932503,
0,0,0.9409765654237595,0.03926117622353331,0.019762258352707132,
0,1,0.1299573829736011,0.8041786397831663,0.06586397724323262,
0,0,0.931777577888312,0.035862524807792416,0.03235989730389566,
0,0,0.7700659413803081,0.11480335804388286,0.11513070057580894,
0,0,0.9613344505405537,0.015365250925479449,0.023300298533966934,
0,1,0.3289182417573798,0.4915928577627338,0.17948890047988633,
0,0,0.9757340676843793,0.015182686727389092,0.009083245588231528,
0,0,0.8043386442759236,0.11141697092148936,0.08424438480258696,
0,0,0.7988318559427763,0.11721153181456881,0.08395661224265492,
0,1,0.3243035529946548,0.5582825476830621,0.11741389932228315,
0,0,0.9843242725167778,0.0029426970955594425,0.012733030387662773,
0,1,0.07993145903830828,0.8929000415350663,0.027168499426625428,
0,1,0.314127112217407,0.5764820700428858,0.10939081773970717,
0,0,0.47438613365103877,0.43935582878119006,0.08625803756777127,
0,0,0.8305750026936802,0.11918559040116676,0.050239406905152946,
0,1,0.17914215984683426,0.6617608708980893,0.15909696925507638,
0,0,0.9773230295831363,0.01525890568733374,0.007418064729529926,
0,0,0.9524340000538255,0.007698648953833789,0.03986735099234062,
0,0,0.8072168547215844,0.06919296590068405,0.12359017937773141,
0,0,0.7313599246411522,0.1811307414009426,0.08750933395790547,
0,1,0.3162895700377689,0.6400187303780613,0.043691699584169644,
0,1,0.3241081150870248,0.5935498307635505,0.08234205414942473,
0,0,0.9200109294430685,0.007449122114341472,0.07253994844259011,
0,0,0.7830092658042287,0.05017406196751243,0.16681667222825888,
0,1,0.16071684844750533,0.793033445108235,0.04624970644425965,
0,0,0.8696242192827226,0.04773181644322352,0.08264396427405381,
0,1,0.0669801632842088,0.8111179005278992,0.12190193618789183,
0,1,0.035153310319878214,0.9171643563843953,0.04768233329572639,
0,1,0.2720682968895565,0.6848719868715537,0.04305971623888981,
0,0,0.9459428139669784,0.018716984659910924,0.03534020137311057,
0,1,0.27656748698722544,0.6469019793451386,0.07653053366763604,
0,0,0.7728741143283367,0.11757985698960663,0.10954602868205662,
0,0,0.43249512319267047,0.3848448230072079,0.1826600538001216,
0,0,0.7780098994848793,0.12529361903838113,0.09669648147673955,
0,0,0.7712139962535645,0.08436754140047369,0.1444184623459617,
0,1,0.16908208328274457,0.7447134787438993,0.0862044379733561,
0,0,0.6667585106239741,0.10819571210450922,0.22504577727151676,
0,0,0.8632069188822457,0.03007238130039794,0.10672069981735637,
0,0,0.931654441267119,0.05565628021637142,0.012689278516509373,
0,1,0.1934667723491946,0.7634765515291743,0.04305667612163112,
0,0,0.6310450155752259,0.30411151348114845,0.06484347094362561,
0,0,0.805055736134996,0.14525398776849716,0.04969027609650685,
0,1,0.4232666575341225,0.47548148920974537,0.1012518532561321,
0,0,0.9731555922257384,0.004214005875763037,0.022630401898498465,
0,1,0.07525897577875847,0.8141064509925109,0.11063457322873062,
0,0,0.510379567634403,0.29538491570892556,0.19423551665667155,
0,1,0.09884734447610319,0.83063774681458,0.0705149087093167,
0,1,0.3043637972494193,0.6326797103500187,0.06295649240056204,
0,1,0.08741002383299652,0.8410579996025475,0.07153197656445617,
0,0,0.8591154611106795,0.11650354623301255,0.024380992656307793,
0,0,0.795872675092734,0.12724898692590153,0.07687833798136458,
0,0,0.7940125165929353,0.11181464094791885,0.09417284245914594,
0,0,0.9393705187416724,0.046426490043000375,0.014202991215327143,
0,0,0.9474411364801744,0.003618336929566245,0.04894052659025926,
0,0,0.9542405933608002,0.003509330240444768,0.042250076398754964,
0,0,0.7624239668146127,0.11771243349023826,0.11986359969514904,
0,0,0.6030745734200528,0.0917797758669996,0.30514565071294764,
0,0,0.8377840690472492,0.006785116662382662,0.15543081429036806,
0,0,0.9537307062499711,4.5304049677930003E-4,0.04581625325324958,
0,0,0.7705541754495165,0.053775054600398844,0.17567076995008465,
0,0,0.6834048682053439,0.20041371532467525,0.11618141646998105,
0,0,0.8026947943733522,0.07429573909589283,0.12300946653075494,
0,0,0.995354563291478,6.574451308406078E-4,0.003987991577681345,
0,0,0.9842177544450424,0.00739443139997198,0.008387814154985612,
0,0,0.9558095616550806,0.008864683944929223,0.03532575439999016,
0,0,0.49004502524345334,0.2594581487643777,0.25049682599216894,
0,0,0.8740386458748567,0.12029567515414313,0.005665678971000229,
0,0,0.465425155104029,0.2645733818758674,0.2700014630201037,
0,0,0.7584641223749415,0.0752062732250087,0.16632960440004965,
0,1,0.05398249372825424,0.9268657523790035,0.019151753892742346,
0,0,0.9799122118977588,0.001484066187229767,0.018603721915011612,
0,1,0.29603551502181574,0.588213583692886,0.11575090128529823,
0,0,0.965097083329882,0.025144832276152603,0.009758084393965449,
0,0,0.704601962591992,0.14412359585156131,0.15127444155644656,
0,0,0.892530721521776,0.09007944345183631,0.017389835026387634,
0,0,0.9977846348580355,5.17508156476091E-4,0.0016978569854884653,
0,1,0.27656748698722544,0.6469019793451386,0.07653053366763604,
0,1,0.3052491623168722,0.6605617328380048,0.034189104845123,
0,1,0.2952408076272052,0.6469881766202035,0.05777101575259132,
0,0,0.6394784985820112,0.07181386197406199,0.2887076394439268,
0,0,0.5744905819910953,0.2638637526390202,0.1616456653698846,
0,0,0.9016353025325083,0.037214345867228805,0.06115035160026276,
0,1,0.280643045264248,0.6170376385766432,0.1023193161591088,
0,0,0.929866369024474,0.002696787754570427,0.06743684322095568,
0,1,0.2523585528064069,0.5459267074687316,0.20171473972486148,
0,0,0.9707304084633758,0.02518862252297911,0.0040809690136450775,
0,0,0.9932105515914219,0.0034134911792161947,0.003375957229361969,
0,0,0.935001469589337,0.016701875280887072,0.048296655129775934,
0,0,0.9332019946119819,0.011643832712870582,0.055154172675147446,
0,0,0.9752529100226928,0.014782364283639321,0.009964725693667869,
0,1,0.09065393611094852,0.6830774792514589,0.22626858463759267,
0,0,0.9986648731685751,4.1237939628103207E-4,9.227474351438915E-4,
0,1,0.04759159391491358,0.9172422732167342,0.03516613286835227,
0,2,0.3024876496337114,0.3049085580146248,0.3926037923516637,
0,0,0.9929575618322408,0.001421765139640918,0.00562067302811827,
0,0,0.6718958858672193,0.04569066091327185,0.28241345321950895,
0,0,0.8439313574244133,0.14666407092722047,0.009404571648366262,
1,1,0.19844016652014035,0.726542805762421,0.07501702771743854,
1,1,0.043636979468820274,0.8807268061824604,0.0756362143487194,
1,1,0.25806732636605734,0.5583509115311217,0.18358176210282084,
1,1,0.12846882533923146,0.8314301968574959,0.04010097780327282,
1,0,0.5955441961303402,0.2553751546282018,0.14908064924145806,
1,0,0.3900061325462065,0.30859448553182295,0.30139938192197047,
1,1,0.2373766286317508,0.6312625648943408,0.13136080647390833,
1,0,0.4733136620467805,0.2956673872919391,0.23101895066128048,
1,1,0.03974487237877181,0.9208533498982713,0.039401777722956915,
1,0,0.9154924056564253,0.008618366061483595,0.07588922828209106,
1,1,0.10468776726421292,0.7927146237578392,0.10259760897794791,
1,0,0.6195198368028904,0.07656122080159962,0.3039189423955102,
1,1,0.048375826872030514,0.9204623764173745,0.031161796710594995,
1,0,0.5341210682698773,0.33083743480432026,0.13504149692580236,
1,1,0.12288131128444203,0.8169800967367695,0.06013859197878835,
1,0,0.5992218765224675,0.11015066079976736,0.2906274626777651,
1,1,0.16571335958669853,0.634050915179292,0.20023572523400945,
1,1,0.13520585258367976,0.5321554909153926,0.3326386565009277,
1,1,0.10850980498286719,0.861003300825419,0.03048689419171383,
1,0,0.4284588853944248,0.15980907411211007,0.4117320404934652,
1,1,0.14101269994978338,0.7469792486589689,0.11200805139124763,
1,0,0.5195713384869898,0.2869964666621125,0.19343219485089774,
1,0,0.8098225118454374,0.1669580974779979,0.023219390676564606,
1,1,0.07751472739067944,0.7151920791472204,0.2072931934621002,
1,0,0.6976411594955458,0.1717177162340971,0.130641124270357,
1,1,0.08082534807560232,0.865423910960034,0.0537507409643637,
1,0,0.5640981507090248,0.20191229884659312,0.23398955044438216,
1,0,0.9255420752402777,0.059736274745684735,0.01472165001403765,
1,0,0.6801268512743771,0.15488030820065685,0.16499284052496618,
1,0,0.7932597985321198,0.11052367951172068,0.09621652195615946,
1,1,0.07562909642671896,0.8652007605281297,0.05917014304515147,
1,1,0.2673176048764177,0.6787478406836841,0.05393455443989812,
1,1,0.3031374735675271,0.45919441454199444,0.23766811189047848,
1,0,0.6469207683124866,0.15434952088387982,0.19872971080363352,
1,0,0.8826042806537965,0.04651676896184555,0.07087895038435786,
1,1,0.35210047107983744,0.4591171768362351,0.18878235208392752,
1,0,0.4932333013657332,0.24186640418006938,0.26490029445419755,
1,0,0.39213486941521297,0.36597264233943666,0.24189248824535034,
1,1,0.2787919841537606,0.48161755018675984,0.23959046565947953,
1,0,0.5796292955511985,0.32201048793624454,0.09836021651255693,
1,1,0.0520256568516126,0.9191424474672187,0.028831895681168722,
1,1,0.2774139813083707,0.4496670842213672,0.27291893447026216,
1,1,0.15245388668569235,0.8337886025836702,0.013757510730637447,
1,1,0.13757297492877815,0.7643652632527563,0.09806176181846549,
1,2,0.21347013888678942,0.3873047825027891,0.39922507861042145,
1,1,0.24121324720487586,0.6702870370120462,0.08849971578307796,
1,1,0.06853743131108017,0.8893543089370354,0.04210825975188457,
1,1,0.19073140939287414,0.7646728726055138,0.044595718001612085,
1,1,0.22134084002340254,0.5512062424834951,0.2274529174931024,
1,1,0.12288131128444203,0.8169800967367695,0.06013859197878835,
1,1,0.06596725159056988,0.8970897923034056,0.03694295610602465,
1,0,0.4617985932679888,0.3563698098378121,0.1818315968941992,
1,1,0.1793476383131123,0.7487056444425783,0.07194671724430936,
1,1,0.12227907175172285,0.7940070254255823,0.08371390282269471,
1,0,0.6663342464067095,0.20331266074920445,0.13035309284408592,
1,0,0.9478134272035202,0.01439762615405694,0.03778894664242282,
1,1,0.03663987006576679,0.9435035617869889,0.019856568147244173,
1,0,0.9365668476725696,0.002801413691079995,0.060631738636350394,
1,2,0.3157820008356529,0.2825937758036522,0.4016242233606949,
1,0,0.6473823532405195,0.191746705590914,0.1608709411685666,
1,0,0.8257230600460417,0.03576788201859359,0.1385090579353647,
1,0,0.8759799636861281,0.005324692349301428,0.11869534396457058,
1,1,0.17083201228027087,0.6321476733377777,0.19702031438195144,
1,1,0.22219166898492246,0.6397505978834886,0.13805773313158906,
1,1,0.2897558802964369,0.6180227682731304,0.09222135143043267,
1,1,0.07896622982189856,0.8813340800401115,0.03969969013798991,
1,2,0.21347013888678942,0.3873047825027891,0.39922507861042145,
1,1,0.2041492953201156,0.6598712644321514,0.1359794402477331,
1,0,0.7826667507410048,0.11735656182004608,0.09997668743894911,
1,0,0.6490339514236959,0.3224094779139256,0.02855657066237846,
1,1,0.305541467765395,0.5632243570254498,0.1312341752091553,
1,1,0.07993145903830828,0.8929000415350663,0.027168499426625428,
1,1,0.17182468279934207,0.6611210291769462,0.1670542880237117,
1,1,0.33800323547051303,0.5199394299218084,0.14205733460767855,
1,0,0.5908425956348318,0.3385895622873441,0.07056784207782424,
1,0,0.8756080826914978,0.0920007428567387,0.03239117445176343,
1,0,0.7470653797868172,0.06358429174919948,0.18935032846398334,
1,1,0.1975441433022079,0.5236717875359878,0.2787840691618044,
1,1,0.09884734447610319,0.83063774681458,0.0705149087093167,
1,0,0.6075075484358734,0.3119169978288558,0.08057545373527078,
1,0,0.5739998812040937,0.3608431333301665,0.06515698546573977,
1,0,0.843131069691758,0.025858455524944424,0.13101047478329766,
1,1,0.05126033796286,0.8737701866289495,0.0749694754081906,
1,1,0.050488983493912794,0.892647841076535,0.056863175429552174,
1,1,0.3592292090398231,0.5245123157886176,0.11625847517155932,
1,1,0.24558603109229576,0.4807427755923844,0.27367119331531997,
1,1,0.06437302084935033,0.9028638583453411,0.0327631208053086,
1,0,0.7798603852611261,0.19814389864336174,0.021995716095512232,
1,1,0.17338847168916563,0.7630463703623462,0.06356515794848813,
1,1,0.09390906177569734,0.8740350793030377,0.032055858921264856,
1,1,0.24007815279367783,0.6405343259202503,0.11938752128607194,
1,1,0.2617742966831553,0.47037495393534756,0.267850749381497,
1,1,0.1587207009171134,0.7563054509946683,0.0849738480882183,
1,1,0.09019356256267269,0.8958408964783835,0.013965540958943664,
1,1,0.458170502068353,0.4692459621136245,0.07258353581802257,
1,1,0.07967631375443494,0.8987536017049034,0.021570084540661574,
1,1,0.08964072510947757,0.8944972978682393,0.015861977022283296,
1,1,0.41259851241141415,0.5085694968748296,0.0788319907137562,
1,0,0.5685793725690357,0.3647423491993229,0.06667827823164141,
1,1,0.029213823028069522,0.9384063878845652,0.03237978908736518,
1,1,0.056533885625283754,0.9029580314847422,0.04050808288997407,
1,1,0.36852708116637023,0.5814023647990271,0.050070554034602664,
1,0,0.7983163784241053,0.17119901658534242,0.03048460499055234,
1,1,0.014769385699433717,0.9622086638063932,0.023021950494172994,
1,1,0.04121692287896308,0.887341560049595,0.07144151707144202,
1,0,0.8574402056338402,0.044863700741468705,0.09769609362469103,
2,0,0.6529622077303564,0.08683925110659385,0.26019854116304975,
2,1,0.25881683627904184,0.6196420904774022,0.12154107324355608,
2,0,0.45509692471618024,0.42252715602320756,0.12237591926061214,
2,0,0.8078076580910432,0.039956985017361085,0.15223535689159562,
2,0,0.7081743928670285,0.14068040174272642,0.15114520539024504,
2,1,0.06220640612203606,0.9007919455102578,0.03700164836770615,
2,0,0.9400712056281514,0.026808881794599896,0.03311991257724874,
2,0,0.575130824708407,0.07587463970811023,0.34899453558348265,
2,0,0.5037075313909161,0.12343176903056874,0.3728606995785151,
2,0,0.4112017854122442,0.2668151637821906,0.3219830508055651,
2,1,0.056533885625283754,0.9029580314847422,0.04050808288997407,
2,0,0.7184402575871217,0.04903995188843395,0.23251979052444427,
2,0,0.8679120921758787,0.01146024041931733,0.12062766740480386,
2,0,0.45439469557108464,0.2955982743458013,0.25000703008311403,
2,1,0.0958950668598883,0.840544601048044,0.06356033209206773,
2,1,0.27282386943604076,0.6295223055352861,0.09765382502867327,
2,2,0.4721100131321354,0.04827446742833296,0.47961551943953157,
2,0,0.7058598242287322,0.14254806197457767,0.15159211379669008,
2,1,0.08005076170495816,0.8861972494622076,0.03375198883283443,
2,0,0.42866217540724877,0.3698041503750246,0.20153367421772658,
2,0,0.5144012917094929,0.145290117759416,0.3403085905310911,
2,1,0.06819283755307615,0.8220157313277423,0.10979143111918155,
2,0,0.8598253766274613,0.03156549391511724,0.10860912945742143,
2,0,0.6570694098548225,0.2549409270379199,0.08798966310725759,
2,0,0.630705332484913,0.27539279525468485,0.09390187226040211,
2,1,0.15616878079028665,0.8266716814542573,0.017159537755456134,
2,0,0.6195931128671633,0.18463780099167204,0.19576908614116473,
2,1,0.3315223242569717,0.4182160042273323,0.25026167151569606,
2,0,0.559549046888339,0.22987825809091364,0.21057269502074744,
2,0,0.8679120921758787,0.01146024041931733,0.12062766740480386,
2,0,0.7015267199074859,0.005022408172832975,0.29345087191968117,
2,0,0.920760153475628,0.0012808378733550549,0.07795900865101692,
2,0,0.7055199840095359,0.15401440637006575,0.14046560962039842,
2,1,0.4472844286013197,0.47571156954278193,0.07700400185589845,
2,1,0.17720042181016182,0.7115039668153098,0.11129561137452826,
2,1,0.1840821544956325,0.6535516927027152,0.16236615280165215,
2,1,0.34574884345061035,0.43191429787665186,0.22233685867273784,
2,0,0.5729215120371399,0.054275151680075406,0.3728033362827847,
2,0,0.5214382992679294,0.3409325251630794,0.13762917556899112,
2,0,0.5208069783041518,0.08135079972236096,0.39784222197348723,
2,0,0.5528005475249288,0.08800688009916195,0.35919257237590924,
2,0,0.6980993639888018,0.04631635055764387,0.2555842854535543,
