2,2,0.004689333802732471,0.006398366468149781,0.9889122997291176,
2,1,6.87335676756001E-6,0.9999331276863416,5.9998956890863926E-5,
2,2,2.092062717013505E-5,0.24036466698504103,0.7596144123877888,
2,2,2.3417329857356427E-6,7.595601622331991E-10,0.9999976575074542,
2,0,0.9235297081560532,1.175201831789687E-6,0.07646911664211505,
2,0,0.9182254061529417,9.211258995477258E-6,0.0817653825880628,
2,2,0.1403626949598135,0.01425634454661703,0.8453809604935695,
2,2,0.0026124160167528094,7.002660713252408E-6,0.9973805813225339,
2,2,2.4662855960734634E-4,1.1024842828894762E-4,0.9996431230121038,
2,2,0.07873137334051299,5.842657278963317E-4,0.9206843609315907,
2,2,0.4704510776239821,0.004050166375371721,0.5254987560006462,
2,2,0.0567774324132929,5.783706475105933E-6,0.9432167838802319,
2,2,0.01065016048244837,0.21627008434079448,0.7730797551767571,
2,2,0.022542297752328987,5.371568300546589E-5,0.9774039865646654,
2,2,3.235170281514808E-5,5.3616354850864875E-5,0.9999140319423341,
2,0,0.933063256732428,3.790049563140063E-9,0.06693673947752252,
2,2,0.30951929603881745,0.0012024717984789428,0.6892782321627036,
2,0,0.9037448306030704,0.09574057664401464,5.145927529150526E-4,
2,2,0.00253645778195245,0.10890762155676388,0.8885559206612836,
2,2,0.008546662673159046,0.016317781732361404,0.9751355555944795,
2,2,0.16304681891948142,6.200742928498232E-4,0.8363331067876687,
2,2,0.002125439071248882,1.0434344492358808E-6,0.9978735174943019,
2,2,6.547459602108907E-5,2.726136685524015E-6,0.9999317992672934,
2,1,1.7956062847871056E-4,0.9981348645062301,0.0016855748652911875,
2,0,0.9566570860777835,0.04308717488800481,2.557390342117605E-4,
2,2,0.028206339937822417,7.19134410346887E-4,0.9710745256518307,
2,2,0.3857562381354725,0.008204807979390483,0.6060389538851371,
2,2,0.02058885628147978,1.4338162894355401E-5,0.9793968055556259,
2,0,0.9484069885103209,0.03389049836093149,0.017702513128747474,
2,1,0.07666653379749155,0.9189571107329538,0.004376355469554582,
2,2,1.4907855115086484E-6,5.83643448651796E-5,0.9999401448696233,
2,2,1.736061911244479E-8,5.866025542256311E-8,0.9999999239791255,
2,1,6.194646604070744E-4,0.9527554932705415,0.046625042069051284,
2,2,3.158092591353828E-5,2.8903159860429223E-5,0.999939515914226,
2,2,4.329861059285451E-7,2.139911557973846E-7,0.9999993530227383,
2,2,2.3962500628097205E-6,0.004266469252029969,0.9957311344979073,
2,2,6.635408365595931E-5,5.516539140161731E-4,0.9993819920023278,
2,2,5.981667469211948E-8,3.101645631939445E-7,0.9999996300187622,
2,2,0.0014466973750974672,0.018035813679540193,0.9805174889453624,
2,0,0.9996068159451563,2.1153964650071018E-4,1.8164440834309012E-4,
2,2,0.0018517450405227856,0.004886040174457107,0.9932622147850201,
2,2,0.007629862231709985,1.779050028674097E-5,0.9923523472680033,
2,2,0.11688550107849188,0.20343235424445286,0.6796821446770553,
2,2,1.1251775738673767E-6,3.0474085611378118E-5,0.9999684007368147,
2,1,2.281317867948608E-7,0.9970492220764927,0.002950549791720426,
2,2,8.42919115045194E-4,0.17281038361532672,0.8263466972696281,
2,2,4.387933627418914E-6,5.308343586063244E-5,0.9999425286305119,
2,2,8.589842165141707E-4,2.58181963641127E-7,0.9991407576015221,
2,2,7.367445988880303E-7,1.58808201350377E-5,0.9999833824352661,
2,2,1.4703844701591488E-5,3.778962207429757E-6,0.9999815171930909,
2,2,0.0022526171824721374,1.35983670101563E-6,0.9977460229808269,
2,2,1.225450852312908E-5,7.97130159136995E-6,0.9999797741898856,
2,2,0.005713435963730997,0.0039307105523393405,0.9903558534839297,
2,2,9.100173677219402E-6,1.953843344908151E-7,0.9999907044419882,
2,2,4.908020426794553E-6,1.4679550363823447E-6,0.9999936240245367,
2,2,2.2236703170010834E-5,5.072289226912294E-6,0.9999726910076031,
2,2,1.0545125835715592E-4,0.014212602749346898,0.9856819459922959,
2,0,0.9858474683343983,3.089706250799873E-8,0.01415250076853924,
2,2,8.484215608041015E-5,6.945034803118137E-5,0.9998457074958883,
2,0,0.9898118173190367,0.0019811582837800214,0.008207024397183257,
2,2,0.01883860542019889,5.042673927265769E-6,0.9811563519058738,
2,2,8.503632412388024E-8,6.689232636354785E-5,0.9999330226373123,
2,2,3.134778134397286E-4,0.14513370481291232,0.8545528173736479,
2,2,8.89872924580425E-6,0.3056036918824653,0.694387409388289,
2,2,0.09788727887463837,0.007615691162025394,0.8944970299633361,
2,2,0.1160629371224767,8.419016498468006E-5,0.8838528727125387,
2,1,7.722826446880506E-4,0.9590791681159551,0.04014854923935688,
2,1,0.002874804463150012,0.994871188446282,0.002254007090568022,
2,0,0.5698086883159127,0.0015034492817256277,0.4286878624023617,
2,2,0.002045391654527368,0.11765965334883935,0.8802949549966333,
2,2,1.3506834752836715E-6,0.3844789061829254,0.6155197431335994,
2,1,0.1016387382473505,0.8662491806386321,0.03211208111401739,
2,2,0.0013235942647116217,2.8921705587270238E-5,0.9986474840297012,
2,2,0.06337552439615393,3.7865788498969674E-5,0.9365866098153471,
2,2,0.0025902949510944384,0.4359424632992556,0.56146724174965,
2,2,0.0012342850847890563,2.144821832604625E-5,0.998744266696885,
2,2,3.896117996811893E-5,0.004882301824918805,0.9950787369951131,
2,2,0.36091432009348823,1.2327150659167008E-4,0.6389624083999201,
2,1,7.985522918762649E-4,0.5506750193324061,0.4485264283757177,
2,2,0.015190176680434144,0.00397540153851542,0.9808344217810505,
2,2,4.2483558466692765E-7,9.399039498591924E-6,0.9999901761249168,
2,2,0.262260825038699,0.04421979286327241,0.6935193820980285,
2,2,1.7787012163100558E-8,1.5556243301825512E-9,0.9999999806573635,
2,2,7.053882508511423E-4,3.1571943429028107E-9,0.9992946085919545,
2,0,0.9997742907973901,1.401075239963483E-6,2.2430812736988457E-4,
2,2,9.494586479097954E-5,0.03753900613973453,0.9623660479954744,
2,2,0.005010547662600601,8.181107523581818E-4,0.9941713415850413,
2,2,0.002483636370454553,1.3619375635830555E-4,0.9973801698731871,
2,2,3.4166655755887203E-4,1.0705465747574234E-7,0.9996582263877837,
2,2,8.130525583258371E-5,1.751658082365965E-4,0.9997435289359309,
2,2,3.8850248108066764E-4,1.0613761282158887E-5,0.9996008837576372,
2,2,3.343268542218492E-5,3.842623718439672E-4,0.9995823049427339,
2,2,1.7239303887984538E-5,1.2539374815925393E-8,0.9999827481567373,
2,2,0.022809685972615873,5.171014373349743E-4,0.9766732125900491,
2,2,2.1104752062929578E-5,1.6344963753489372E-4,0.9998154456104021,
2,2,2.669458040136613E-4,2.660530169506353E-7,0.9997327881429695,
2,0,0.9992008763282554,2.531882462764473E-5,7.73804847117066E-4,
2,2,0.038111091355948236,0.004298180341023565,0.9575907283030282,
2,2,1.6091942826716523E-4,1.7227506303074746E-8,0.9998390633442265,
2,2,1.0724006991226233E-6,0.01593887360931467,0.9840600539899862,
2,2,1.668976767719013E-6,3.0149338694991754E-4,0.9996968376362824,
2,2,6.113290126665577E-4,3.2163027471729915E-7,0.9993883493570587,
2,2,0.004791594489252163,2.8271821857282733E-6,0.995205578328562,
2,2,0.0995937493955592,8.217826502065443E-6,0.9003980327779387,
2,2,0.014103161476500793,0.0038748053514796247,0.9820220331720196,
2,2,0.005760223808106031,6.537395172750911E-6,0.9942332387967212,
2,1,3.325436632058907E-6,0.9995393039165734,4.573706467945805E-4,
2,1,0.06987250150637746,0.6901775008693789,0.23994999762424357,
2,0,0.7177014047485383,3.7381599598881755E-5,0.28226121365186285,
2,1,0.0386793370593278,0.9563656883727869,0.004954974567885408,
2,2,0.3570898938898267,0.02471814131516592,0.6181919647950075,
2,2,3.2142003349431783E-4,0.19906534874955206,0.8006132312169537,
2,2,6.684855013679874E-5,2.465057173466696E-7,0.9999329049441458,
2,0,0.5596609472770105,0.00586589016027103,0.4344731625627185,
2,0,0.7164855324795121,0.007438549577207833,0.27607591794328007,
2,2,0.12721527981970765,0.00977117472632739,0.8630135454539649,
2,2,5.415928239185805E-7,2.097043590037663E-8,0.9999994374367401,
2,0,0.7791628238232177,0.054492983840291324,0.16634419233649106,
2,2,1.9427827181544001E-4,4.5056373577080264E-4,0.9993551579924138,
2,2,0.017270155867375576,7.739611441084915E-7,0.9827290701714803,
2,2,9.099481546483631E-4,3.705614773780965E-6,0.9990863462305779,
2,2,1.5785380492848027E-4,1.6347632624473516E-4,0.9996786698688268,
2,2,3.912887502730073E-7,4.902335622548501E-5,0.9999505853550242,
2,2,8.564981285963366E-6,0.04549342781923881,0.9544980071994752,
2,2,0.11820426672510823,1.3871653856309068E-4,0.8816570167363287,
2,2,4.87406571843676E-4,1.693179426313699E-8,0.999512576496362,
2,2,0.2748004496878309,0.27953378111272914,0.44566576919943995,
2,0,0.9615844471545567,0.037285181153738786,0.001130371691704565,
2,2,0.010571842589713342,5.145876731329906E-7,0.9894276428226135,
2,0,0.9679663918387699,4.57700157638382E-6,0.0320290311596537,
2,2,5.2481000241063465E-6,1.1168108115602547E-6,0.9999936350891644,
2,2,3.320258272029674E-4,4.814192722180937E-7,0.9996674927535247,
2,2,0.043223680921608575,0.32660677962014345,0.6301695394582479,
2,2,5.1682811824005987E-5,0.051218455325931174,0.9487298618622448,
2,2,5.582449423203304E-4,2.5436008316557917E-5,0.9994163190493631,
2,2,8.778025619561872E-5,3.7575813778496654E-5,0.9998746439300259,
2,2,4.177488797841574E-5,1.7629224227387808E-4,0.9997819328697477,
2,0,0.6951826539495196,0.08266755033011598,0.22214979572036442,
2,1,7.309146948005896E-4,0.545659134756601,0.45360995054859843,
2,0,0.9990311608120984,6.710915815789557E-7,9.681680963199768E-4,
2,2,0.08542413940228759,0.007832099684727622,0.9067437609129847,
2,2,1.5245290963211027E-4,0.30905502110218186,0.6907925259881861,
2,2,1.0883359667243975E-4,4.6305645685302274E-5,0.9998448607576423,
2,2,2.4768017604821318E-6,4.0867587943978104E-4,0.9995888473187997,
2,1,0.0017288234625778636,0.7882776277980875,0.2099935487393348,
2,2,0.041579340162880736,9.31679762794686E-5,0.9583274918608398,
2,2,0.07611831321311158,6.320188261740358E-5,0.9238184849042711,
2,2,0.02622262661895211,5.282717691126961E-7,0.9737768451092789,
2,2,0.2062305916491329,4.566506555041152E-6,0.7937648418443121,
2,2,0.0012690929718271035,0.0017148310200740164,0.9970160760080989,
2,2,1.2989084104036493E-6,1.6135347311385152E-4,0.9998373476184758,
2,2,0.1203985430402431,0.1371405203683209,0.742460936591436,
2,2,0.0028852997528480816,6.789703932360257E-4,0.9964357298539159,
2,2,8.918705061693518E-6,2.449249331850479E-6,0.9999886320456064,
2,2,1.3992471809933947E-4,1.0287315125889807E-7,0.9998599724087495,
2,1,0.005606527519887931,0.8424996946086519,0.15189377787146016,
2,1,0.017550323239476646,0.9822800376919858,1.6963906853755347E-4,
2,2,1.5827075429517703E-4,2.4170156404477534E-6,0.9998393122300644,
2,1,0.001500547781304354,0.843480265768482,0.15501918645021373,
2,2,0.003568588132315102,2.6629802213287598E-5,0.9964047820654716,
2,0,0.6578944675363915,0.04004675105393861,0.3020587814096699,
2,2,1.1842377640417668E-4,5.933181069712129E-6,0.9998756430425262,
2,2,8.311126585005761E-7,8.720967732252395E-8,0.9999990816776642,
2,2,1.3192763554389895E-4,1.658219223201051E-6,0.9998664141452328,
2,1,6.30357074357008E-6,0.9297302915700748,0.07026340485918159,
2,2,0.3117897624013381,3.522037312032165E-5,0.6881750172255416,
2,2,2.1784783455708837E-5,0.16857528570674465,0.8314029295097997,
2,1,0.0011909696214906203,0.5210027462257574,0.477806284152752,
2,2,0.0032182470808938147,4.909011568851017E-9,0.9967817480100946,
2,1,0.002272319719009183,0.9595945578116446,0.03813312246934644,
2,2,4.869741666314252E-5,0.059128159094942366,0.9408231434883945,
2,1,8.336070696883974E-5,0.6057348391866167,0.39418180010641446,
2,0,0.9806179248311849,1.2688165407150116E-4,0.019255193514743627,
2,2,8.118832070013099E-6,3.631002792082504E-5,0.9999555711400091,
2,2,2.7499269934219947E-5,4.8516138730271725E-8,0.999972452213927,
2,1,1.4226832955156931E-9,0.9999944084311196,5.590146196899423E-6,
2,2,0.0022255284670440125,2.8934853083901887E-6,0.9977715780476477,
2,2,4.101221673085685E-5,1.2803567456213825E-4,0.999830952108707,
2,2,0.1473536747407182,9.522214114508676E-4,0.851694103847831,
2,2,2.9719127077537598E-8,9.093528729413567E-8,0.9999998793455855,
2,2,0.0508240493901126,2.278777049284374E-4,0.948948072904959,
2,2,0.0011638001758064575,0.06952984946668989,0.9293063503575036,
2,2,3.7709377710091774E-5,0.008274273592527878,0.9916880170297621,
2,2,9.340897319531253E-4,0.1814652861019166,0.8176006241661302,
2,0,0.8346220384964446,0.034250784014832204,0.13112717748872332,
2,2,0.003099174238422694,0.024470878091185953,0.9724299476703914,
2,0,0.6944905555314334,1.319670040460154E-4,0.30537747746452076,
2,2,2.2514626467732196E-4,0.11549035101655411,0.8842845027187686,
2,2,8.153405908778674E-4,0.0878369058011875,0.9113477536079347,
2,1,0.0015777051824401019,0.6433962831557812,0.3550260116617787,
2,2,5.094258951032774E-4,1.220789976172328E-4,0.9993684951072794,
2,0,0.7679530161693064,5.596465176293143E-7,0.23204642418417581,
2,2,4.545984802292739E-5,9.459361153966429E-6,0.9999450807908231,
2,2,0.04743341477709523,0.028181506099164963,0.9243850791237398,
2,0,0.4628206769135286,0.15109013850601238,0.3860891845804591,
2,2,2.302191750050948E-4,2.697049823050362E-5,0.9997428103267645,
2,2,1.4855730633882075E-6,6.080893246677583E-4,0.9993904251022689,
2,2,2.39305727256174E-5,5.303049678364049E-8,0.9999760163967777,
2,2,0.07138408804130811,0.33362890981376186,0.59498700214493,
2,2,3.3873694204268585E-7,9.488406142338025E-4,0.9990508206488241,
2,2,0.02300480376204232,6.665338612143206E-5,0.9769285428518363,
2,2,3.5367218563882184E-5,0.003862048670076397,0.9961025841113598,
2,0,0.5781944883257061,0.0016340266334312925,0.42017148504086266,
2,2,0.01793236508504305,0.06967444684257677,0.9123931880723801,
2,2,1.3748896818880366E-4,0.01980092420139273,0.9800615868304184,
2,2,2.0443477045331563E-6,3.90033060318123E-6,0.9999940553216923,
2,2,0.02838412049287327,0.001243832674911355,0.9703720468322153,
2,2,1.5853273499433297E-4,3.3700802593577186E-8,0.9998414335642031,
2,2,1.5687832840192882E-5,0.005168609418876512,0.9948157027482832,
2,2,6.492719861382102E-8,1.2455676965316074E-8,0.9999999226171244,
2,1,3.215406548649954E-4,0.9556610296872912,0.04401742965784391,
2,1,0.004051348050991967,0.8794903997146659,0.11645825223434217,
2,2,9.668760094273598E-5,0.1702857714278796,0.8296175409711777,
2,2,5.445336734320864E-4,0.03000945177448728,0.9694460145520807,
2,0,0.9699230767605199,0.005543077510165736,0.024533845729314326,
2,0,0.5862445591114913,0.150412626509025,0.26334281437948365,
2,2,7.13076074122736E-5,8.74799372521014E-5,0.9998412124553357,
2,0,0.9896429378133419,1.7746681807821458E-7,0.010356884719840045,
2,1,0.005772982877679671,0.9784006257728287,0.015826391349491736,
2,2,3.328109938506299E-4,1.5819321913036837E-7,0.9996670308129302,
2,2,6.954221658764386E-7,3.2794962254891563E-6,0.9999960250816086,
2,0,0.9987889001129203,4.627855628704623E-6,0.0012064720314509413,
2,2,0.2531300104719918,1.930164663993462E-6,0.7468680593633442,
2,1,2.698318069697666E-7,0.756006218945906,0.24399351122228705,
2,2,2.9695711168195422E-6,8.166183083057498E-4,0.9991804121205774,
2,2,0.006284918812311004,1.0539016326054847E-5,0.993704542171363,
2,2,3.549191877435545E-6,1.1249121199680733E-7,0.9999963383169105,
2,2,4.553032397720266E-5,2.017897213590284E-6,0.9999524517788092,
2,2,4.601333341403452E-4,7.341676765910866E-6,0.9995325249890937,
2,2,9.83544526682246E-5,2.734517565608774E-5,0.9998743003716757,
2,2,0.018191761839720696,0.4044657337539947,0.5773425044062845,
2,2,2.2578847172166988E-4,2.199866595561115E-9,0.9997742093284117,
2,2,0.01880406906993194,0.05532327444985295,0.9258726564802151,
2,2,1.2954545737012838E-4,3.6865371511363824E-7,0.9998700858889147,
2,2,8.17828347776432E-5,0.001704126503284529,0.9982140906619379,
2,2,2.443565394978481E-4,1.7086658722582277E-9,0.9997556417518363,
2,2,4.1509471239501114E-5,0.0037966965256029917,0.9961617940031575,
2,2,6.120067709331357E-5,0.013285056689715096,0.9866537426331916,
2,2,0.2223763624322386,0.05349172214839732,0.7241319154193641,
2,2,0.10273024082057386,6.681911065951818E-6,0.8972630772683603,
2,2,6.465116612059028E-5,9.131193170034004E-9,0.9999353397026862,
2,1,0.10424986100647839,0.8893621626375945,0.006387976355927041,
2,2,0.006696999731505799,0.2839535529383966,0.7093494473300976,
2,2,1.1743501764345838E-5,2.1493684795653224E-4,0.999773319650279,
2,2,1.8051179345276083E-6,0.0012160619297601706,0.9987821329523052,
2,0,0.9887298355704213,2.24213249880604E-6,0.011267922297079914,
2,2,5.490229722089592E-7,1.174786696196431E-6,0.9999982761903317,
2,2,0.1736729913265608,0.003457352446144453,0.8228696562272947,
2,2,8.775755698985919E-5,1.4533796047198612E-4,0.9997669044825381,
2,2,8.492501254488866E-4,1.759725052397622E-4,0.9989747773693114,
2,2,1.7444665644814202E-7,3.5210382752960896E-6,0.9999963045150683,
2,2,4.8393379896021453E-4,4.7401578226017194E-7,0.9995155921852575,
2,2,1.1929959559499266E-4,1.2092247167489422E-6,0.9998794911796883,
2,0,0.9932778333745637,2.6191563784037194E-6,0.006719547469058034,
2,2,1.8181662150666517E-7,7.688312874081651E-8,0.9999997413002497,
2,2,0.005762938074572751,1.6992785217248914E-5,0.9942200691402101,
2,2,0.005816624873317929,3.108064306080954E-5,0.9941522944836213,
2,2,0.006440266266498349,1.0160069695891085E-6,0.993558717726532,
2,2,0.011766656686005168,7.257382835841275E-8,0.9882332707401665,
2,2,0.13228547333627455,2.3787785185643564E-7,0.8677142887858735,
2,2,8.406897901659258E-6,7.147552534179166E-5,0.9999201175767566,
2,2,5.021194400591229E-4,9.64850437661834E-6,0.9994882320555643,
2,2,1.4117042071694478E-7,3.373831334753778E-4,0.9996624756961039,
2,2,0.0038256687907932997,1.097828556739177E-5,0.9961633529236392,
2,2,1.344507422348358E-6,0.006139911695186245,0.9938587437973914,
2,1,0.11445986421630623,0.884865671425295,6.744643583986644E-4,
2,2,0.004819293121506169,0.07723867658667012,0.9179420302918236,
2,2,6.497624554071365E-4,0.015725927909419988,0.9836243096351729,
2,2,0.026387217040991968,7.30983396361908E-4,0.9728817995626461,
2,2,0.04825524943070629,0.021895334457355222,0.9298494161119385,
2,2,1.9401242476703876E-4,0.14954652176310945,0.8502594658121234,
2,1,5.267479472330541E-7,0.9820690504456738,0.017930422806379038,
2,2,0.07567426679400646,2.1359346159053097E-4,0.924112139744403,
2,0,0.6559643915379099,3.5675232803878055E-7,0.3440352517097622,
2,0,0.8786596928322195,0.022424782588617492,0.09891552457916312,
2,2,1.18619034005349E-4,0.0018828822708084605,0.9979984986951862,
2,2,0.020346331851556838,1.0361402845109917E-5,0.979643306745598,
2,2,6.649993841556189E-4,0.10048653936846645,0.8988484612473778,
2,0,0.8571001082843402,9.328275034706846E-7,0.1428989588881562,
2,2,0.12314002346849152,0.011774687995539128,0.8650852885359693,
2,2,0.002187361097425899,3.992594293854612E-7,0.9978122396431447,
2,2,1.5871197774494106E-6,1.2283968692444194E-4,0.999875573193298,
2,1,5.220887409489514E-6,0.9215794808019997,0.07841529831059096,
2,2,0.4812567790313252,6.637568378061058E-6,0.5187365834002967,
2,1,1.1299769040068765E-6,0.9828609779984857,0.01713789202461028,
2,2,1.4505448477526763E-4,3.9589249248534345E-5,0.9998153562659762,
2,2,0.11146409731240584,8.441513718245405E-9,0.8885358942460804,
2,2,0.0026543522097134983,2.2395288913196804E-5,0.9973232525013732,
2,2,0.00428687383495628,6.327107369134581E-8,0.99571306289397,
2,2,0.0011139515579858031,1.2495688629211617E-5,0.9988735527533851,
2,0,0.4915686986999495,0.3365994418493571,0.17183185945069337,
2,0,0.9769493261445887,7.911347072875267E-8,0.023050594741940447,
2,0,0.9946109605323679,1.1585875346292375E-9,0.005389038309044688,
2,2,0.0035845385883242907,0.05033150440621574,0.94608395700546,
2,2,3.9503959683744944E-8,1.1453324265921521E-5,0.9999885071717745,
2,2,4.9275372235716546E-8,7.700975771291065E-5,0.9999229409669149,
2,2,4.042548525227161E-6,9.552755058271137E-8,0.9999958619239242,
2,2,2.0628143796401236E-4,6.505024237422974E-4,0.9991432161382936,
2,2,0.0010812946471851705,0.1056441201600812,0.8932745851927336,
2,2,5.423997277252999E-5,1.6817714001870924E-6,0.9999440782558273,
2,2,0.23714443729928386,1.5694480685055017E-6,0.7628539932526477,
2,2,0.03329463952502831,0.009039701187463448,0.9576656592875082,
2,1,2.3593375139614985E-6,0.9548553100106625,0.045142330651823576,
2,0,0.8673023815954953,0.04366350528040397,0.08903411312410067,
2,2,3.601815080791523E-5,8.291917013507323E-4,0.9991347901478413,
2,2,0.17051975989581467,6.729372658118603E-5,0.8294129463776041,
2,2,3.8397659644930224E-7,7.349067263042871E-5,0.9999261253507732,
2,0,0.8087619414870992,2.707946793608551E-4,0.19096726383353985,
2,2,0.30055299065147506,4.654628684669683E-5,0.6994004630616781,
2,2,3.8558058748209477E-4,9.019857544223654E-4,0.9987124336580955,
2,2,0.0018508693599626768,2.9084542812231122E-5,0.998120046097225,
2,2,2.470891013161536E-6,1.4468614339719893E-5,0.9999830604946471,
2,0,0.8049603837650829,6.37024552909794E-4,0.19440259168200735,
2,2,6.363810512078791E-4,8.764072831651974E-8,0.9993635313080639,
2,0,0.9982486720186005,1.4265682375962926E-7,0.0017511853245757067,
2,2,5.277919627266154E-4,0.33146071657030735,0.6680114914669661,
2,2,0.11986446345103297,4.49471251738322E-5,0.8800905894237931,
2,0,0.9014828318632468,6.90064033881844E-4,0.09782710410287125,
2,2,0.0015317321151571285,0.0019040035013018657,0.9965642643835411,
2,2,0.0014689233126496811,0.05471234451060292,0.9438187321767475,
2,2,0.04027509531289473,6.643642129487914E-9,0.9597248980434631,
2,2,9.235815347696029E-5,7.156330049700608E-4,0.9991920088415529,
2,0,0.999648282836711,2.91900063373031E-4,5.981709991602332E-5,
2,2,0.09956868465069388,7.067345897211365E-4,0.899724580759585,
2,2,0.009917941444297725,3.4674672988566324E-5,0.9900473838827137,
2,2,1.3159457721496814E-8,0.0015156973388734036,0.9984842895016688,
2,0,0.8381619294668609,0.0029320939387491697,0.15890597659438985,
2,2,3.5634105630173743E-7,0.0014650155123125883,0.9985346281466312,
2,2,5.0405516621741923E-5,1.2767425823644075E-5,0.9999368270575546,
2,2,2.398279737809951E-8,0.002538025916103248,0.9974619501010994,
2,2,0.0030359915558710072,4.827289154238871E-6,0.9969591811549747,
2,0,0.7831999556747816,4.986460523498951E-6,0.21679505786469488,
2,2,2.1231061334892955E-5,2.0327807202427464E-7,0.9999785656605932,
2,2,0.1153316547374596,1.2432961107805462E-4,0.8845440156514622,
2,2,5.3614720666891625E-6,1.8866208035033023E-8,0.9999946196617253,
2,2,0.029034233421320364,4.529238620574272E-6,0.9709612373400591,
2,2,0.05469247820825093,0.4259491235876907,0.5193583982040584,
2,2,0.0020511043987569122,3.5831984314348784E-8,0.9979488597692587,
2,0,0.9939536320658379,1.49719179862063E-4,0.005896648754300108,
2,2,3.6651194404344376E-4,6.961345903933378E-5,0.9995638745969172,
2,2,2.792764335104944E-7,0.0011718560757914042,0.9988278646477751,
2,2,0.0016243860817661837,0.3470045293972948,0.651371084520939,
2,2,1.9985037905308835E-4,0.002094430686727196,0.9977057189342197,
2,0,0.8119704962909143,1.1781745121200714E-6,0.1880283255345736,
2,2,0.004218767221272755,0.00900007992388261,0.9867811528548447,
2,0,0.5729101281148403,2.5051533892348424E-9,0.4270898693800063,
2,2,0.022058198593582337,9.225305129092166E-4,0.9770192708935085,
2,2,0.028452111386123358,8.085910109165266E-6,0.9715398027037674,
2,2,6.47872971071493E-6,1.617271760358359E-5,0.9999773485526856,
2,2,1.823437768745829E-7,1.285546495945734E-6,0.9999985321097272,
2,0,0.971754842925183,2.014686636537776E-4,0.028043688411163264,
2,2,0.41236820725176404,2.068440989065767E-6,0.5876297243072469,
2,2,5.3483864052567596E-5,6.610619680842516E-6,0.9999399055162665,
2,2,8.858853570563947E-8,3.516368050928907E-8,0.9999998762477837,
2,2,0.014638983837362705,4.241523822364055E-8,0.9853609737473991,
2,2,3.7888916408170445E-5,1.5870210966564839E-6,0.9999605240624951,
2,2,0.09229588324396329,2.057571258981192E-5,0.907683541043447,
2,2,0.0021974864942903294,0.19148137019674558,0.8063211433089641,
2,0,0.5385078788224384,1.5432407414485652E-4,0.4613377971034168,
2,2,0.0811365487547546,6.978405877986871E-4,0.9181656106574467,
2,2,3.940176581046668E-7,4.771020619663288E-9,0.9999996012113214,
2,2,0.17340597498261698,3.2302065724025115E-6,0.8265907948108105,
2,2,7.5645193394505395E-6,6.503365492422839E-4,0.9993420989314182,
2,2,0.05003183011031238,5.08305556212174E-6,0.9499630868341254,
2,2,6.0708922488665794E-5,0.004783209322125265,0.9951560817553861,
2,2,0.021337139945118627,5.06536181270978E-7,0.9786623535187001,
2,2,0.0017536821696850899,2.47171549808472E-9,0.9982463153585994,
2,0,0.5125477890579051,4.922225370976471E-9,0.48745220601986955,
2,1,3.5480517818840395E-4,0.6408066490340036,0.358838545787808,
2,2,1.7242886807458164E-5,3.28696094482304E-5,0.9999498875037443,
2,2,1.4242629205486122E-4,9.928990224568552E-7,0.9998565808089227,
2,2,3.6779813435967416E-5,0.011272686874804958,0.988690533311759,
2,1,1.1044391560081393E-6,0.9987519115008949,0.0012469840599490314,
2,1,1.4394025111603253E-5,0.9999431187576295,4.248721725898345E-5,
2,0,0.9826789340387971,1.894413117608907E-4,0.017131624649442043,
2,1,5.6821081118994754E-8,0.999268153387337,7.317897915817865E-4,
2,2,1.314541280757699E-5,0.04973053358477334,0.9502563210024192,
2,2,5.901806942974334E-8,7.175689966691747E-7,0.9999992234129339,
2,1,2.5139967164362887E-5,0.93096581625323,0.06900904377960569,
2,2,1.3853524893645448E-5,5.622241637628258E-4,0.9994239223113435,
2,2,0.0020226727098894373,0.004359799910544539,0.993617527379566,
2,2,8.381721825306521E-5,3.3956146747411616E-4,0.9995766213142728,
2,0,0.9603179504704178,0.001645522224231038,0.03803652730535127,
2,0,0.9101776739635786,0.00706739502084022,0.08275493101558104,
2,2,0.0022296776363960233,0.005190869199878967,0.992579453163725,
2,0,0.5600359805170273,5.185806626991238E-6,0.4399588336763457,
2,2,3.7095526802380516E-5,5.142618649712203E-4,0.9994486426082264,
2,2,1.436777668733939E-4,1.053737545584793E-8,0.9998563116957512,
2,2,0.1308258742078009,9.037427777971838E-5,0.8690837515144193,
2,2,1.293087771188776E-6,6.862204475251561E-6,0.9999918447077536,
2,2,0.0020212985882566994,7.522134343751804E-5,0.9979034800683058,
2,2,0.19020115335551052,1.4109015742899048E-5,0.8097847376287466,
2,2,8.978936086699749E-5,0.00591340716666846,0.9939968034724646,
2,0,0.999588846523241,1.971677630180625E-4,2.1398571374104416E-4,
2,2,3.24719899543146E-5,0.10037476341184041,0.8995927645982053,
2,2,0.01818191760752619,1.3102026006477605E-6,0.9818167721898732,
2,2,4.854859707231512E-5,0.031549132197369045,0.9684023192055585,
2,2,2.4525667103316367E-4,0.05047703747171871,0.9492777058572481,
2,2,8.975584315133813E-5,0.016246949933714307,0.9836632942231344,
2,1,0.03443435731487657,0.7739982565781225,0.191567386107001,
2,2,5.053472798006902E-5,1.1276984656143104E-4,0.9998366954254586,
2,2,0.0047147743801037615,0.01152537283236001,0.9837598527875362,
2,0,0.9958891487136773,3.2073117521347854E-4,0.003790120111109234,
2,2,0.007890159433658216,2.5564864676010466E-7,0.992109584917695,
2,2,7.410500943155509E-8,2.4676769797915533E-6,0.9999974582180108,
2,2,7.434768339379691E-4,6.011181910087038E-9,0.9992565171548802,
2,2,1.1466508594826119E-7,4.352572851263155E-4,0.9995646280497877,
2,0,0.7085360936937455,0.023853376888777665,0.2676105294174768,
2,2,5.4422941903855464E-5,0.004252660415565354,0.9956929166425308,
2,2,0.0013487832778179326,0.021759168577701663,0.9768920481444804,
2,2,2.1430255880743247E-5,8.757270495454382E-5,0.9998909970391646,
2,2,0.03828569640413975,0.0010548525333836732,0.9606594510624765,
2,2,0.004695274836186875,5.830917573678346E-4,0.9947216334064453,
2,2,0.2927127088251064,2.2675906681600415E-6,0.7072850235842254,
2,2,0.005793073393026966,6.744642538872136E-5,0.9941394801815843,
2,2,0.1980608439758312,8.319828815162855E-4,0.8011071731426525,
2,2,0.012984572001311841,0.008339333700477255,0.9786760942982109,
2,2,2.2683184457927353E-4,9.861435606259012E-7,0.99977218201186,
2,0,0.9821860372464222,0.010792333196754772,0.007021629556823013,
2,2,0.0933660430343622,3.488997802486244E-4,0.9062850571853892,
2,2,5.346773729434908E-5,2.7736225339433473E-6,0.9999437586401717,
2,1,0.16435545052487313,0.7304902795477388,0.10515426992738812,
2,2,5.674723578686868E-6,0.002094328300845291,0.9978999969755761,
2,2,3.063228919773768E-4,2.5904789577754625E-7,0.9996934180601268,
2,2,1.7024038027986976E-4,1.317199673777786E-4,0.9996980396523423,
2,2,6.533807254838435E-5,2.56268872167173E-4,0.9996783930552845,
2,0,0.9938116166491894,0.003996812415927387,0.0021915709348832033,
2,2,4.982003407718344E-6,4.521944608206226E-6,0.9999904960519841,
2,2,5.679879386173645E-4,5.125352178094216E-4,0.9989194768435733,
2,2,0.32564839138376483,0.0044475391813371635,0.6699040694348981,
2,2,0.21567721035082854,0.0012423769642552738,0.7830804126849162,
2,2,4.7329882541753145E-7,3.560998583044044E-5,0.9999639167153441,
2,2,0.005935562075099798,0.016943621831697835,0.9771208160932023,
2,2,0.007045616468561751,1.2594854949773884E-6,0.9929531240459433,
2,2,0.004504696432344235,0.021924850363749734,0.973570453203906,
2,2,1.141864485140708E-5,1.6406167335918822E-7,0.9999884172934752,
2,2,2.2583181619555557E-5,0.0010022087429460837,0.9989752080754343,
2,0,0.7446474319407641,0.02764747750131496,0.227705090557921,
2,2,2.998574020087146E-5,3.140918196306634E-5,0.999938605077836,
2,2,0.0013236023678797643,0.18299453084607664,0.8156818667860437,
2,2,0.0895303751204636,6.189485053560032E-10,0.9104696242605879,
2,2,0.0039188303590794995,0.22799678806791673,0.7680843815730037,
2,2,7.069465317395019E-5,2.6736438746203346E-6,0.9999266317029515,
2,2,5.524380746895445E-5,7.644341344865597E-5,0.9998683127790824,
2,0,0.9811576417691052,4.9365484322658925E-8,0.018842308865410353,
2,2,0.213584735709152,2.3215664534115672E-4,0.7861831076455068,
2,2,2.0962039602461625E-4,3.067844728599029E-5,0.9997597011566893,
2,2,2.871322259787345E-6,6.718796806445533E-6,0.9999904098809338,
2,2,3.6060058495590134E-7,0.003096747848119845,0.9969028915512952,
2,1,0.006945632507208445,0.919951453625982,0.07310291386680953,
2,2,3.456874977788758E-4,1.7036999319264757E-5,0.9996372755029018,
2,2,6.463216765147314E-7,0.0032604322646915397,0.9967389214136321,
2,2,2.882903209659588E-4,6.7963335199119764E-6,0.9997049133455141,
2,2,0.07501321219069675,1.466652037340836E-6,0.924985321157266,
2,2,0.003859075381995186,0.3075827706519405,0.6885581539660643,
2,2,2.2608567443224076E-5,3.2453058364354627E-6,0.9999741461267204,
2,2,0.0038994291170028794,3.5963183850067943E-6,0.9960969745646121,
2,1,6.588997570356251E-6,0.9996925299644168,3.008810380127955E-4,
2,2,0.003957406026913798,4.464120070510069E-5,0.995997952772381,
2,2,1.2711494849173887E-7,5.154401972104472E-6,0.9999947184830793,
2,2,2.6191073899084864E-5,1.8813470184501464E-7,0.9999736207913991,
2,2,5.85674453712185E-4,3.0965595956185752E-6,0.9994112289866921,
2,2,0.002706565846802771,1.2661722026993932E-4,0.9971668169329272,
2,2,1.6857739502914727E-6,3.227134204664544E-7,0.9999979915126292,
2,0,0.4528755113845501,0.13114240826288517,0.41598208035256473,
2,1,1.271382905907954E-4,0.9948233578896629,0.005049503819746303,
2,1,2.7705096268789233E-4,0.9929743878563968,0.006748561180915361,
2,1,5.057326464205982E-5,0.7787860180479504,0.22116340868740741,
2,0,0.8780088998727985,7.259214925715648E-4,0.12126517863462992,
2,1,0.08161006924184461,0.7678497962515968,0.1505401345065585,
2,2,0.001819519397057802,1.0705765261714086E-5,0.9981697748376804,
2,2,5.938224944954763E-5,0.012647538342636707,0.9872930794079138,
2,2,5.159323761744056E-6,0.1748630613745594,0.8251317793016788,
2,2,0.15108021373652614,0.2360659507143602,0.6128538355491137,
2,2,1.136832807737893E-7,8.787365041007118E-9,0.9999998775293542,
2,1,0.028124011479379527,0.5002841701562729,0.4715918183643476,
2,1,5.519304571572972E-7,0.9570559582493603,0.04294348982018257,
2,1,8.863113900647709E-5,0.9644473610048373,0.03546400785615623,
2,0,0.5132590290959597,1.1545891784794717E-6,0.4867398163148619,
2,2,4.703994877388045E-4,0.004807890894819023,0.9947217096174422,
2,2,0.07605805702745692,8.250687954450042E-5,0.9238594360929987,
2,0,0.9997799919577811,1.2581672474801136E-4,9.419131747080719E-5,
2,2,0.162390082348491,5.0296918255372436E-5,0.8375596207332536,
2,2,0.007077932292282152,5.518819713230751E-7,0.9929215158257465,
2,2,4.82504458416307E-6,1.2722004042678074E-5,0.9999824529513731,
2,2,0.2202049344112804,4.086629350770559E-7,0.7797946569257845,
2,0,0.9948777678225106,2.3164481554285388E-7,0.005122000532673785,
2,2,5.852819904054129E-7,2.2179423025729594E-5,0.9999772352949838,
2,2,5.42778633292488E-7,9.899058145792647E-6,0.999989558163221,
2,2,1.2496958223718862E-6,4.730545240679455E-9,0.9999987455736324,
2,2,1.5865283706857763E-4,4.0561732490379244E-4,0.9994357298380275,
2,2,0.10659123272066516,0.30721413174963563,0.5861946355296992,
2,2,0.020824030500303976,0.23814326076860917,0.741032708731087,
2,2,1.4370587158647104E-7,5.004018450821616E-4,0.9994994544490463,
2,2,3.1190947841784826E-6,4.1430757222286527E-4,0.9995825733329929,
2,2,1.106896816918577E-4,0.004024136711497893,0.9958651736068102,
2,2,0.0017435181401589267,6.649692916112637E-5,0.99818998493068,
2,2,0.015138401465525255,0.15098632763993883,0.833875270894536,
2,2,1.9101864976783946E-4,5.3213219212597825E-11,0.9998089812970189,
2,2,6.6719557153720484E-6,2.220127594054368E-6,0.9999911079166905,
2,0,0.5243337581710453,0.01466215347488796,0.46100408835406675,
2,2,1.5924347430571192E-6,0.012210411824185882,0.987787995741071,
2,2,2.068592827981125E-5,2.9879664443061487E-8,0.9999792841920558,
2,1,0.32727269880053467,0.6519839339986384,0.020743367200826868,
2,2,1.1678632247019964E-6,7.228549079701127E-5,0.9999265466459782,
2,2,3.3186536254527326E-5,9.410627797246693E-5,0.999872707185773,
2,2,1.3627763286361388E-8,2.9428963596980562E-5,0.9999705574086398,
2,0,0.9990543849876632,4.9090501399176165E-5,8.965245109375732E-4,
2,1,0.023051253370561475,0.5727272933731596,0.40422145325627884,
2,1,3.7111323307131356E-5,0.7082774935852074,0.2916853950914855,
2,2,4.858486601641707E-7,0.02071910625207507,0.9792804078992647,
2,2,2.52304868994484E-7,1.8690363032007913E-8,0.999999729004768,
2,2,0.0606618356637309,0.0017381440089712192,0.9376000203272978,
2,2,1.226902383555595E-6,0.007725280373764075,0.9922734927238523,
2,1,5.83935804590599E-5,0.6957614800718461,0.30418012634769487,
2,2,8.638900927890485E-6,0.01604718112084107,0.983944179978231,
2,0,0.9468512868561649,1.2875372227619936E-4,0.0530199594215589,
2,2,1.5318664304118883E-5,2.821448740568717E-7,0.9999843991908218,
2,1,3.1309308647968986E-4,0.9735616337341703,0.02612527317935007,
2,2,0.027575919001435786,0.11118658142770103,0.8612374995708632,
2,2,1.2614400148376268E-5,1.0570681245533486E-6,0.9999863285317271,
2,2,6.628078549434296E-4,0.0024145867920769538,0.9969226053529797,
2,2,2.927073780273335E-4,0.0013234473414251331,0.9983838452805476,
2,0,0.5161042499105435,2.625724730544337E-4,0.4836331776164021,
2,2,0.01573109226366212,0.032015075358135664,0.9522538323782023,
2,0,0.9991340859555927,4.694654067585354E-8,8.658670978664624E-4,
2,2,5.32712862799241E-5,0.49506958961789044,0.5048771390958297,
2,2,0.45821448045238217,0.00218595868995348,0.5395995608576643,
2,2,1.1542377117282054E-6,0.005264706311157758,0.9947341394511305,
2,2,5.627146948731725E-5,1.1113390243925766E-6,0.9999426171914882,
2,2,2.850922843427814E-4,6.041616409282737E-7,0.9997143035540162,
2,0,0.903994247188324,0.020920527082832728,0.0750852257288432,
2,2,0.1145408152355701,0.16480809488444878,0.720651089879981,
2,2,5.066748508612653E-4,0.0013188660190723766,0.9981744591300664,
2,2,0.029481047568367225,5.183505625010618E-6,0.9705137689260077,
2,2,6.219566395804998E-6,1.322339036611973E-6,0.9999924580945675,
2,0,0.9553656364070001,0.009824906469680312,0.03480945712331954,
2,2,0.3309097897506838,0.029765687912922147,0.639324522336394,
2,2,5.433496428056541E-4,0.0012157303560326738,0.9982409200011617,
2,2,2.7314089315197765E-5,0.11550546968453186,0.8844672162261529,
2,2,0.08684610772801464,0.001466775654824563,0.9116871166171607,
2,2,6.742911018653059E-5,1.5817398872105629E-4,0.9997743969010924,
2,2,5.534279727435681E-5,1.0969621776163654E-4,0.999834960984964,
2,2,0.01875834795268433,1.946439228539598E-6,0.9812397056080872,
2,2,0.056051224598985,1.929099585250458E-5,0.9439294844051624,
2,0,0.9988569135453674,2.731626858353792E-4,8.699237687972241E-4,
2,2,4.896167165214898E-5,1.3144887114214363E-6,0.9999497238396364,
2,2,0.019381713121890055,0.03324988354154444,0.9473684033365655,
2,2,7.534302130522963E-5,2.0323144258592786E-7,0.9999244537472523,
2,2,6.905690825162627E-8,1.3922887921476645E-4,0.999860702063877,
2,2,0.01904032847594303,3.714105864095961E-5,0.980922530465416,
2,2,0.001615849453791939,1.417045050014E-6,0.998382733501158,
2,2,0.0015789003375108839,6.0119536981830866E-5,0.9983609801255073,
2,2,6.224592467001022E-7,1.4132250983895033E-8,0.9999993634085024,
2,2,2.0392145220957233E-4,0.013649346409946247,0.9861467321378442,
2,2,1.0796185936094424E-4,0.02013319258255691,0.9797588455580822,
2,2,1.3555105016421403E-5,0.1392544663240262,0.8607319785709574,
2,2,0.0010855283929536064,7.921240816381408E-4,0.9981223475254082,
2,2,4.47836821590458E-4,1.2921400674443333E-4,0.9994229491716652,
2,1,0.0038859372693804,0.9428628251984479,0.053251237532171675,
2,2,2.5387654629574133E-5,0.0012570946916172555,0.9987175176537532,
2,2,0.16027669911978643,0.08842967489957368,0.7512936259806399,
2,0,0.5426629772877001,1.7609520801192797E-4,0.4571609275042879,
2,2,1.999097516967772E-6,4.524866507157183E-6,0.9999934760359758,
2,0,0.9864226924203172,1.7857913516491656E-7,0.013577129000547689,
2,2,1.2486511907956054E-5,8.342296840436629E-4,0.9991532838040484,
2,0,0.748170392565463,2.1411083169994022E-10,0.2518296072204263,
2,2,1.2603320765207452E-4,1.941728166836951E-6,0.9998720250641812,
2,2,0.08265771051594571,2.4313753420174553E-9,0.917342287052679,
2,2,2.616265274401364E-6,3.884498448687904E-4,0.9996089338898568,
2,2,0.002262197459556174,0.002454241411795794,0.9952835611286481,
2,1,0.013425389479319544,0.6010693717473641,0.3855052387733164,
2,2,1.6232094433476865E-7,2.751997651388638E-10,0.999999837403856,
2,2,0.001073018661298729,7.713859028402487E-8,0.998926904200111,
2,1,7.040880989731104E-4,0.6038952404091681,0.3954006714918587,
2,2,0.27368900328110274,0.09240063367620686,0.6339103630426904,
2,2,0.00557922700823643,2.657950385219669E-4,0.9941549779532416,
2,2,2.0738071920867075E-8,2.7721571232212245E-7,0.9999997020462158,
2,2,7.1146784683922415E-6,1.0800245833797014E-5,0.9999820850756977,
2,2,0.03186780339945594,4.006213353653274E-6,0.9681281903871904,
2,2,1.0287902989056724E-4,5.142751541389214E-8,0.999897069542594,
2,2,3.567468217667446E-5,8.316805214466623E-6,0.9999560085126089,
2,0,0.8305490403770701,0.0103308196134974,0.1591201400094326,
2,1,0.003661744685590048,0.5570049612339879,0.43933329408042193,
2,2,5.285362446016077E-5,1.1182135490069338E-5,0.9999359642400498,
2,0,0.9159922821598557,0.01609056504725893,0.06791715279288535,
2,2,0.001123801571132115,6.153959193188333E-4,0.9982608025095491,
2,2,3.566675923630992E-5,0.0030282064951076067,0.9969361267456561,
2,2,0.005011308032261784,2.0584711470297943E-6,0.9949866334965912,
2,2,1.3339604714475963E-6,0.036132501284656525,0.9638661647548721,
2,0,0.8100340306440172,5.552941458798331E-7,0.18996541406183678,
2,2,1.519970958742152E-5,2.025025751465019E-4,0.9997822977152662,
2,2,3.074443176044803E-4,1.4519488613039322E-5,0.9996780361937825,
2,2,1.3536184647135958E-4,7.660653207802201E-4,0.9990985728327484,
2,2,0.0032663053863408085,9.983182008524482E-7,0.9967326962954584,
2,2,7.485902465428064E-4,4.4134939891448955E-4,0.9988100603545427,
2,2,5.578896791623452E-5,1.2514272324423793E-4,0.9998190683088395,
2,2,0.04363431261715791,9.737640632338772E-8,0.9563655900064358,
2,2,1.1492746470479724E-5,3.103894727787874E-5,0.9999574683062515,
2,2,1.168824264084207E-5,0.03320374815234299,0.9667845636050162,
2,2,1.1731475814981E-5,8.294940274401223E-5,0.9999053191214411,
2,2,6.171039214608706E-4,1.8781703550244328E-4,0.9991950790430368,
2,2,1.0715725938521244E-4,3.8723690229380873E-7,0.9998924555037125,
2,2,3.3714092115120997E-6,3.9193698782247364E-8,0.9999965893970897,
2,2,6.590941291976368E-6,1.9831777962672534E-4,0.9997950912790813,
2,2,0.01392678735278582,0.015326480462905268,0.970746732184309,
2,2,4.907628058817411E-4,0.3029690461747309,0.6965401910193874,
2,2,5.108304156178425E-4,6.330168882643082E-6,0.9994828394154995,
