1,1,4.5091010070515147E-4,0.8101395122341482,0.18940957766514666,
2,2,2.8896353386941747E-4,3.229021234444335E-13,0.9997110364658076,
2,2,0.005554851044259471,7.627871158079933E-25,0.9944451489557405,
0,1,0.07829302963728396,0.9217069703627156,4.02652536802172E-16,
0,1,0.0011914640467175959,0.9988085359532825,2.6862469052402654E-17,
2,2,1.5294882344883063E-4,6.874866926413175E-6,0.9998401763096249,
1,1,0.0026461059653181927,0.9417263525652831,0.05562754146939866,
2,2,7.639599385826206E-6,0.10768339246645076,0.8923089679341635,
2,2,1.5731982478278312E-4,1.5743977932842305E-18,0.9998426801752173,
0,0,0.8068036738981392,1.2622823812909996E-10,0.19319632597563263,
2,2,0.015341180635855899,2.128347313093315E-20,0.9846588193641441,
1,1,4.4700084768182124E-4,0.9995529991523182,7.487187607545738E-23,
2,2,0.011450908196005591,1.1730689341812755E-8,0.988549080073305,
1,1,7.033779430393212E-4,0.9992966220569083,5.239424251879372E-14,
1,1,8.814847806745826E-5,0.9999118515100907,1.184181768821837E-11,
1,1,4.9001473094221195E-5,0.9999509174258092,8.110109664882574E-8,
0,1,0.011312330993835622,0.9886876690057901,3.742962981874305E-13,
2,2,2.711274529075127E-5,4.3633946310272914E-5,0.9999292533083991,
0,2,2.08386680437419E-4,7.226165030710382E-21,0.9997916133195626,
1,1,2.4993639237367896E-5,0.9999750063607484,1.4265621002239947E-14,
1,1,0.0014621655036053886,0.9985378344963942,3.478797129378037E-16,
0,1,0.002868719458435792,0.9971312805415642,1.9257551263828648E-19,
1,1,5.274065457631486E-9,0.9999999946940391,3.189545367231014E-11,
0,2,0.1285004737585092,5.84088468022821E-18,0.8714995262414909,
1,1,5.665284974238334E-6,0.844231660370587,0.15576267434443877,
2,2,0.0028467529396075902,7.072063884912018E-27,0.9971532470603924,
1,2,1.0256410535782354E-8,8.777976244093221E-4,0.9991221921191801,
0,1,2.2337149130458677E-5,0.9999776628508695,2.5079451082696274E-23,
0,0,0.999997802488169,2.1750173694908036E-6,2.2494461585728578E-8,
1,1,5.065171938826517E-4,0.5579109998099578,0.44158248299615954,
1,1,3.120817750559436E-4,0.9996852448571023,2.673367841828336E-6,
2,2,7.433193615315262E-7,5.2093444864766346E-5,0.9999471632357736,
1,1,3.164671513615408E-4,0.9996835328486384,7.427584830934867E-18,
2,2,4.666066046532784E-5,5.0313370183102885E-5,0.9999030259693515,
1,1,5.556258860224245E-10,0.999894948940569,1.0505050380508164E-4,
2,2,2.479184173166534E-4,1.470666958159907E-7,0.9997519345159877,
1,1,1.7591932148950016E-5,0.9999824080678511,4.702359693814162E-19,
2,2,1.3184811964502486E-10,0.018522186910447137,0.9814778129577048,
1,1,3.0461824886922687E-4,0.9996953817511303,4.927024617837916E-16,
2,2,3.8564738318315637E-7,1.0229024568518456E-11,0.9999996143423878,
0,2,0.4645807983361417,5.501527253274243E-8,0.5354191466485858,
2,2,1.3575424843877895E-5,1.409719960516412E-5,0.9999723273755511,
0,2,0.0030207433751514683,8.748996920419275E-24,0.9969792566248484,
1,1,3.1226385060906784E-6,0.999996877361494,3.5366801722275103E-19,
1,1,8.035580231012146E-7,0.9999991260941429,7.034783392316263E-8,
2,2,4.0889124930000284E-8,1.2267250299883718E-4,0.9998772866078762,
1,1,3.9733779248264065E-4,0.9996026622075174,1.0708196744855472E-17,
0,2,0.04338709094904797,1.451722867538672E-16,0.9566129090509519,
0,0,0.5278079791909073,0.4721920208090804,1.2263413111576028E-14,
1,1,5.0183947596104574E-5,0.999949816052404,1.8136305569880828E-18,
2,1,6.91298173821548E-9,0.9629020087829123,0.03709798430410584,
1,1,0.005321787274343027,0.9946782127256569,4.353645185590454E-22,
1,1,0.0019597975551294473,0.9980402024448706,6.781172999864734E-24,
0,0,0.997993029364856,3.149435931548161E-9,0.0020069674857081175,
1,1,2.5948429680681304E-5,0.9999740515703194,2.6035356440518317E-19,
1,2,2.51878560450368E-8,1.0203131602689152E-4,0.9998979434961172,
2,2,1.948439520669665E-7,0.0056512699895876145,0.9943485351664603,
0,0,0.9992145053281513,9.484032573677504E-11,7.854945770083613E-4,
1,2,2.05369261548928E-5,6.806929288605048E-5,0.9999113937809591,
0,0,0.9999991744667279,8.108601672351898E-7,1.4673104945997704E-8,
2,2,9.765932127897266E-6,0.061431128997602086,0.93855910507027,
1,1,4.912551875632808E-5,0.9999508744812438,8.24604489924262E-25,
2,2,1.9210911296917567E-4,1.825772461487324E-11,0.9998078908687732,
2,2,0.008322543502529929,3.5756515192115175E-21,0.99167745649747,
2,1,1.1311970421219384E-6,0.8209057795662952,0.17909308923666273,
1,1,0.002568896954293216,0.9974311029347648,1.1094207073759703E-10,
1,1,1.6881451077454214E-4,0.9998311854885233,7.021509665874307E-13,
1,1,1.769150925656964E-4,0.9998230848750209,3.2413424861226527E-11,
2,2,2.1659727645820733E-4,4.689897960116324E-21,0.9997834027235417,
2,2,1.314281694269607E-5,1.3178178421153038E-19,0.9999868571830574,
1,1,4.38554950121849E-8,0.9999999485220338,7.622471160128834E-9,
0,0,0.9824239324737931,0.017576067526206742,1.210012434370506E-16,
2,2,3.782175099157462E-7,0.010930933475392991,0.989068688307097,
2,2,5.715371705405278E-7,1.0468033981963347E-11,0.9999994284523613,
0,0,0.9752454528069019,0.02475454478572512,2.4073730095191613E-9,
1,1,6.410050137049783E-4,0.9993589949862951,1.056907576453746E-25,
0,0,0.9944220746630583,5.269066888237768E-10,0.005577924810035012,
1,1,9.118867364198155E-6,0.9999908804111092,7.215265619006572E-10,
2,2,0.09012089111932439,1.5796281063539113E-10,0.9098791087227128,
0,0,0.7279480775263805,0.2720519224500273,2.3592329544214164E-11,
1,1,5.601307335847733E-6,0.9999943983756525,3.17011573461807E-10,
1,1,4.058461976484872E-6,0.9302236318031579,0.06977230973486556,
2,2,1.0324844532992878E-5,2.0499223898416897E-16,0.9999896751554668,
1,1,5.744395589720606E-4,0.9994255604410279,1.1200086858155962E-17,
1,1,0.1041415763840015,0.8958584236159985,7.458592781424745E-20,
2,2,3.235654057861881E-4,8.972031255911269E-30,0.9996764345942138,
0,0,0.9958386236231553,1.7685666475023433E-4,0.003984519712094464,
2,2,9.676515493938867E-5,0.012387140435319313,0.9875160944097413,
2,2,4.531350713925364E-6,2.487519987106944E-5,0.9999705934494151,
1,1,0.002200704874396357,0.9977992951066258,1.897791695159406E-11,
1,1,5.198226030654905E-6,0.999994736491653,6.52823162820613E-8,
2,2,1.3076927023989083E-4,1.0111523162942023E-10,0.9998692306286449,
0,0,0.6813536035628625,6.606619620651993E-10,0.3186463957764757,
2,2,1.0516415318350744E-5,5.521365053737192E-8,0.9999894283710311,
1,1,0.0010853126993298017,0.9989146873006702,4.317802985947179E-28,
1,1,5.016119373638986E-6,0.9673705219718796,0.032624461908746856,
1,1,2.5442471308823876E-5,0.9999745519688097,5.559881480179323E-9,
0,1,2.306079124642683E-4,0.9997693920875358,4.948073024080695E-21,
1,1,1.9945849633255142E-5,0.999673208092432,3.0684605793477465E-4,
1,1,0.007927629700588662,0.9920723702994114,6.197359683555912E-19,
0,0,0.9947618692099851,2.833602291966744E-7,0.0052378474297857264,
1,1,0.0014492237280391363,0.9985507762719609,3.156387014011368E-21,
1,1,3.822537833614247E-4,0.9996177462165347,1.038207491893737E-13,
0,2,0.48180441951630193,9.370942208576859E-13,0.518195580482761,
2,2,0.006164920920020638,1.4857816746781133E-20,0.9938350790799794,
0,0,0.9999775567651892,8.473686786174975E-7,2.1595866132346907E-5,
2,2,0.08182422733944548,5.897414271039213E-14,0.9181757726604955,
1,1,4.511195654431503E-6,0.9999954880445264,7.598192094984956E-10,
2,2,6.23512569455092E-5,3.00271689235263E-20,0.9999376487430545,
1,1,3.607217272329432E-4,0.9996391570664654,1.212063015869442E-7,
0,1,0.14870831075392496,0.851291689245955,1.1996917144495625E-13,
1,1,8.657870694711352E-5,0.9999134212930442,8.731157040785293E-15,
2,2,0.004929055168193477,7.135081265614632E-22,0.9950709448318066,
0,0,0.9995284252429165,2.2190280728219193E-11,4.715747348932309E-4,
0,0,0.9999973018227412,2.5808741300405065E-6,1.1730312877013909E-7,
1,1,2.4742063592513178E-9,0.8534296316773894,0.14657036584840427,
0,2,4.1734999462352084E-5,2.6637866703725023E-22,0.9999582650005376,
0,0,0.9999188474919162,8.210783130594068E-7,8.033142977069855E-5,
0,2,0.403069570815843,5.363636188797821E-10,0.5969304286477934,
2,2,3.0229655591990356E-7,0.0011904924566853814,0.9988092052467588,
1,1,4.58074296903543E-8,0.9999991274378791,8.267546910958012E-7,
2,2,0.001528090655215535,1.2190500355461088E-20,0.9984719093447845,
1,1,0.0010717826003360195,0.998928217399664,2.074888574720445E-21,
0,1,0.0036250524149436217,0.9963749475850564,8.693819178222199E-21,
2,2,0.23120019465713745,1.443969255427938E-13,0.7687998053427181,
1,1,0.01777512841890969,0.9822248715810903,5.828594140719583E-20,
1,1,0.18827048935906268,0.44546193955079,0.36626757109014735,
0,1,0.011583524300652973,0.988416475699347,3.666160878463069E-21,
2,2,1.7875144726462046E-6,4.87200439057639E-14,0.9999982124854786,
1,1,9.443474373801785E-4,0.9990556525626199,4.347436923801338E-17,
0,0,0.9998323673112854,5.576149037199552E-12,1.676326831384245E-4,
0,0,0.9818760977911524,2.6175861675092675E-8,0.018123876032985924,
2,2,3.239338141303401E-5,3.149746603868517E-22,0.9999676066185871,
0,0,0.9943240692509752,0.005091340831862684,5.845899171621008E-4,
2,2,1.122209154172376E-4,0.05564329378990925,0.9442444852946735,
1,1,1.357995434011315E-11,0.9989922132713116,0.001007786715108444,
2,2,0.014863250801614374,5.685448305856016E-7,0.9851361806535551,
0,0,0.965824746394077,2.41432422478426E-10,0.034175253364490656,
1,1,0.001939232395738451,0.9980607671761657,4.2809577441534915E-10,
1,1,1.9948188455866194E-5,0.9999800265371832,2.5274360826192427E-8,
1,1,0.003984617300155989,0.9960153826995932,2.5076274718869624E-13,
0,2,0.006953321699073714,1.780771335111236E-20,0.9930466783009263,
1,1,1.3487923024766387E-4,0.9998651202479932,5.217590570687459E-10,
2,2,9.544116650258207E-7,5.965570268958969E-6,0.9999930800180661,
1,1,0.012263350615634603,0.976924823032598,0.010811826351767488,
1,1,2.8897519972032786E-4,0.9997110220589905,2.74128913792442E-9,
2,2,3.6795505553702968E-6,1.927142762982842E-7,0.9999961277351683,
1,1,0.0024110306312427154,0.9975889693687572,1.694760914720858E-16,
2,2,1.2334671047419296E-5,8.10598351931349E-5,0.9999066054937594,
0,2,0.08964782927389053,2.3032449823789952E-20,0.9103521707261095,
0,2,0.01940584755818647,7.943690123815058E-14,0.9805941524417342,
0,1,0.0021935083819113166,0.9978064916180888,5.238128774372142E-22,
0,0,0.9999047046212775,1.341027818129944E-5,8.188510054127788E-5,
1,1,4.992126929133133E-7,0.9999995007738479,1.3459227490462874E-11,
2,2,0.0011678822665362565,4.010339410026107E-11,0.9988321176933603,
1,1,1.7904909576921426E-6,0.5359547967053567,0.4640434128036856,
2,1,0.001030041144697792,0.7938382764055962,0.20513168244970595,
0,0,0.9997489327139255,2.5106723540381645E-4,5.0670629969393096E-11,
2,2,0.0048890109300638515,3.701625868715777E-9,0.9951109853683102,
1,1,0.006860393656356521,0.9931396063436384,5.079832457790851E-15,
2,2,9.252077369161302E-5,5.695552892458963E-14,0.9999074792262514,
2,2,2.3296813847379173E-5,0.006272473614583813,0.9937042295715688,
2,2,2.4504670136754733E-7,5.7512916117249375E-11,0.9999997548957856,
2,2,1.5294881413594583E-5,1.507083070225371E-14,0.9999847051185714,
0,0,0.6933935074412948,0.306606492558705,2.5881470393288897E-16,
0,1,0.0057839533144225415,0.9942160466855774,7.550233867507268E-18,
0,0,0.9999975959859962,1.295354294979924E-6,1.1086597087419562E-6,
2,2,1.9362503374059165E-4,3.805720949134304E-4,0.999425802871346,
2,2,6.631294651056715E-5,3.578629982919688E-4,0.9995758240551975,
0,0,0.9639356803656031,0.03606431963406459,3.3233120434380383E-13,
2,2,1.1393605485698119E-5,1.2230770195676865E-8,0.999988594163744,
2,2,9.821479703614839E-9,2.4431251600803227E-10,0.9999999899342077,
0,0,0.9999852660949833,4.081757446556635E-7,1.432572927217341E-5,
0,0,0.9917581789747483,0.005864182024100171,0.002377639001151645,
0,1,4.0502633045126464E-5,0.9999594973669549,2.4854736393373362E-17,
0,0,0.9933878035234477,0.0065704623859743905,4.173409057802087E-5,
0,0,0.9960799289288784,0.003919814475689902,2.56595431617432E-7,
0,1,0.02520375863039578,0.9747962413696043,1.4494781596663953E-19,
1,1,8.595252268581181E-5,0.9999140474580065,1.9307714710545113E-11,
1,1,2.9934587356925525E-4,0.999700641277589,1.28488417631448E-8,
0,1,0.02739330927037622,0.9726066907296238,1.5622744160991333E-22,
1,1,3.7231535200442866E-5,0.927320560856496,0.07264220760830362,
1,1,3.146647324381037E-4,0.9996853352675619,2.0118332068267156E-19,
1,1,0.053665812981517694,0.9463341870184824,1.281903565381531E-19,
0,0,0.9412783299208586,0.05872167006784957,1.129184475493829E-11,
2,2,8.174832282144712E-5,5.68314635587621E-12,0.9999182516714955,
2,2,2.1397743231903212E-4,1.186203740179608E-8,0.9997860107056435,
0,0,0.9842045416657168,3.753811321474093E-5,0.015757920221068467,
2,1,6.926129049416536E-4,0.7916953088901015,0.2076120782049567,
2,2,0.0021870828423835374,8.444143609420799E-8,0.9978128327161804,
0,0,0.9998793297943979,3.95919306220591E-8,1.2063061367148989E-4,
0,1,0.005503367164458166,0.9944966328355418,6.221483382537725E-22,
0,0,0.9997609143751621,2.320389926950048E-4,7.046632142803194E-6,
0,0,0.6283160495793029,0.3716839504206972,1.3573037126976034E-22,
0,0,0.9986364363519784,0.0013635636480204762,1.0758163145501977E-15,
2,2,3.634587431183429E-4,1.8934566164916365E-18,0.9996365412568817,
1,1,9.168222326509654E-4,0.9990731059615602,1.007180578890919E-5,
2,2,2.3279058543746774E-4,8.539808031233865E-6,0.9997586696065313,
2,2,0.01547278519656216,9.846004660688377E-10,0.9845272138188375,
0,0,0.6882510357528586,0.3117489642471413,2.3839216416557924E-17,
2,2,0.0019188843942794917,5.044240005952366E-23,0.9980811156057204,
0,2,0.18316182438520007,2.2257913365198277E-16,0.8168381756147998,
1,1,1.3512148981943817E-4,0.9998648784805225,2.9657984086331726E-11,
0,2,0.00482936612581181,1.646741973569881E-20,0.9951706338741881,
2,1,1.938920134824817E-5,0.8679514304562947,0.132029180342357,
0,2,0.004959557339250326,8.567905803402222E-23,0.9950404426607496,
0,0,0.9999997989894754,1.254970791771497E-8,1.884608166461408E-7,
1,1,2.748877247259324E-4,0.9997251122752742,3.464457488723919E-24,
2,2,4.6427651271609605E-4,4.1449785683752696E-9,0.9995357193423052,
0,0,0.9960624141592476,6.742166477504319E-14,0.003937585840684969,
1,1,2.4381534258618976E-4,0.9997561602740788,2.4383335090702076E-8,
1,1,2.1414148655133957E-5,0.9996479150977525,3.3067075359228523E-4,
1,1,1.3348753057581015E-5,0.99998664985278,1.3941623921545782E-9,
1,1,1.5671542183375906E-8,0.9999646668271629,3.531750129490804E-5,
0,1,0.006123959269543497,0.9938760407304553,1.2149154513982057E-15,
1,1,4.590951810808704E-4,0.9995409048188943,2.475797166252979E-14,
1,1,3.516413978613008E-4,0.9996483334258714,2.5176267169787608E-8,
0,0,0.9769130084730164,0.02308699135652813,1.7045532321812168E-10,
0,0,0.7923006753744014,5.068762521841443E-13,0.20769932462509172,
1,1,6.401509940009147E-4,0.9993598490059991,5.605878415045584E-17,
1,1,5.122280441290689E-7,0.9999994873309221,4.410336524359229E-10,
1,1,5.285130000692222E-7,0.9999991907303256,2.8075667442504694E-7,
1,1,6.0422812285612266E-5,0.9999395771877143,2.9461894474311746E-21,
1,1,4.021145544272343E-9,0.9999999548605447,4.11183096761609E-8,
2,2,5.989966035403805E-6,0.0029270429172759274,0.9970669671166886,
0,0,0.6866026440202229,0.31339735453466233,1.4451147173217283E-9,
2,2,2.063808741668583E-7,0.01292569534664012,0.9870740982724857,
1,1,0.16320670667753465,0.8367932933224589,6.359930559423225E-15,
1,1,5.241591098967142E-6,0.9999947584088549,4.615949370345903E-14,
2,2,1.1612761835418809E-4,0.0011628946567603944,0.9987209777248854,
2,2,0.33923414612404945,9.770986411674834E-18,0.6607658538759505,
0,0,0.8486804663313059,0.15131953366869405,1.285187805520733E-18,
2,2,3.611054197979383E-8,0.0016292901884843527,0.9983706737009738,
2,2,3.5247527775857367E-4,2.4716090961248288E-5,0.9996228086312802,
0,0,0.7581375033044773,1.6915732324254274E-13,0.24186249669535367,
1,1,2.8810168113665835E-5,0.9999711898318863,5.2323453823546545E-18,
1,1,0.0025800489161328564,0.9974199510838672,1.4215832647737324E-21,
2,2,4.2875101917883745E-6,8.968672326793938E-20,0.9999957124898082,
2,2,4.18621907003789E-5,2.335332709341936E-11,0.9999581377859462,
1,1,1.392749426955793E-8,0.9999999157803738,7.029213182237167E-8,
2,2,8.517486829929417E-4,6.2195468830188614E-27,0.999148251317007,
2,2,0.010606521939730192,6.169767860942022E-18,0.9893934780602698,
2,2,1.2234361879183532E-6,0.006953132299833858,0.9930456442639782,
0,0,0.9999710088980124,1.0998866640489463E-17,2.89911019875579E-5,
2,2,9.890911316215373E-10,0.029774136658627243,0.9702258623522816,
0,2,0.0070778408569299985,1.4789983488864122E-16,0.9929221591430698,
0,0,0.9999951661843641,1.407600072872309E-6,3.426215562865933E-6,
1,1,2.25773517766691E-4,0.9997740120119389,2.144702942699841E-7,
0,0,0.9999893402643765,9.450025273311959E-10,1.065879062093E-5,
1,1,1.2088341009043657E-4,0.9869806863794919,0.012898430210417667,
0,0,0.9305744905086074,0.06942550947051254,2.0880033952629438E-11,
1,1,5.618909658368147E-4,0.99943808507133,2.3962833214764225E-8,
0,1,5.886994888578676E-4,0.999411300511142,4.126099309588287E-24,
2,2,7.894588191393427E-4,2.46683682226949E-10,0.999210540934177,
1,1,0.04986280955004597,0.9501358639055925,1.326544361598302E-6,
2,2,0.003794562068119118,7.472091289767743E-16,0.9962054379318801,
0,1,0.10369589089672344,0.8963041091032095,6.706543463737179E-14,
1,1,4.237435170788919E-6,0.9999482543299848,4.7508234844400863E-5,
1,1,0.005589575592114418,0.9944104244045846,3.300823051148919E-12,
1,1,0.001246355106409571,0.9987536448924293,1.1610639109037031E-12,
0,1,0.011217465639204659,0.9887825343607952,6.734861908557725E-17,
0,0,0.9997767893167328,2.231940137817957E-4,1.666948553358659E-8,
0,0,0.7873838035090014,1.2057418007903501E-17,0.21261619649099855,
0,1,6.636257919016914E-4,0.9993363742080983,2.9166484576411895E-22,
2,2,1.6189826142448075E-4,1.0403056805967926E-6,0.999837061432895,
0,1,5.3820318182033756E-5,0.9999461796816851,1.3291407039778989E-13,
0,0,0.8718619768764098,4.178734384241124E-13,0.12813802312317235,
2,2,1.7719124608068883E-5,5.497418778732766E-26,0.9999822808753919,
2,1,5.296551383698703E-4,0.8384594719903863,0.16101087287124383,
2,2,1.9219820771328173E-7,2.6489833114865503E-5,0.9999733179686774,
2,2,0.004371555634525427,6.53733224285632E-20,0.9956284443654746,
2,2,2.8984667778457577E-4,2.3959597139788945E-10,0.9997101530826195,
2,2,2.464223392051628E-4,3.0038020919349706E-23,0.9997535776607948,
1,1,1.6660461731462448E-5,0.9999833395382686,2.5584098459176844E-19,
1,1,3.4196707095338866E-6,0.6788833148772849,0.3211132654520055,
1,1,2.42903229514865E-6,0.9999974937367231,7.723098187977773E-8,
0,0,0.9989087119558594,0.0010912880034890135,4.065155200293039E-11,
0,1,0.02166770075185155,0.9783322992481485,4.6614107170053146E-21,
2,2,3.955098296724928E-4,1.0235955652981912E-4,0.9995021306137976,
2,2,1.4906630484287043E-7,0.005031706090919804,0.9949681448427753,
1,1,0.0014578943712236754,0.9985421056287762,5.473325306042297E-21,
1,1,1.8386239297581288E-4,0.8494747511286492,0.15034138647837492,
1,1,3.1964691842723675E-6,0.9999968035306973,1.1853038948534477E-13,
0,1,0.02658312680248,0.97341687319752,5.954874555902773E-23,
2,2,1.8535864317172766E-5,2.6759139422885484E-5,0.9999547049962598,
0,0,0.9980830589345029,0.0019169377344113532,3.3310857788846588E-9,
0,0,0.9998033188321125,9.288824403352356E-7,1.9575228544722629E-4,
0,2,0.031917737858348186,1.3901824325408542E-17,0.9680822621416518,
1,1,5.598894336185958E-7,0.9997162642270768,2.8317588348960926E-4,
2,2,0.002856174725255611,6.053894273311126E-19,0.9971438252747444,
2,2,1.3997770749174878E-4,1.0058554853284049E-21,0.9998600222925083,
0,0,0.7154324260496979,0.28456757349165734,4.586446093227828E-10,
1,1,0.002545105329626405,0.9974548946703735,2.4839769829014323E-22,
1,1,1.8168174935974027E-4,0.9998183182506402,1.892017473852339E-20,
0,0,0.6227299353130612,0.3772700646867877,1.5113884778616882E-13,
0,2,0.4943879043540113,7.253656961718699E-8,0.5056120231094191,
1,1,3.014440546679376E-7,0.9999981966493379,1.5019066074631393E-6,
1,1,3.0024568172285386E-5,0.9999698660739874,1.0935784031760724E-7,
0,0,0.9732996010304156,1.114282708452813E-14,0.026700398969573245,
2,2,0.014962287459041837,2.4503881503428084E-16,0.985037712540958,
0,1,0.0036770746090923423,0.9963229253909076,2.8034674998365424E-22,
2,2,1.1698807798504966E-8,0.47215170447725135,0.5278482838239409,
0,2,0.02566486449521397,2.4475529446763E-19,0.9743351355047861,
0,0,0.999819926602168,9.040357284480285E-5,8.966982498715862E-5,
1,1,0.023518275874378207,0.9764817241256218,2.626659536616053E-19,
1,1,0.0015309662589171557,0.9984690337410829,9.16931491839756E-20,
1,1,9.651313953775065E-5,0.8118595800494589,0.18804390681100341,
1,1,0.0032605543534040774,0.9967394456465442,5.1760178863799957E-14,
1,1,1.103939550149906E-4,0.9998847020647984,4.9039801866166034E-6,
2,2,0.027002503607075044,6.369328085758956E-11,0.9729974963292317,
1,2,2.0579428366222642E-7,0.005890986164162076,0.9941088080415542,
1,1,2.6306631968988205E-7,0.9999864678639754,1.3269069704890988E-5,
2,1,2.116847795705795E-6,0.7682086516434212,0.23178923150878308,
0,0,0.9999867845354748,1.321540186893164E-5,6.265631437907656E-11,
2,2,0.004137864427063961,2.7081003615593054E-19,0.995862135572936,
0,2,0.005444013573409447,5.862055091952814E-4,0.9939697809173953,
1,1,7.02768835877058E-5,0.9999297231164124,7.844252473192707E-20,
1,1,1.0440694003549998E-5,0.8179981433170208,0.18199141598897559,
2,2,5.453459254605699E-4,0.009070410901775414,0.990384243172764,
2,2,0.005200341419392011,0.019731864248409173,0.9750677943321989,
2,1,4.898346189621346E-8,0.8029108476025245,0.19708910341401364,
1,1,0.06084986016009372,0.9391501238938558,1.5946050405249204E-8,
0,1,0.09769471606661809,0.9023052839333622,1.9569680892805074E-14,
2,2,0.022065940533306374,6.0119247210757865E-12,0.9779340594606818,
0,2,0.0203487950460913,9.577091183453512E-26,0.9796512049539087,
2,2,0.09948670274565204,3.294555630311886E-16,0.9005132972543477,
1,1,0.0012281024011430452,0.9987718975981209,7.360275825797792E-13,
2,2,1.038104120027904E-4,4.211769810334803E-23,0.9998961895879972,
1,1,0.009060380725379544,0.9909395671773321,5.2097288307556637E-8,
1,1,7.949367102821763E-6,0.9999920496587668,9.741304866807274E-10,
2,2,0.08980645961770786,2.2187209125103422E-17,0.910193540382292,
2,2,6.989932254587236E-9,2.8316031665639753E-5,0.9999716769784021,
1,2,2.221947175545188E-9,8.204175661543575E-4,0.9991795802118986,
1,1,2.1756977629120515E-4,0.9997824302208653,2.8433883398523093E-12,
0,2,0.0012659901826982212,1.0409373456667789E-22,0.9987340098173018,
2,2,0.030646254004278083,6.033940627164798E-8,0.9693536856563155,
1,1,1.1687013537555203E-5,0.9999883020344832,1.0951979390653979E-8,
1,1,3.1403467497742826E-5,0.9999685965325013,1.066111743774115E-15,
2,2,8.826172036510063E-7,0.0643833448875233,0.9356157724952731,
2,2,6.424498457922729E-7,2.614826168169788E-6,0.999996742723986,
0,0,0.9677861333698996,0.03221386663010047,3.4822135153509414E-18,
2,2,1.5207811925572838E-4,4.636542453888378E-15,0.9998479218807396,
2,2,6.947202567482877E-5,4.668759109485229E-16,0.9999305279743247,
0,1,0.3474254133788372,0.652574572843443,1.3777719757310541E-8,
0,0,0.9999995789094053,5.7800302885814654E-8,3.632902918799099E-7,
0,0,0.999839687670645,1.6029447061398358E-4,1.7858741031542628E-8,
1,1,0.0017465960069461314,0.9982534039930537,1.1941693528719394E-16,
2,1,7.864565388615594E-4,0.9299483138870335,0.069265229574105,
1,1,7.20092687028669E-4,0.9992799073129712,1.7056347252518494E-19,
1,1,3.507128340463392E-4,0.9996492871659536,7.591110180767847E-24,
1,1,1.7739323315069096E-6,0.9584107414217936,0.041587484645875056,
2,2,1.9249301026714978E-7,0.3867709375690044,0.6132288699379854,
2,2,4.5060187230570896E-8,1.2216046988119607E-7,0.9999998327793429,
0,0,0.8050018782715542,0.19499812172842373,2.1950477902683414E-14,
1,1,1.720628127345953E-5,0.9999827937175778,1.1487331872549456E-12,
2,2,4.838578219614508E-4,3.279095953598467E-19,0.9995161421780385,
2,2,1.015770739906257E-6,4.5986294142882533E-10,0.9999989837693971,
1,1,6.963150562251372E-6,0.9965757608469639,0.003417276002473853,
1,1,3.64488769124012E-5,0.9999624956057961,1.0555172914453155E-6,
1,1,0.09338948264340605,0.9066105173565931,6.958769630313624E-16,
1,1,3.6657086564448155E-6,0.9999963342913373,6.268428551197997E-15,
1,1,0.010896051056945084,0.989103948943055,1.999117707835837E-20,
2,2,3.0165897887889705E-4,6.986432766489907E-15,0.9996983410211142,
2,2,1.1862858981427968E-5,4.844621869835185E-18,0.9999881371410185,
2,2,3.6292728688661365E-6,0.02576904009271628,0.9742273306344148,
0,1,0.051809785362946136,0.9481902146370532,7.315929687218756E-16,
2,2,0.03984615912172094,1.2404639122301306E-25,0.960153840878279,
1,1,9.64493050793106E-8,0.999999903550695,1.1434651829507825E-24,
0,0,0.999933512809002,1.4178645825509504E-9,6.648577313345313E-5,
1,2,1.4159243010751395E-8,0.05667515850476433,0.9433248273359927,
2,2,0.014829326624571428,4.303837445200758E-13,0.9851706733749982,
0,0,0.9993003181302886,2.4975691173038354E-7,6.994321127996074E-4,
2,2,0.024170629747187602,1.2175680207044062E-20,0.9758293702528124,
1,1,0.004248263542988286,0.9957517364570118,7.058650826785691E-21,
2,2,1.7524359030485062E-6,1.3954957184600043E-12,0.9999982475627015,
1,1,0.004810154221151532,0.9951898457788481,4.545811210087069E-16,
2,2,5.612570494118325E-5,7.087827052000377E-20,0.9999438742950589,
1,1,0.0076201479259571814,0.9923798520418448,3.219811489024569E-11,
0,1,0.0237775461987163,0.9762224538012837,4.855913221724882E-20,
1,1,1.0033884572966364E-4,0.9998996610514936,1.0277668391178504E-10,
1,1,8.477541488421983E-4,0.9991522458511578,1.4870998129296327E-21,
0,2,0.04799745279156422,9.11620858456785E-16,0.9520025472084349,
1,1,8.486303208794774E-6,0.999991513696052,7.392839415765354E-13,
1,1,0.002651401993277235,0.9973485977442671,2.624556472805636E-10,
1,1,0.0032250675574754498,0.9967749324425246,1.8583070077632096E-25,
0,2,0.4815637827531715,5.2329178440400395E-12,0.5184362172415955,
1,1,0.3752328375381422,0.6247671624618578,1.1689140280131678E-19,
0,0,0.9997740053836613,1.9838231307156185E-4,2.7612303266965064E-5,
0,0,0.999881819598517,1.172584834182248E-4,9.219180648218473E-7,
2,1,2.8763855761772876E-8,0.9743682720451045,0.025631699191039754,
2,2,0.001376357497112258,1.5305639803851793E-17,0.9986236425028878,
2,2,1.4537086431731767E-5,2.6195400074239595E-6,0.9999828433735608,
0,0,0.9989465489815998,0.0010534510183996767,3.4325246270075007E-16,
1,1,3.072734314502732E-4,0.9996926164269271,1.1014162278255726E-7,
1,1,1.22825475156177E-4,0.9996015295653714,2.756449594724946E-4,
1,1,5.2012142689105014E-5,0.9999474324133316,5.554439792843705E-7,
0,0,0.9106855463522068,0.08931445364777253,2.082234790314213E-14,
2,2,8.893863615574082E-5,1.0556513053419923E-8,0.9999110508073311,
1,1,4.167425272298497E-4,0.9995832574681924,4.577619084988264E-12,
0,0,0.9999873983977628,1.259379636980684E-5,7.805867431375017E-9,
0,2,0.013491529833388931,1.0172523423986424E-21,0.9865084701666111,
1,1,0.006964522607818066,0.9930354773921668,1.5008081913909557E-14,
1,1,3.3879362942825722E-6,0.9999966118463038,2.1740179791738372E-10,
0,0,0.8789792279649193,0.12102077203506256,1.8139396995924978E-14,
0,0,0.9974514410808831,2.691686388401031E-6,0.002545867232728462,
1,1,5.462980561671873E-4,0.9983531442627414,0.0011005576810915372,
1,1,1.2867754001041155E-7,0.9998812822581611,1.1858906429879797E-4,
2,1,3.930874810943339E-5,0.9972693652901015,0.002691325961788973,
0,2,3.9985303619045335E-5,5.076159334793203E-18,0.999960014696381,
0,2,0.46616125646202605,4.929808117378447E-12,0.5338387435330442,
2,2,9.786595826237226E-5,2.54740429828596E-18,0.9999021340417376,
0,2,0.08291218317421202,5.993557223058854E-20,0.917087816825788,
2,2,0.12707680366550972,0.03323265616019466,0.8396905401742957,
1,1,0.004772612806694003,0.9952210636242126,6.323569093447398E-6,
1,1,1.121284264329248E-5,0.9999831553191046,5.631838252181658E-6,
1,1,1.7768954129484673E-5,0.9944088208858658,0.005573410160004625,
2,2,2.6988805618904554E-5,7.037840944854363E-4,0.9992692270998956,
2,2,8.311503564821859E-6,2.894897382469453E-14,0.9999916884964062,
2,2,2.085301697359789E-5,1.0099195060781927E-8,0.9999791368838313,
1,1,4.97207253890246E-7,0.9999982365510599,1.2662416862188122E-6,
2,2,9.809975543830922E-10,0.4030168390988961,0.5969831599201063,
1,1,6.744159753245106E-4,0.7768342932833364,0.2224912907413391,
2,2,0.001423187569121871,1.718562698072658E-17,0.9985768124308781,
0,1,0.028996523350344913,0.9710034766496551,1.1621179682208014E-17,
2,2,2.02017850927527E-4,1.2367343260374832E-8,0.9997979697817293,
0,0,0.9996574868306192,2.2479994856128687E-13,3.425131691561179E-4,
0,1,1.1585426008496959E-4,0.9998841457399151,2.7643048552586385E-21,
1,1,2.1030523748293908E-5,0.999978969466295,9.956690868220205E-12,
0,1,0.1557592755516475,0.8442407227570426,1.6913098342265105E-9,
0,0,0.9999954962368137,2.8973824938977163E-7,4.21402493695921E-6,
2,1,3.086704562428967E-7,0.9873580179416143,0.012641673387929419,
0,1,0.03906227537621606,0.960937724623784,7.197863683077663E-24,
2,2,0.02572604102379151,0.0015827872277161057,0.9726911717484924,
1,1,9.876204218889567E-4,0.9990123795781111,3.3174893683204824E-24,
2,2,7.340295060336062E-4,1.5775049707206737E-13,0.9992659704938086,
2,2,3.2542579068765886E-4,4.1386013600288854E-20,0.9996745742093123,
2,2,2.5952800902049184E-5,4.100321494641823E-21,0.999974047199098,
1,1,1.4776374436879564E-5,0.9999522091622842,3.30144632788639E-5,
2,2,3.385049872435315E-4,4.156446772363286E-17,0.9996614950127564,
2,2,5.854636870252476E-5,2.485940872345909E-9,0.9999414511453566,
0,1,0.03456168891888429,0.9654383110811157,8.703064750606459E-26,
1,2,1.8211734488876345E-5,0.05302703886664133,0.9469547493988697,
0,0,0.8717200774659051,0.12827989196442383,3.0569671092824196E-8,
1,1,5.041338532212569E-6,0.9988735874416047,0.0011213712198629422,
1,1,0.0030558794609436115,0.9969441203291587,2.0989774043050613E-10,
0,2,0.032359538495470457,4.560564869399889E-19,0.9676404615045295,
2,2,8.185838471946857E-4,0.0029307028622759896,0.9962507132905293,
1,2,3.641841287096567E-7,0.10095184785297762,0.8990477879628938,
2,2,5.041557464513478E-7,1.6159367282630072E-9,0.9999994942283169,
1,1,4.2095606283568064E-5,0.9999579043873136,6.402814101781897E-12,
0,0,0.7426026774640236,0.2573973225336634,2.312902123298223E-12,
0,2,0.09339664434967926,2.4523850193860123E-20,0.9066033556503208,
2,2,0.011862553666539044,3.2313453159388085E-13,0.9881374463331379,
2,2,2.2104105212989127E-10,0.04297988934122845,0.9570201104377305,
2,2,0.003000544211572599,2.9418788955247004E-6,0.9969965139095319,
1,1,0.006682518131568533,0.9933174818633316,5.099928699344082E-12,
0,1,0.002246468321459545,0.9977535316785404,6.56559928013102E-22,
1,1,4.448857344162385E-4,0.9995551142655769,6.964756604584989E-15,
2,2,2.9538568404156667E-4,5.785681831510904E-7,0.9997040357477752,
0,1,0.3566559208194656,0.6433440791601798,2.035442706238399E-11,
1,1,6.903807247359902E-5,0.99993096055177,1.3757564861292502E-9,
0,0,0.8433711993482567,0.1566288005985351,5.320830703102997E-11,
0,0,0.8365030884510953,0.1634969115453085,3.596248056240815E-12,
0,2,6.013420928469658E-5,3.569389328430448E-18,0.9999398657907154,
2,2,1.4696190833662245E-4,3.0397645110674665E-9,0.9998530350518989,
1,1,3.6105490178098504E-5,0.9999638945098219,1.0852988497764036E-20,
1,1,7.297743741221615E-5,0.9960682066914089,0.0038588158711790116,
1,1,4.5114399743208006E-5,0.9999541426202084,7.429800484439957E-7,
1,1,1.6060540667836975E-7,0.999999839354171,4.042228478395755E-11,
0,1,0.0044709181762909635,0.9955289195026775,1.6232103146312868E-7,
0,2,0.2999338706864351,1.1874756534844481E-20,0.7000661293135648,
0,1,0.0012137734411110167,0.9987862265588889,5.141607880800913E-18,
2,2,1.3617545870837327E-5,3.141166657344323E-10,0.9999863821400126,
2,2,0.010338894724377351,4.460053633518413E-19,0.9896611052756227,
0,0,0.9999801456778599,3.394470927103649E-7,1.9514875047310432E-5,
1,1,8.31735645814273E-6,0.9996704200301479,3.212626133938082E-4,
1,1,5.464654982698283E-6,0.9662961128601202,0.03369842248489719,
0,0,0.8540059057759946,0.1459940942239262,7.915608787594337E-14,
1,1,3.3692082314937014E-5,0.9999663067480216,1.1696635087146161E-9,
0,0,0.9876260342399101,0.012373965759967976,1.2191901249826426E-13,
0,0,0.9992711294285883,7.28770445008666E-4,1.0012640310891543E-7,
2,2,0.0014757082110503866,1.8134466004739949E-9,0.9985242899755029,
1,1,0.23617301057198137,0.7638269894280184,4.410748624000543E-16,
1,1,0.0020686706952055493,0.9979313293047944,5.231557635002204E-18,
2,2,0.002084362857123774,0.044631886731111355,0.9532837504117648,
0,1,0.21227604580300963,0.7877239519497347,2.2472557009198503E-9,
2,2,0.03800542993929055,1.335287005855802E-14,0.9619945700606961,
1,1,4.101318870884292E-5,0.9999589868112911,6.325557792936837E-23,
0,0,0.9998493254732113,1.5067444899890132E-4,7.77898698717484E-11,
1,1,8.540929679956475E-6,0.9915233690969961,0.00846808997332393,
0,2,0.4290391135932996,4.3051805710367226E-13,0.5709608864062699,
2,2,4.3406360794313664E-4,3.6517251984784325E-21,0.9995659363920568,
0,1,0.31383327644177417,0.6861667235582251,9.559703595347132E-16,
1,1,0.0021110378242842768,0.9978889621757158,1.5827500481476658E-19,
2,2,0.0016550360100419735,3.7377537420128775E-13,0.9983449639895843,
1,1,2.7723676955888788E-5,0.9999722763203691,2.6748985865927604E-12,
1,1,2.00039892933966E-4,0.9997993528803403,6.072267257398679E-7,
2,2,4.5770861325803043E-4,1.0674906606973961E-7,0.999542184637676,
1,1,0.001093936009531757,0.9981400300745812,7.660339158868108E-4,
2,2,0.0014507412720115628,1.7693589185492327E-9,0.9985492569586295,
0,0,0.9999803559368988,6.311033567878152E-8,1.95809527653449E-5,
1,1,1.5936281613220595E-5,0.9999840627767639,9.416228449423495E-10,
1,1,1.0129440998036415E-5,0.999989630763683,2.3979531904895933E-7,
1,1,3.2040798498489246E-4,0.9996771728824693,2.419132545830287E-6,
0,1,0.03454418011957114,0.9654558198804288,3.8691896195664916E-23,
2,2,1.3794067245547013E-4,7.229552640798016E-6,0.9998548297749037,
2,2,0.00293851788348286,1.3091745474025199E-11,0.9970614821034254,
0,0,0.9998799958463002,1.2000328313639368E-4,8.70563480263283E-10,
0,1,0.030873966418648438,0.9691260335813516,1.4337393951645046E-20,
2,2,0.27518086900771704,0.010726235428006617,0.7140928955642762,
2,2,4.489528580621202E-5,1.2290808939855916E-7,0.9999549818061044,
0,0,0.759055879616236,0.24094412037763763,6.126455242141015E-12,
2,2,0.029031798866659415,1.507606740980722E-23,0.9709682011333406,
2,2,1.6540081887283904E-4,2.605730165838057E-16,0.9998345991811268,
1,1,8.381337770013204E-5,0.999916186615774,6.52578746431344E-12,
1,1,0.0022466560552953465,0.9977006471007648,5.269684393984151E-5,
2,2,0.004989009689400645,0.005375790325152224,0.989635199985447,
0,1,0.34071607589400915,0.6592839235130177,5.929731043554603E-10,
2,2,0.00775030977899968,1.8239608677766645E-11,0.9922496902027608,
0,0,0.9895545134468505,0.010444557419517626,9.291336319082921E-7,
0,0,0.7747263926348019,2.9051995163616986E-8,0.22527357831320297,
0,0,0.9990720104739538,9.279894139553539E-4,1.1209089277368503E-10,
0,0,0.9842670604222006,1.3742797428664344E-9,0.015732938203519734,
0,1,0.014155073414121208,0.9858449265858787,8.916051574509994E-22,
2,1,3.051604210880929E-5,0.8382463115524574,0.1617231724054338,
2,2,0.008595802812628813,6.046923328738914E-17,0.9914041971873712,
2,2,5.257923542168277E-6,0.0016975232223725443,0.9982972188540853,
1,1,4.182020917744017E-5,0.9999577153437115,4.6444711110552364E-7,
1,1,0.0012166464474206847,0.9987833535525793,3.0547734221646165E-22,
0,1,0.00641439816549756,0.9935856018345024,2.960042796519334E-25,
1,1,3.829938399488229E-7,0.9996252101878081,3.7440681835188455E-4,
0,2,0.06003130141005508,2.299271596052801E-16,0.9399686985899447,
2,2,2.294563304514066E-6,1.4474264204127704E-6,0.9999962580102751,
2,1,6.366505174646345E-4,0.9899393008943912,0.00942404858814414,
2,2,0.002061885545775553,1.024732077181462E-15,0.9979381144542234,
2,2,2.196940142537364E-8,0.23872900902470431,0.7612709690058942,
1,1,1.3879987654973644E-5,0.9999834543619657,2.665650379345985E-6,
0,0,0.9998770685679085,2.1862292643967907E-6,1.2074520282704891E-4,
1,1,2.2904257706648806E-9,0.9965563242197938,0.003443673489780555,
2,2,0.012614966953011487,1.4148600321130096E-4,0.9872435470437771,
1,2,1.4214914839021913E-6,0.03251293781055669,0.9674856406979594,
0,0,0.9792300188949288,1.2193888064495316E-6,0.020768761716264707,
0,1,0.10062222915231034,0.8993777708476881,1.5768996438936398E-15,
2,2,9.100442338283684E-5,1.3599925054100516E-28,0.9999089955766173,
1,1,1.6664377041869807E-5,0.9999833355894605,3.349768723780852E-11,
2,2,0.001008808596128883,1.1808183905045955E-12,0.9989911914026902,
0,0,0.9999617196301104,6.240934841897017E-7,3.7656276405453565E-5,
2,2,0.05221570237004369,5.7152020054973205E-18,0.9477842976299564,
0,0,0.9980513152872958,2.871158609169473E-7,0.0019483975968431638,
2,2,1.4141585713998287E-4,0.028379905377471416,0.9714786787653886,
0,0,0.6033965962964825,2.1590697551344993E-16,0.3966034037035174,
1,0,0.6662191938297262,0.33378080617027384,3.3373450548371508E-18,
0,0,0.8259572188264293,1.2886983470405348E-6,0.1740414924752237,
1,1,5.081289413856601E-7,0.9999990617158624,4.3015519619304773E-7,
2,2,2.2091212377431084E-7,1.2411913680161776E-4,0.9998756599510746,
0,1,0.009037748587210277,0.9909622514127897,2.148403311823609E-17,
1,2,1.5417685391359316E-4,0.25873871818563665,0.7411071049604497,
2,2,9.471566772844346E-6,2.9581396008033595E-13,0.9999905284329312,
1,1,6.1032971757820655E-9,0.9999948764885717,5.11740813108264E-6,
1,2,1.4782678764607038E-5,0.14391130905944413,0.8560739082617913,
0,1,0.006394320952594915,0.9936056790474042,8.826580354312931E-16,
0,2,1.1696532993302817E-4,4.883853324202833E-26,0.999883034670067,
1,1,2.2527187127031222E-4,0.999774725742002,2.3867276933900702E-9,
1,1,3.1874477104389335E-5,0.9999681254658732,5.702245486749329E-11,
1,1,2.0070438321652556E-5,0.9999799292742015,2.8747684881828466E-10,
2,2,4.514111359502613E-8,7.591695415307416E-18,0.9999999548588864,
1,1,6.213940261684286E-4,0.9993786059738312,4.0255681677188627E-16,
0,1,0.15063298351078364,0.8493670161782059,3.1101051794697787E-10,
0,2,0.001461671151948734,1.234285594628849E-22,0.9985383288480513,
1,1,3.445476538283245E-4,0.9996531471216076,2.3052245642030894E-6,
2,2,3.274953709251552E-4,4.362354944024708E-25,0.9996725046290749,
1,1,5.666638273878889E-4,0.9994333361726121,5.5888743511133145E-27,
1,1,0.03942296453744285,0.960577035462557,7.793810334384143E-17,
2,2,6.262304649668821E-6,3.547012043734264E-10,0.9999937373406492,
0,0,0.9707328096331365,0.029267179265676197,1.110118739647021E-8,
2,2,0.0020776909948496632,4.507021221225963E-6,0.9979178019839292,
1,2,9.493016064733933E-8,0.09503650506561198,0.9049634000042275,
0,0,0.98724327724682,1.624619875259E-10,0.012756722590717964,
0,2,0.027996868303572956,1.0462200421529362E-20,0.972003131696427,
1,0,0.877536582411895,0.12246341758810496,1.071151594572037E-18,
2,2,0.006745371772679657,0.0016966598702123183,0.991557968357108,
1,1,7.801007487105408E-5,0.999921989925129,4.942010510538055E-20,
0,0,0.9981180028322527,6.463008597003913E-8,0.0018819325376613614,
1,1,1.267990421780583E-4,0.9995472832469675,3.259177108545212E-4,
1,1,2.712724736565763E-4,0.9997287275123787,1.3964751431166497E-11,
0,0,0.9454136118214025,1.2159303998809823E-11,0.05458638816643833,
0,0,0.8654280239117581,5.222648277299596E-11,0.1345719760360155,
0,2,0.001439617200684775,6.259656504414307E-20,0.9985603827993152,
1,1,1.1224318070228215E-6,0.9999988757721043,1.7960885662342429E-9,
1,1,1.23405241748108E-6,0.9999987647168757,1.2307069917558842E-9,
0,1,0.38803890462796237,0.6119610953719775,6.02362189864789E-14,
1,1,0.003229515809956419,0.9967704841900408,2.8289851869835027E-15,
2,2,2.522075686994831E-7,4.7798465785508803E-8,0.9999996999939654,
1,1,0.0010496966967227597,0.9989503033032773,4.717580576398527E-19,
0,0,0.9984391729271522,4.905349494473712E-11,0.0015608270237942154,
0,2,0.3448422099121286,1.6838235870368957E-10,0.6551577899194891,
0,0,0.9999949230854885,4.87531889806765E-7,4.589382621563366E-6,
1,1,3.060461997167402E-5,0.9999693953764967,3.5316380242423274E-12,
0,1,0.2523492614961938,0.747650738503806,1.77853796936216E-16,
