3,3,2.362904456588098E-4,0.0050944824250338675,0.05440917622384251,0.5968110963965956,0.267715686552057,0.075733206294765,6.166204717813115E-8,
2,2,1.7692425805880213E-4,0.1652985071541952,0.7898661666777809,0.030539513332210718,0.004878805869976508,0.009240082704154103,3.6236432886609746E-12,
2,2,1.7692425805880213E-4,0.1652985071541952,0.7898661666777809,0.030539513332210718,0.004878805869976508,0.009240082704154103,3.6236432886609746E-12,
4,4,3.57976538397717E-5,0.002638451905592975,0.008175399647174219,0.2334308389529754,0.5953146301584382,0.15416467654115135,0.006240205140828134,
3,4,3.927574198466715E-5,0.00295269163828262,0.007117478787486413,0.24835665609841417,0.6227311906104261,0.11867634740392943,1.2635971947641244E-4,
2,2,5.152140874383127E-4,0.0010908382962198896,0.5897754275724532,0.40010320510506653,0.0076619832273014865,8.533317108929517E-4,6.276712435829995E-13,
3,2,5.901444088042248E-4,0.006611654904294424,0.5955773487787853,0.367868917029855,0.027219967792158135,0.0021319669534659836,1.3263711713217201E-10,
3,3,3.1611304991191686E-4,0.012077899458361512,0.1837509558419814,0.4948804121197582,0.2591388299948681,0.049718585613378816,1.172039217400156E-4,
3,3,3.1611304991191686E-4,0.012077899458361512,0.1837509558419814,0.4948804121197582,0.2591388299948681,0.049718585613378816,1.172039217400156E-4,
3,2,5.901444088042248E-4,0.006611654904294424,0.5955773487787853,0.367868917029855,0.027219967792158135,0.0021319669534659836,1.3263711713217201E-10,
2,2,8.081696938873237E-5,0.0026733031487633126,0.7416041983331061,0.24044695623636303,0.014518045906652736,6.766793829551073E-4,2.2770974096047682E-11,
2,2,8.081696938873237E-5,0.0026733031487633126,0.7416041983331061,0.24044695623636303,0.014518045906652736,6.766793829551073E-4,2.2770974096047682E-11,
2,2,0.006211001917500937,0.1660516062459232,0.3792076839767429,0.36597437548940576,0.08225781785808997,2.975145122691212E-4,6.816447041316663E-14,
2,2,0.007673317062361107,0.18409099520585348,0.37224285068562857,0.36314237257110865,0.07259064117046997,2.5982330451272E-4,6.567645703362458E-14,
4,3,1.258557475322114E-4,0.004381759350841795,0.16488048525186771,0.6528261215026864,0.15650243802885905,0.02128332080545369,1.931275921647496E-8,
2,3,2.4035911936084806E-5,0.029634069238980886,0.39421125955992514,0.5147177871789901,0.05874254827107289,0.0026702998171717466,2.192318104529308E-11,
2,2,6.19454516299907E-8,0.004384797560545997,0.8442497752168341,0.15135805041729852,5.6188106115098104E-6,1.6960492585468232E-6,3.9197911884705683E-17,
2,2,5.4179119092920666E-8,0.0047555153103430985,0.8293693662960571,0.1658659244708124,7.12656088894371E-6,2.0131827795574184E-6,5.78291287793424E-17,
3,4,5.407760239105207E-5,0.008149870833520936,0.05574588145526303,0.311943850527316,0.5431293891438891,0.08062570137890356,3.512290587164543E-4,
3,4,4.024816860358576E-4,0.02721041459392572,0.05239102114764698,0.3378237476694177,0.45087695961310814,0.13095280731366327,3.4256797620237783E-4,
2,2,1.1759193440324157E-5,0.060022002340683195,0.4599007391782833,0.4067092163031692,0.06275706434302568,0.010599191207919629,2.743347873982194E-8,
2,3,1.7028932662926664E-4,0.013577059985572073,0.32766113517441825,0.5655312100175236,0.09096448992160594,0.002095815569542622,4.708360899885436E-12,
4,4,7.110853475398147E-4,0.00822272464948104,0.008984673407015155,0.327901407789051,0.5295978095164122,0.12438610082191527,1.9619846858535077E-4,
3,3,0.0028667951742598814,0.09482475437806422,0.2849394623770663,0.5114867289580243,0.09847089903367379,0.007311501195132529,9.985888377906221E-5,
3,2,6.596423348628183E-5,0.006620655966832324,0.5675685529434787,0.3896683690267295,0.03364271205759552,0.002433743538624654,2.233252879159012E-9,
4,4,1.1762285898882581E-4,0.0040738181713973875,0.004984018873256892,0.11570363154656275,0.6427056437235869,0.1921492646950845,0.040266000131122685,
2,1,1.2862307043601538E-4,0.6749383760211266,0.31443945294531833,0.01035038409042855,1.401276907190568E-4,3.036181971332483E-6,2.2702037102048017E-21,
3,2,0.008690318523342606,0.01595888235007312,0.966947071033547,0.008403728093037195,3.3614996291150505E-73,4.251836621128765E-74,3.1577264719334757E-78,
4,4,1.1762285898882581E-4,0.0040738181713973875,0.004984018873256892,0.11570363154656275,0.6427056437235869,0.1921492646950845,0.040266000131122685,
3,2,3.621477767461777E-4,0.004059769312528829,0.5603750068278996,0.4135934527828334,0.018497279736419,0.0031123435629571367,6.155994453160969E-13,
3,3,1.1762217447671395E-4,0.006612047183977734,0.46367360625971304,0.47741894019981523,0.05008575839446993,0.002092023298747789,2.4887994053736305E-9,
2,4,1.1104595596168404E-4,0.018902191129624893,0.07316252049449842,0.33050312594354414,0.5216354980281911,0.05566782761764285,1.779083053691956E-5,
3,2,5.338323027631851E-4,0.016149039255976796,0.5371461173797651,0.3695746852775609,0.06435249845242262,0.012243827327993872,3.5174508454960103E-12,
3,3,2.0817371701843153E-4,0.004685744931944657,0.47073060278175927,0.478975074822146,0.038888413205270554,0.00651199050418809,3.7672854923309544E-11,
3,2,3.621477767461777E-4,0.004059769312528829,0.5603750068278996,0.4135934527828334,0.018497279736419,0.0031123435629571367,6.155994453160969E-13,
2,2,4.5391802677989396E-5,0.007242253798192916,0.6558585867838589,0.3283680840482703,0.007714029061282233,7.716545056556933E-4,6.189619379921013E-14,
3,3,0.0011335001822818619,0.007568466153262031,0.4693814025705652,0.49404546348482825,0.025279846534524728,0.0025913210710788045,3.459229165219167E-12,
2,2,2.821507028755354E-4,0.009269505829325408,0.7024052602329399,0.28712716272545424,9.158482032739765E-4,7.230613089207214E-8,2.9298825923289003E-82,
3,4,1.9088982282136253E-4,0.002283249651216692,0.0017867128485889016,0.13319513459079285,0.8013755535907917,0.061141713355921626,2.674613986689644E-5,
3,4,1.9088982282136253E-4,0.002283249651216692,0.0017867128485889016,0.13319513459079285,0.8013755535907917,0.061141713355921626,2.674613986689644E-5,
3,2,8.874074209102697E-5,5.390065594658135E-4,0.8649454512272382,0.13435015892409372,7.6594132201815E-5,4.841490940556388E-8,1.1240035966904612E-23,
3,3,8.914307585871847E-4,0.12216982835649629,0.17980430420673593,0.44605548903762643,0.21908749994905385,0.03197257727372462,1.8870417775911048E-5,
2,2,2.1053072592234877E-4,0.011204938870153081,0.5581354927779255,0.4287223941473457,0.0017233129602326003,3.33051842072924E-6,2.6394804297823014E-22,
3,2,8.874074209102697E-5,5.390065594658135E-4,0.8649454512272382,0.13435015892409372,7.6594132201815E-5,4.841490940556388E-8,1.1240035966904612E-23,
1,2,1.192252875052658E-4,0.01020307455917099,0.659629327868391,0.3110564972696605,0.018503563308278417,4.883115656036075E-4,1.4139009745883588E-10,
1,2,1.192252875052658E-4,0.01020307455917099,0.659629327868391,0.3110564972696605,0.018503563308278417,4.883115656036075E-4,1.4139009745883588E-10,
2,3,3.25992219238227E-5,0.006246177568670557,0.09437678600967797,0.486727423340497,0.3271870271860491,0.08542939268065589,5.939925257160896E-7,
2,3,0.002220105743118437,0.05172131143476634,0.2819872654258448,0.5317511670735112,0.12490889058066881,0.007360672204104055,5.0587537986278724E-5,
2,2,1.1071390170909065E-4,8.084343599778448E-4,0.5983316051813361,0.3839672208682785,0.015981947096761512,8.000782734776498E-4,3.184593308404563E-10,
2,2,1.1071390170909065E-4,8.084343599778448E-4,0.5983316051813361,0.3839672208682785,0.015981947096761512,8.000782734776498E-4,3.184593308404563E-10,
3,4,5.487744505603795E-5,0.001720709221492385,0.01588617768506072,0.3152929441875711,0.49736907379805484,0.16956656289565478,1.0965476711019288E-4,
2,2,1.1071390170909065E-4,8.084343599778448E-4,0.5983316051813361,0.3839672208682785,0.015981947096761512,8.000782734776498E-4,3.184593308404563E-10,
2,3,1.4671501736580097E-4,0.00801096580649609,0.3915883108092416,0.4734893134473869,0.10659170209077028,0.020172979996712446,1.2832026783934244E-8,
1,2,0.0020121887762520898,0.11741070249584677,0.4687307412200747,0.3262528541456308,0.08071063002960652,0.004877889028427387,4.994304161624377E-6,
1,2,0.0020121887762520898,0.11741070249584677,0.4687307412200747,0.3262528541456308,0.08071063002960652,0.004877889028427387,4.994304161624377E-6,
3,2,7.090184899247677E-4,0.01908476819550499,0.4970576976660434,0.4564317226006043,0.02502392052461681,0.0016928722444558037,2.788500449776564E-10,
3,2,4.30601100889478E-4,0.005596991105984766,0.7405468169020821,0.24666701586713616,0.006423237295827067,3.353377280739749E-4,6.3780770129844125E-15,
3,2,6.813322059175066E-4,0.005093269292012671,0.6219509768965416,0.34917902094959413,0.018136843263055577,0.004958557382270817,1.0607822748142076E-11,
4,4,3.0448407576618757E-5,2.3898613970947801E-4,2.100114860196301E-4,0.03959381882356324,0.49789525560546305,0.30279381516865883,0.15923766436900907,
3,3,6.489306548509017E-5,0.003419321585930226,0.43394120579912915,0.5015334004140795,0.05288463363933881,0.00815654298340949,2.512627842373713E-9,
2,3,6.177936320944156E-5,0.027406658668724607,0.44334650388761493,0.5207874617102151,0.0081853405736718,2.1225579073598673E-4,5.8281586235344986E-12,
3,2,1.2508688214770506E-4,0.005316622968792642,0.4808231140428605,0.47665698108824617,0.03110631169314708,0.005971883270413519,5.439236692521169E-11,
3,2,4.620113126987175E-4,0.002878199147748927,0.724951922872055,0.27097936762585634,6.930728408686026E-4,3.5426200772413176E-5,1.6999189326782859E-18,
3,4,3.0182529488782307E-4,0.02787750934416414,0.05622785113480843,0.3154013162954488,0.5032887852319662,0.09689666611086407,6.046587860293466E-6,
2,4,4.091014605707538E-4,0.032877050803539254,0.2226577973009506,0.3490823295992915,0.3610190487790569,0.03393153310568791,2.3138950903011135E-5,
4,4,3.4624618200407E-5,3.171637347937397E-4,2.5610872897907985E-4,0.0491530306378807,0.5448448662105279,0.3091903140115877,0.09620389205803054,
4,4,0.006670913412339395,0.025272742339868887,0.0037174572213837737,0.19182923260005827,0.7402568528988166,0.03225279235082256,9.176710437026097E-9,
3,3,8.425223496217311E-5,0.01004432621996139,0.10164542468048086,0.41670404213576606,0.3912282027119726,0.08028792995497194,5.82206188485396E-6,
3,2,0.005440407198964921,0.02279013711795127,0.9342390912362426,0.035587307573673614,0.0011627806313203668,7.802762418471402E-4,3.757782666927533E-17,
4,4,0.006670913412339395,0.025272742339868887,0.0037174572213837737,0.19182923260005827,0.7402568528988166,0.03225279235082256,9.176710437026097E-9,
2,2,1.252439311556418E-4,0.003475488381470217,0.6582036112277481,0.3359874947807898,0.0015529609368756042,6.552007418296479E-4,1.3094730161505628E-13,
2,2,2.1307440332791433E-4,0.007517156750958255,0.8518319048782345,0.1360820105098014,0.00413803970602198,2.178137515506271E-4,1.0539050187450669E-13,
4,4,1.7534493906649898E-5,5.714985171413636E-4,9.501239054965598E-4,0.09939537338194594,0.6438668316551756,0.24890875543991323,0.006289882606420712,
5,2,0.0025720574198952006,0.03410175074723237,0.8578492801139563,0.10547690722291005,4.496005967403044E-9,2.469754610010949E-74,6.602249170014908E-79,
2,3,3.574243366160438E-4,0.004972404361162828,0.0170894589929096,0.5546878695705212,0.3783407759424331,0.04455195229893493,1.144974224147173E-7,
2,2,2.1307440332791433E-4,0.007517156750958255,0.8518319048782345,0.1360820105098014,0.00413803970602198,2.178137515506271E-4,1.0539050187450669E-13,
5,2,0.0025720574198952006,0.03410175074723237,0.8578492801139563,0.10547690722291005,4.496005967403044E-9,2.469754610010949E-74,6.602249170014908E-79,
4,4,1.7534493906649898E-5,5.714985171413636E-4,9.501239054965598E-4,0.09939537338194594,0.6438668316551756,0.24890875543991323,0.006289882606420712,
3,4,6.277388134900646E-5,0.008526691221945965,0.04655085835138648,0.30026444326634355,0.5315364623863365,0.11227459739466436,7.841734979741856E-4,
3,4,5.3451959877829856E-5,0.009576757760107147,0.053176430616473966,0.32339610792107,0.4996294066602318,0.11402572202470487,1.4212305753440424E-4,
2,2,2.296650255781968E-5,0.01902242031312179,0.8584062840746679,0.11727734624026244,0.004292388998449608,9.785938539362926E-4,1.7004232949355202E-11,
3,3,3.60182769718512E-5,0.014568849368422412,0.10713060887745351,0.6687716639897106,0.1201330004632068,0.08935774040949973,2.118614735160507E-6,
1,2,0.0027148707182093265,0.3128353085223199,0.6537374237649975,0.022904834837000624,0.005900081286407493,0.0019074808710094365,5.5681708530372755E-14,
1,2,0.0027148707182093265,0.3128353085223199,0.6537374237649975,0.022904834837000624,0.005900081286407493,0.0019074808710094365,5.5681708530372755E-14,
2,3,1.415962538959023E-4,0.002803321954180134,0.1381721278002713,0.5805408206308722,0.22752990513311677,0.05081126547905741,9.627486064909333E-7,
4,4,9.935018681460319E-5,0.009475279798521651,0.030739563565905376,0.24987876474467444,0.6283636827518457,0.08123966080177228,2.0369815046609652E-4,
3,3,0.0026712307393720607,0.04994250336027042,0.21413826203668593,0.598421573168294,0.12528114549658423,0.009517743156423359,2.7542042369994603E-5,
3,2,1.2744537312062967E-4,0.003738740695779716,0.7291579860482583,0.25312935339339016,0.013376941063962285,4.695331864664737E-4,2.3902247431473885E-10,
3,2,1.5880467939232305E-5,0.018414337420914535,0.4542004531227945,0.4534955040600074,0.05910462938722815,0.014765954713359055,3.2408277571565263E-6,
3,2,1.5880467939232305E-5,0.018414337420914535,0.4542004531227945,0.4534955040600074,0.05910462938722815,0.014765954713359055,3.2408277571565263E-6,
2,3,5.519124528297572E-5,0.02721861021878641,0.09212041721490341,0.4318351313882673,0.3729537912319132,0.07414425463907076,0.0016726040617759859,
2,3,0.002618991115951805,0.015799102731112402,0.37742805885516223,0.5603009879594337,0.03976418448685465,0.004087275399292423,1.3994521928326824E-6,
3,3,0.0026712307393720607,0.04994250336027042,0.21413826203668593,0.598421573168294,0.12528114549658423,0.009517743156423359,2.7542042369994603E-5,
2,3,0.0021540751133186,0.027406126146081695,0.3297623533999125,0.5665613567180546,0.06869600319571897,0.005407860542418811,1.2224884494673133E-5,
3,2,1.2744537312062967E-4,0.003738740695779716,0.7291579860482583,0.25312935339339016,0.013376941063962285,4.695331864664737E-4,2.3902247431473885E-10,
3,4,5.6112724089618066E-5,0.004375722585673223,0.016899266419353746,0.16885597293176322,0.5956180446532683,0.1832803997249957,0.030914480960856135,
3,4,5.615063580212761E-5,0.005649687642402461,0.014935783520857877,0.29171804875854757,0.5722866948281703,0.11525620769029997,9.742692391975814E-5,
2,2,9.719312052590489E-4,0.09203739198386396,0.7059302849634347,0.13227770855540386,0.04784673016145491,0.020935952717303096,4.1328044996718485E-10,
2,2,2.0941202335127167E-5,0.04068621176349491,0.49455451247771076,0.4007948982669002,0.05774172792607849,0.0062017009643181124,7.399162570299649E-9,
3,2,3.3847449559206127E-4,0.004152086092411313,0.5295239319367997,0.44687847286345694,0.01598534365790727,0.0031216909512653515,2.5673787179445E-12,
2,2,1.7009023171685444E-4,8.437680722364778E-4,0.6217712554194281,0.37460725048738347,0.002526578274559943,8.105751467493134E-5,2.956037878389525E-16,
2,2,2.0941202335127167E-5,0.04068621176349491,0.49455451247771076,0.4007948982669002,0.05774172792607849,0.0062017009643181124,7.399162570299649E-9,
3,2,3.3847449559206127E-4,0.004152086092411313,0.5295239319367997,0.44687847286345694,0.01598534365790727,0.0031216909512653515,2.5673787179445E-12,
2,2,1.7364218613437322E-4,0.03263323036698003,0.7744673079142269,0.1834808700862356,0.00869330334830232,5.516442468863738E-4,1.8512345792708555E-9,
4,4,2.0791139453092434E-4,0.0021695826989460735,0.005816270888841403,0.32824565830195973,0.4945252936024751,0.16903521538746932,6.772577737794564E-8,
4,3,3.327941277013623E-4,0.0025498900918448585,0.00893047527276888,0.43903373628821823,0.39813437418581754,0.1510186243892896,1.0564435959471347E-7,
4,4,2.0791139453092434E-4,0.0021695826989460735,0.005816270888841403,0.32824565830195973,0.4945252936024751,0.16903521538746932,6.772577737794564E-8,
2,2,8.746990359818361E-6,0.002547773812971695,0.7137341444623202,0.2831676577502649,4.872748678724626E-4,5.4402116083814E-5,1.2710997920794228E-13,
4,3,3.327941277013623E-4,0.0025498900918448585,0.00893047527276888,0.43903373628821823,0.39813437418581754,0.1510186243892896,1.0564435959471347E-7,
4,4,2.0791139453092434E-4,0.0021695826989460735,0.005816270888841403,0.32824565830195973,0.4945252936024751,0.16903521538746932,6.772577737794564E-8,
2,2,8.212617357499356E-6,0.06971542226247336,0.5590583767242162,0.3711452695214258,7.264699482694152E-5,7.187970011876175E-8,4.309939457180326E-80,
3,4,4.6534904554123435E-4,0.016771180268229182,0.02623926423341502,0.20605388282030052,0.6747046204143199,0.07445471039690099,0.0013109928212932556,
2,2,5.281392571127342E-5,0.007914712674212643,0.5340291227423469,0.399581700106336,0.05628261960493614,0.002139030443035931,5.034210599749376E-10,
3,4,4.6534904554123435E-4,0.016771180268229182,0.02623926423341502,0.20605388282030052,0.6747046204143199,0.07445471039690099,0.0013109928212932556,
2,2,8.212617357499356E-6,0.06971542226247336,0.5590583767242162,0.3711452695214258,7.264699482694152E-5,7.187970011876175E-8,4.309939457180326E-80,
3,3,2.602185628230061E-4,0.07292088149942555,0.24650960935522243,0.36291994057555255,0.27910861828223293,0.038280731150409864,5.743338145396061E-10,
2,2,3.502830525243364E-4,0.0016546000701945542,0.932250531815877,0.06563878427858823,9.764459988770395E-5,8.156182928216048E-6,1.9378215884223656E-22,
4,4,1.8684863906727502E-4,0.0014419368814170247,3.634605934020055E-4,0.08316260333838663,0.790868594631745,0.11345121390604343,0.010525342009938599,
2,4,2.7154979275068375E-5,0.0011433525245069618,0.0042610109845917735,0.15730746883083058,0.556772400485388,0.2100108473145374,0.07047776488087006,
3,2,4.0870110869976943E-4,0.004265319192849211,0.555378136836386,0.4110024626643783,0.02465144372976565,0.004293936454688036,1.3233178826859389E-11,
3,3,4.169131523120275E-5,0.008191551895275574,0.11101070737324803,0.477482054848186,0.3444039832080233,0.05874236701119634,1.2764434883943845E-4,
2,4,2.7154979275068375E-5,0.0011433525245069618,0.0042610109845917735,0.15730746883083058,0.556772400485388,0.2100108473145374,0.07047776488087006,
3,4,4.503344178415818E-5,3.3387230106242464E-4,1.2204500258911618E-4,0.032826653803273896,0.6910880402708791,0.2689466380233957,0.0066377171570157255,
2,4,0.0012554091609534184,0.10890589535651223,0.10970486380703587,0.36886121049543485,0.37427492215944114,0.036995885883513414,1.8131371092797086E-6,
2,3,1.8511677226941612E-4,0.013901075175504261,0.39564030030572106,0.40341608853667,0.15671819672984605,0.03013906590374009,1.5657624915419328E-7,
2,3,4.2112576008083427E-4,0.006385226271510797,0.19158990004588752,0.6130103223198691,0.1424086753617876,0.046182375650258095,2.374590606069662E-6,
3,2,0.0034272575311511946,0.00218295735800751,0.8312248036875898,0.1622298289270162,8.249598172952417E-4,1.1019267890312995E-4,3.6779225874293774E-14,
2,2,0.0018587006231821897,0.0022807996887309716,0.7681966204086337,0.2253515496544317,0.0018485381349491725,4.6379149006243304E-4,9.77666383867919E-15,
2,2,4.259737133869452E-4,0.0032541352278339813,0.5564666705257898,0.4140840944082965,0.021160286998802635,0.004608839071987027,5.390301075858212E-11,
4,4,1.854119709929162E-4,2.4639637606483234E-4,5.384835409458737E-5,0.06261935273706921,0.5676578691462895,0.12523363909045637,0.24400348232503252,
3,2,0.011710576571800765,0.024239235376769128,0.9627170064610625,0.0013331815903676512,1.0938423479070513E-72,2.2968249012026813E-73,6.645316438651957E-77,
2,2,2.1950978878981436E-4,9.215462311714274E-4,0.6120135329756162,0.3802945696199205,0.006342648676456488,2.0819270737557072E-4,6.698969310532895E-13,
4,2,2.116636868621017E-4,0.007342770137632633,0.6649307445308504,0.32126624443404,0.006231412463594281,1.7164747020733968E-5,9.331304196814103E-19,
4,2,2.116636868621017E-4,0.007342770137632633,0.6649307445308504,0.32126624443404,0.006231412463594281,1.7164747020733968E-5,9.331304196814103E-19,
4,2,2.116636868621017E-4,0.007342770137632633,0.6649307445308504,0.32126624443404,0.006231412463594281,1.7164747020733968E-5,9.331304196814103E-19,
4,2,2.116636868621017E-4,0.007342770137632633,0.6649307445308504,0.32126624443404,0.006231412463594281,1.7164747020733968E-5,9.331304196814103E-19,
4,2,2.116636868621017E-4,0.007342770137632633,0.6649307445308504,0.32126624443404,0.006231412463594281,1.7164747020733968E-5,9.331304196814103E-19,
4,2,2.116636868621017E-4,0.007342770137632633,0.6649307445308504,0.32126624443404,0.006231412463594281,1.7164747020733968E-5,9.331304196814103E-19,
3,3,4.957981501270863E-4,0.08877126503820046,0.1632111241059532,0.4143952728192493,0.2765562928095997,0.056567948938519255,2.298138350956258E-6,
4,2,2.116636868621017E-4,0.007342770137632633,0.6649307445308504,0.32126624443404,0.006231412463594281,1.7164747020733968E-5,9.331304196814103E-19,
1,1,1.1572531886564571E-4,0.725872223637422,0.27068960994582736,0.0032188062342466965,8.85267454865897E-5,1.5108118151688713E-5,2.738428888348979E-22,
3,3,8.172185118896157E-5,0.004300703805242226,0.3112650700159585,0.5804505269017854,0.0930158013631435,0.010886174561185047,1.5014963553842002E-9,
4,3,2.836365593409661E-4,0.016172718453500365,0.061175864658838196,0.6166358464633097,0.29574195087849103,0.009989982245263792,7.412560681344156E-10,
2,4,7.12722981609311E-5,0.005809872182179783,0.03370122470327082,0.26566876480384377,0.5542723315063677,0.13926756535612228,0.0012089691500547528,
2,3,9.789004758757316E-5,0.0027251009240614856,0.13546428040627898,0.603996357393048,0.21844461367666518,0.03927145970028134,2.978520774354399E-7,
4,4,9.929456712491809E-4,0.0077721556571730445,9.519046427768865E-7,0.008544617550681408,0.4936501430828102,0.48903914978341595,3.635002741200442E-8,
2,1,0.00833919508971156,0.42560401434624123,0.2796662089791989,0.09531877540772717,0.10711854580071446,0.08395320062510045,5.975130609513101E-8,
2,3,3.8145868059892904E-4,0.020835120713817903,0.2010953851876199,0.6136748830636001,0.15024953203151373,0.01376362026946658,5.3382976026685783E-11,
3,4,1.3861769570159052E-4,5.272811589567317E-4,7.54487620316415E-4,0.13654505804472,0.6902451473334438,0.1674498990031386,0.004339509143722979,
2,3,3.8145868059892904E-4,0.020835120713817903,0.2010953851876199,0.6136748830636001,0.15024953203151373,0.01376362026946658,5.3382976026685783E-11,
3,2,3.2483377759365696E-4,0.0011165756012463846,0.6820468623162141,0.30849359065797627,0.006967562696973758,0.0010505749145772196,3.54184827686071E-11,
4,4,4.180787460551418E-5,0.0011952064566765452,0.0012947422236622736,0.1415704469263754,0.6363718790825872,0.2195257124255059,2.05010587155946E-7,
2,2,4.7267623004545176E-4,0.0011210208018044728,0.6181007356588352,0.37195626521437153,0.007092571217869344,0.0012567306311631354,2.4591078941670717E-10,
3,4,1.3861769570159052E-4,5.272811589567317E-4,7.54487620316415E-4,0.13654505804472,0.6902451473334438,0.1674498990031386,0.004339509143722979,
4,4,4.524219992632143E-5,0.0016931005762683732,0.0032863540961454232,0.12806784497641022,0.6309598987886164,0.16279419033032075,0.07315336903231263,
4,4,4.524219992632143E-5,0.0016931005762683732,0.0032863540961454232,0.12806784497641022,0.6309598987886164,0.16279419033032075,0.07315336903231263,
3,4,0.018821782204912044,0.027449400706444874,0.0027374123952877923,0.17700655752759403,0.7174018644236475,0.05656856362187211,1.4419120241721574E-5,
3,4,1.0917232849108816E-4,0.007639047912117656,0.029805616040888737,0.37676713066448153,0.5107990298809311,0.07456057101489044,3.1943215819940353E-4,
3,3,0.003890546150147517,0.016205661131387036,0.26648878707786033,0.6620045950228587,0.04588711096160515,0.005523249235450955,5.042069037219541E-8,
3,3,8.817105537041787E-4,0.0053731034922905345,0.28818323601672596,0.6317794591134678,0.06517817668278116,0.008604312114072806,2.0269575611692253E-9,
3,4,0.018821782204912044,0.027449400706444874,0.0027374123952877923,0.17700655752759403,0.7174018644236475,0.05656856362187211,1.4419120241721574E-5,
2,3,7.53322622881485E-5,0.004508686062242646,0.382585029970901,0.5839541433363126,0.02747887824884893,0.001397930118044608,1.3621935998510796E-12,
2,2,5.330371103181533E-4,0.004032167835725612,0.6354578546531312,0.3448099052999807,0.01224800001749168,0.0029190350814908648,1.861721833968249E-12,
4,4,4.524219992632143E-5,0.0016931005762683732,0.0032863540961454232,0.12806784497641022,0.6309598987886164,0.16279419033032075,0.07315336903231263,
2,2,5.205232672573564E-5,0.013999199603063362,0.6900044317733619,0.2791450327694527,0.015681896014265673,0.0011173873583415694,1.5478922566710558E-10,
2,4,1.4939960696443977E-4,0.001332031691040186,5.055718035573557E-4,0.08498892386026387,0.6510281894386197,0.14824281995540575,0.11375306364414858,
4,3,8.348732491919159E-5,0.0024243661870758148,0.10278675935014375,0.6534183583801946,0.20472536740049155,0.03656133513933333,3.2621784175594966E-7,
4,3,8.348732491919159E-5,0.0024243661870758148,0.10278675935014375,0.6534183583801946,0.20472536740049155,0.03656133513933333,3.2621784175594966E-7,
4,3,8.348732491919159E-5,0.0024243661870758148,0.10278675935014375,0.6534183583801946,0.20472536740049155,0.03656133513933333,3.2621784175594966E-7,
4,4,4.047199550408603E-5,0.002150546254566963,0.011679746892658886,0.2461158029711721,0.5064497952301672,0.21498318061861948,0.018580456037311326,
3,2,1.9782964541578162E-4,0.019097135158507795,0.5808995843271214,0.35860576353742013,0.040617607111946494,5.820802184241726E-4,1.1641806153503212E-12,
2,2,1.0757405257132494E-4,3.119006310045295E-4,0.7888908413263637,0.20644631552714496,0.004041796944070679,2.0157151116578564E-4,7.67892692025893E-12,
2,2,5.205232672573564E-5,0.013999199603063362,0.6900044317733619,0.2791450327694527,0.015681896014265673,0.0011173873583415694,1.5478922566710558E-10,
4,4,4.047199550408603E-5,0.002150546254566963,0.011679746892658886,0.2461158029711721,0.5064497952301672,0.21498318061861948,0.018580456037311326,
4,3,8.348732491919159E-5,0.0024243661870758148,0.10278675935014375,0.6534183583801946,0.20472536740049155,0.03656133513933333,3.2621784175594966E-7,
2,4,1.4939960696443977E-4,0.001332031691040186,5.055718035573557E-4,0.08498892386026387,0.6510281894386197,0.14824281995540575,0.11375306364414858,
2,2,0.04824392259139978,0.03760696948801968,0.5464082218002897,0.3652571606047675,0.0015031355637403433,9.805895462825362E-4,4.055004493859409E-10,
4,4,9.429424828909001E-5,0.007753219799927795,0.03271810977119981,0.3634322179428002,0.4886614540419337,0.10395295449572697,0.003387749700122348,
4,4,6.164056914819361E-5,0.007056876942064225,0.026125063757682806,0.339962751939198,0.4768960361753888,0.14769702696450823,0.0022006036520099033,
3,3,2.7455179279915135E-4,0.006566037745002273,0.27220163971530664,0.6408053875576232,0.0681620752217383,0.011990307925604954,4.192554380968138E-11,
2,1,3.2827115764681833E-4,0.8302618565164616,0.15149187765098854,0.015394632269837649,1.519817402624152E-4,0.002371380664803175,1.3270329536877521E-19,
3,4,7.621595234049237E-4,0.06248558905440198,0.08116846866319888,0.1462790446503505,0.43054204611813907,0.2726988763810875,0.006063815609417326,
4,4,2.9844202590179996E-4,0.003677075424505769,0.0064058297825630005,0.2686900803714402,0.6016129047051838,0.04672504718833958,0.07259062050206581,
2,2,4.132989914733271E-4,0.002225124487711206,0.955769489022722,0.0415107031088095,8.006100552879551E-5,1.3233837551753258E-6,5.459818430522098E-22,
2,2,8.162647715597285E-5,0.003281127408976909,0.5394318341105855,0.4088380065585292,0.043793462950844374,0.00457393238431801,1.010958994831016E-8,
2,3,1.7718217177745265E-5,0.05967524982111419,0.3852597231344748,0.5549637793673379,8.07114987742448E-5,2.817961121136014E-6,2.6367237206240435E-22,
3,4,0.0018608709957965972,0.0027477510421919002,2.0723270978551144E-4,0.14595091484428208,0.8251220504939895,0.02411112433846634,5.557548802095431E-8,
2,2,8.162647715597285E-5,0.003281127408976909,0.5394318341105855,0.4088380065585292,0.043793462950844374,0.00457393238431801,1.010958994831016E-8,
2,3,1.7718217177745265E-5,0.05967524982111419,0.3852597231344748,0.5549637793673379,8.07114987742448E-5,2.817961121136014E-6,2.6367237206240435E-22,
3,4,1.0618579422395154E-4,0.001242325593437156,0.0012416980257562368,0.13670736036386474,0.6430461861582227,0.1977713799661775,0.01988486409831789,
3,4,0.004759731106840704,0.02519117752998731,0.006332349681904917,0.3236595463190569,0.554758685810204,0.08523841556365663,6.009398834933145E-5,
3,4,8.365232776479831E-5,0.001309720322902121,9.254347718270224E-4,0.10217993461481265,0.7605692889685528,0.1296318706022698,0.0053000983918706735,
2,3,2.1251942306277978E-4,0.0016084424873197087,0.3121138010067668,0.6035280562173813,0.06557748877812923,0.016959684150419728,7.936920589888254E-9,
2,3,9.249525642582488E-4,0.09022978263703933,0.11698895556776512,0.6784093591342301,0.11320004012865856,2.46909968038914E-4,9.928206960384711E-15,
2,3,1.8627673418464678E-4,0.034673666483454296,0.2926292413192017,0.47644398453474224,0.17357583140151475,0.022486101860568496,4.897666333781879E-6,
3,2,0.0027183290198385126,0.009558019405406083,0.9308120627988699,0.056911588166590074,6.092955166821662E-10,4.326378919772473E-75,2.8140789020576693E-81,
4,4,5.086947445803866E-5,0.009410146315417749,0.07807809645579789,0.39292658565475286,0.4371354199515037,0.08239831769354393,5.64454525911845E-7,
4,4,0.0014524782972041,0.02537371632023242,0.0016118836406632685,0.17768214512735042,0.7668772162334873,0.027002560192263242,1.8879928388390485E-10,
2,3,5.5527016078139856E-5,0.008372800072886093,0.09143735424380951,0.4085104320635298,0.37505181991817615,0.1165650629808456,7.00370467468318E-6,
3,3,8.098639769691749E-5,0.0036331374477917033,0.3383890338925893,0.6012647886188085,0.05472669558514819,0.0019053577818079095,2.761573720545269E-10,
3,2,0.0027183290198385126,0.009558019405406083,0.9308120627988699,0.056911588166590074,6.092955166821662E-10,4.326378919772473E-75,2.8140789020576693E-81,
2,2,2.104458071335781E-4,0.011301226866480496,0.6024913376641128,0.3739791342023119,0.011938281550801427,7.957390915751326E-5,2.2509605700709905E-15,
2,1,0.0029293703525317292,0.8813744266621452,0.11509345103882088,4.920637503093414E-4,9.063108152473921E-5,2.0057114668132267E-5,2.4594292531741735E-24,
4,4,3.828667383604106E-4,1.3798122547577343E-4,2.3594983533503123E-5,0.03939148483381694,0.8487674486767907,0.10878925268158311,0.002507370860439787,
2,2,9.137666783898838E-5,0.003652654673202691,0.5688501765414208,0.38010693621397446,0.04366967546099922,0.0036291765996447206,3.842918945268377E-9,
2,2,0.14240071570795867,0.01533950392977656,0.8167046967218008,0.025554867527975166,2.1595389617692623E-7,1.5859275970244153E-10,6.662439160741834E-152,
2,3,7.291462933951142E-4,0.009014070512616861,0.25024807111623354,0.6799625467789365,0.04588442331553149,0.014161741966551688,1.673456309613107E-11,
1,3,3.11729997198749E-4,0.008514448904144434,0.10994282790729397,0.6868539331762027,0.16842820446739443,0.02594885552106957,2.6696048426997756E-11,
4,4,4.970528285235565E-5,0.0018458921724603674,0.003856721765057621,0.27327898464384737,0.5857032958000945,0.13526509284794733,3.0748774031237153E-7,
4,3,2.7242282073480285E-4,0.003330678208438818,0.21782117527901745,0.7345606178352199,0.03882744900759701,0.005187656827116695,2.1875204692779525E-11,
3,4,6.0127653447659666E-5,3.4938262942383095E-4,9.580552460551596E-5,0.03170141676302713,0.6896144505537194,0.27413653059893267,0.0040422862768438005,
3,2,1.7864648211734683E-4,0.014165001391286505,0.5962366372075124,0.3710161848549466,0.018303558443972814,9.997162015910057E-5,5.2776051091221046E-15,
3,4,8.971393387963112E-5,0.0022063521504737033,0.01455176568812534,0.3079686664767334,0.5050757943100576,0.17009884506077205,8.862379958193132E-6,
3,4,8.102118181149626E-5,0.0022386742046577373,0.009183081440611487,0.22078368898251588,0.6968276422978404,0.07088450313263955,1.388759923374733E-6,
5,4,0.001153600155867435,0.030267462824411374,0.01564160959773879,0.23981254079971434,0.6707281622999756,0.04239632569444002,2.9862785257317117E-7,
4,4,2.8334584549021577E-5,1.2976145707716184E-4,6.351537636611634E-5,0.03428748509599534,0.5581150452915851,0.2844574369959093,0.1229184211985179,
2,2,0.0019754769749811612,0.09152009102459123,0.5859075401713869,0.28545328340173337,0.03289307829760827,0.00225039612566496,1.3400403419104368E-7,
4,5,2.332262877205149E-5,2.0886640043958717E-5,2.9965121769952677E-6,0.007962329708492553,0.34452541023096583,0.35487858205092276,0.2925864722286259,
4,4,3.3642061264567056E-5,0.004466740198974803,0.00776328118992903,0.1722289126445084,0.6216862550799953,0.19377120506772869,4.9963757599338314E-5,
3,1,0.2283827018539781,0.7376389315958061,4.417191830345884E-6,2.7397699951916806E-4,0.014582197549877414,0.019117774808989012,2.255743721858798E-18,
2,3,8.68496970792202E-5,0.00462616968604242,0.40439521839774567,0.5063195511352319,0.07507866102112717,0.009493545281404824,4.7813688635606E-9,
4,5,2.332262877205149E-5,2.0886640043958717E-5,2.9965121769952677E-6,0.007962329708492553,0.34452541023096583,0.35487858205092276,0.2925864722286259,
4,4,1.650030388508814E-5,1.7248522975812045E-5,2.696753821284859E-6,0.009932300703593635,0.40012432578681295,0.3426601630462606,0.24724676488265068,
4,2,1.0646737127402712E-4,0.003978281683296488,0.4742528747069358,0.4505341663628887,0.06554087892504624,0.005587329702143924,1.2484147899786723E-9,
3,4,0.061803687480862596,0.12081849767721597,0.009488767888107943,0.1381682612076366,0.5654929653586395,0.10422468054959697,3.1398379403541457E-6,
4,4,3.643043934617568E-4,0.03669172379204126,0.12725858949404878,0.34252220260712263,0.47615131384523757,0.017011845500334955,2.0367753048077267E-8,
4,4,2.939813396398303E-4,0.028763357569421864,0.10972838989782785,0.3629837465732829,0.484404016714617,0.013826495471759423,1.2433451080446937E-8,
3,4,1.3457565031395032E-4,0.004571459005433334,0.002652611448745554,0.12074722318662215,0.7662217016186278,0.10567189181731575,5.372729415300098E-7,
3,4,3.8463968276364505E-5,3.1830658548029855E-4,4.4506668558990894E-4,0.06639640580310828,0.6720026532141052,0.2514785026019384,0.009320601141501447,
2,3,4.330198236745082E-5,0.03818215286707788,0.3536214482398464,0.4299886102507893,0.15911471604153488,0.019049573699510675,1.969188733456073E-7,
3,3,1.0301992391938483E-4,0.016019942338258895,0.3249092501859449,0.44737105560958845,0.1937273757413251,0.017867735080507825,1.6211204554522891E-6,
3,4,3.006188304071447E-4,1.1085229478179655E-4,1.9452826099332793E-5,0.03887381654491782,0.7713548675254491,0.18908207937061292,2.583126077320543E-4,
3,2,1.5584769092811233E-4,0.005491952095960086,0.5184405245571252,0.4617211025968595,0.014128889096226381,6.168396290061199E-5,3.400915495068555E-17,
3,4,4.908088434233385E-4,0.0069337058412604615,0.010804798898457632,0.2759341942389114,0.6203384870918891,0.08403650136981018,0.0014615037162476828,
2,3,4.330198236745082E-5,0.03818215286707788,0.3536214482398464,0.4299886102507893,0.15911471604153488,0.019049573699510675,1.969188733456073E-7,
3,4,2.6708156663939162E-5,0.001446190042171368,0.0049296741220883535,0.16414433792050487,0.6021844891851142,0.1943686054707567,0.03289999510270053,
4,4,8.59987814579066E-5,0.0029589521897028233,0.007041744006503246,0.14801143236187508,0.7136613298461455,0.12762686387357083,6.136789407447273E-4,
3,4,3.006188304071447E-4,1.1085229478179655E-4,1.9452826099332793E-5,0.03887381654491782,0.7713548675254491,0.18908207937061292,2.583126077320543E-4,
2,2,1.6640534549474867E-4,0.003543327587616766,0.4793425019006039,0.46685478600537195,0.04240037523058915,0.007692602836478541,1.0938449168482731E-9,
3,2,1.5584769092811233E-4,0.005491952095960086,0.5184405245571252,0.4617211025968595,0.014128889096226381,6.168396290061199E-5,3.400915495068555E-17,
3,3,1.0301992391938483E-4,0.016019942338258895,0.3249092501859449,0.44737105560958845,0.1937273757413251,0.017867735080507825,1.6211204554522891E-6,
3,3,6.192314930178552E-5,0.0183054344139975,0.259970874192169,0.3977425141286221,0.2895048306561451,0.03439737813964678,1.7045320117930238E-5,
3,4,1.2827426869071188E-4,0.008382887817484254,0.10519638035713229,0.37410932942926967,0.42751464553094587,0.08205914273154039,0.002609339864936745,
3,3,3.228822414168367E-4,0.02183748198728473,0.22927178907069706,0.43535244957829533,0.2953560771629889,0.01785806621324628,1.2537460707040428E-6,
3,4,2.446228313644804E-5,0.005603151564198197,0.04131280905201281,0.32273746293131506,0.5042052969986854,0.1254252021023434,6.916150683085824E-4,
3,4,1.2827426869071188E-4,0.008382887817484254,0.10519638035713229,0.37410932942926967,0.42751464553094587,0.08205914273154039,0.002609339864936745,
3,4,1.2242822472886188E-4,0.004660421463798324,0.0232604003327512,0.3311463829974494,0.49459829076108164,0.12391191431456415,0.022300161905626538,
3,2,5.314911719929909E-5,0.0010509493686882165,0.713836552573373,0.2827898824612774,0.002211221697110896,5.8244782350692375E-5,2.785390044706498E-16,
2,4,1.0987779026793905E-4,0.009209503234126705,0.022603283449088688,0.2602872034439749,0.6213224730093292,0.08632414576820531,1.4351330500726118E-4,
3,3,3.228822414168367E-4,0.02183748198728473,0.22927178907069706,0.43535244957829533,0.2953560771629889,0.01785806621324628,1.2537460707040428E-6,
3,3,6.192314930178552E-5,0.0183054344139975,0.259970874192169,0.3977425141286221,0.2895048306561451,0.03439737813964678,1.7045320117930238E-5,
4,4,0.0028419560030367736,0.06255963796641004,0.01523884035371976,0.08611312193099022,0.5533317396840616,0.2788686724985923,0.0010460315631892984,
2,2,1.2014600667540349E-4,0.0010134658009286572,0.5866956751767033,0.38269602926679724,0.026732214800777757,0.002742424464668457,4.4483449237792565E-8,
2,2,1.2014600667540349E-4,0.0010134658009286572,0.5866956751767033,0.38269602926679724,0.026732214800777757,0.002742424464668457,4.4483449237792565E-8,
2,2,1.2014600667540349E-4,0.0010134658009286572,0.5866956751767033,0.38269602926679724,0.026732214800777757,0.002742424464668457,4.4483449237792565E-8,
3,2,0.3665362354950246,0.0022287647263399377,0.6311640806965771,7.091908205850728E-5,8.74270842335948E-73,1.5952314753733607E-73,1.6258037872194089E-80,
3,2,0.30265580470148845,0.0026375720776454256,0.6946180778581543,8.854536271182485E-5,1.2886930185792582E-72,2.2780156418165452E-73,4.110628825908997E-80,
3,2,5.906504675759643E-4,0.0038097843806532833,0.5253094939322863,0.45534810466207193,0.013572174681382096,0.0013697918757914504,2.3889228254294944E-13,
2,2,1.2014600667540349E-4,0.0010134658009286572,0.5866956751767033,0.38269602926679724,0.026732214800777757,0.002742424464668457,4.4483449237792565E-8,
3,3,1.3931061947577685E-4,0.0037293457297167686,0.44832209847194404,0.5006477221853061,0.03944790624775436,0.0077136154269631385,1.31883988377094E-9,
2,3,0.001980401264207501,0.0025231860392481596,0.4330753556089628,0.5501122289352671,0.011552539266908628,7.562888849258765E-4,4.797729671175799E-13,
2,3,0.001980401264207501,0.0025231860392481596,0.4330753556089628,0.5501122289352671,0.011552539266908628,7.562888849258765E-4,4.797729671175799E-13,
2,3,2.2306809680904148E-4,0.022364409683877772,0.02208252465628289,0.4979559260399104,0.4436006935613292,0.013773377960324556,1.466211776082568E-12,
2,3,6.847065171885446E-5,0.00475043282072547,0.3908243846757776,0.5425243642206087,0.05305264763719387,0.008779699228487918,7.654874469424523E-10,
3,3,1.3931061947577685E-4,0.0037293457297167686,0.44832209847194404,0.5006477221853061,0.03944790624775436,0.0077136154269631385,1.31883988377094E-9,
3,3,2.0626517439116066E-4,0.0036951221215570495,0.4726414171644947,0.4772730600162754,0.03932890638618905,0.00685522834826317,7.888295848726886E-10,
3,3,1.6860845327857732E-4,0.008009231641758777,0.24912924921158405,0.5951897289774969,0.13106590759585438,0.016437255952333515,1.8167693701558932E-8,
2,3,0.001980401264207501,0.0025231860392481596,0.4330753556089628,0.5501122289352671,0.011552539266908628,7.562888849258765E-4,4.797729671175799E-13,
