3,3,0.044030379255181946,0.01643227548336207,0.003910839528948975,0.9314909210898472,0.001008342762010747,1.2089669940456714E-11,5.685672728339199E-79,0.003127241868548201,1.1063154955929166E-14,2.660014533124004E-18,
1,0,0.761732985790905,0.1787079635391992,0.03699630824983186,3.0523969700759264E-5,2.3381345073060028E-4,1.455661126828705E-19,1.4601302480849254E-4,0.00438389427231917,0.017768497702504583,2.7565951146016056E-19,
2,2,0.11143440424365475,0.05159464046469544,0.8200340437670461,7.380296544895453E-7,0.0035912063153101977,3.217507467739504E-12,0.002429924929621275,9.25118761480629E-5,0.010822530365229002,5.423037210679999E-12,
5,5,1.141586841243469E-7,1.7728226764694529E-6,1.9915631569922067E-5,5.7545147773151855E-5,0.2970546713544384,0.7009483729624328,5.553762624213488E-76,0.001616935360079845,9.106268944233799E-15,3.0067256233617923E-4,
7,3,0.004935707344987002,0.02960529144043228,0.08167355094499827,0.8640453014987872,0.0014416673465306243,1.592837901366687E-14,0.01817284585594394,1.2200803160051414E-4,3.6275367042776787E-6,3.588057721458855E-42,
7,0,0.6699128395368218,0.11359229266913187,0.12575192151551215,0.01192594144345678,0.009042885806314552,7.903981802605547E-11,0.005206305146538308,0.01823631747013394,0.04633149629467716,3.837365147733122E-11,
7,4,8.582924436121449E-4,0.006209221603730133,0.009064893425092034,9.74655214151722E-9,0.8604448016965657,0.0018165572558475592,1.3887719930806005E-74,0.10878138746323572,1.9593296195759773E-6,0.012822877035744943,
7,0,0.5162778269746432,0.0942691295956893,0.22915029973230863,0.08978888376422836,0.01648329745172691,2.0450254861221135E-10,0.010734479229158704,0.013178387422805107,0.030117695618385846,6.551541208746746E-12,
7,0,0.7324573809262769,0.20539848703914698,0.024178802879969086,7.569898125803908E-4,5.47253753579244E-4,2.3436733685845484E-18,1.7213923983355135E-4,0.010643747699420798,0.025845198649193032,3.029632355343425E-17,
1,0,0.47573064964247164,0.19836675603765533,0.28355815504163295,1.4777613051442412E-6,0.02623660503402071,6.167066022026912E-10,4.799650475754786E-77,0.015433305703450076,6.714798380066655E-4,1.570324750812909E-6,
2,2,0.19496594389270316,0.3728156135665303,0.42667962591681036,2.2047066925701706E-4,0.005286173156145671,1.746868886927172E-13,1.8450841352370627E-78,3.198071954860612E-5,1.9207882988982934E-7,2.8295467743933466E-16,
2,2,0.17783668512879405,0.06107215473908175,0.7459502115388619,0.003053070543777382,0.01152433265556425,1.283852702314439E-9,9.349953980125515E-78,1.3052698838121585E-4,4.330171216524786E-4,3.430573391488008E-14,
2,2,0.02668773112458757,0.03519732427954356,0.42745774593328817,1.7284372187643824E-4,0.3734462215021034,0.1360344953569908,1.284660619501827E-74,9.077176815314068E-4,9.592039912672504E-5,9.518938839080263E-13,
2,6,3.5989654021435796E-4,0.05146970939425441,0.06977194149948969,1.3409101924281367E-9,3.4271415748248348E-6,7.317069171506575E-6,0.877935575608188,3.154794255557859E-8,4.5209985825445966E-4,7.857268059162426E-42,
2,0,0.5629422190977101,0.20954240868928262,0.22338652314650811,1.2954333446308881E-5,0.001865772557848032,5.3098147011894E-14,3.6794563026605405E-78,0.0022291793603080538,2.094280100403551E-5,1.383977417703224E-11,
2,1,0.3321071160645561,0.6391773572880294,0.0015875298528355986,2.8416883998564417E-5,5.476478226816822E-5,2.3362111834413332E-27,5.787136629804337E-80,0.027044796989920135,1.8138392268807315E-8,1.8545426421396884E-24,
2,0,0.5599426443709916,0.14169575319062558,0.21689368016596083,1.2513010186400323E-5,0.0026474057803650515,5.805764996314479E-12,0.02167847228788826,0.0021742217010886603,0.054955309486533044,5.546885389260473E-13,
2,8,0.006480899929491728,0.00115911569793079,0.06488638066387742,8.65874215077809E-5,1.945111647815541E-4,1.2173256830262507E-11,3.4894351505376694E-4,2.3345628668089335E-5,0.926820215966308,2.0761884636547595E-13,
2,2,9.438296664205217E-4,0.0031350808076114596,0.9936572227501327,1.193613545297252E-8,0.0022197594447498914,4.381872627766471E-5,1.4531329699310716E-79,1.056912983464615E-9,2.756117594126947E-7,5.1274576710146454E-20,
2,0,0.4493453358946903,0.09375945226670988,0.40581591921373406,2.9694094953317444E-6,0.002965075554897098,8.614334575896517E-13,0.02054540491666901,0.003424348650153505,0.024141494048644678,4.4144533071958505E-11,
0,0,0.6949567000852879,0.11024216303654186,0.16223774348427686,0.005040595633095303,0.013786691265676184,4.58831693360328E-9,2.2004747061127697E-77,0.012442873487823879,0.0012932280559309237,3.63049906731252E-10,
0,0,0.5536350444598457,0.1392046567539922,0.26341741774926575,0.003162819993016978,0.03289396019081032,1.1825992509281672E-8,8.522755585233751E-77,0.006278673789648617,0.0014074134173217873,1.82010581676077E-9,
0,0,0.7857473267034866,0.16172219388606907,0.022332061418143433,0.0168211954429596,0.0013786216652340898,4.341573928634326E-14,3.637429794214863E-79,0.011984434600787967,1.4165585405442242E-5,6.978706337198191E-10,
0,1,0.13403591524442943,0.6926079040277332,0.13839358808976118,1.3016539560324385E-7,7.964521065881796E-6,5.3464420986795276E-14,0.016222625283165686,1.762025893496688E-5,0.018714252409460626,9.986425720009618E-36,
1,1,1.7600300121703379E-4,0.9998226246226634,1.2170328722231485E-6,9.012870133028327E-8,3.5340816956049455E-11,7.270747539283677E-14,1.0704000869033324E-76,6.517913235161798E-8,8.448269762255056E-77,3.445007728748273E-52,
0,0,0.6936141412505079,0.11917828826145069,0.11770536225098618,0.002745015287413147,0.002220395694694799,2.2291857609557377E-13,0.004151478621501207,0.005076658884492414,0.05530865974865093,7.985514415936825E-14,
0,0,0.6663210642186574,0.16274316867971708,0.08120601743195419,0.02088100136881612,0.006026304989850981,3.769839779989754E-12,0.001971922842421789,0.028000329525971177,0.03285019093832282,5.184709345372426E-13,
0,0,0.7316553815070171,0.1405636867656333,0.07111217120014118,0.0022624433551210223,0.0018110053520781955,4.85634098515288E-14,0.001228979202085006,0.012879563531026268,0.038486769086823296,2.5757228562536556E-14,
0,0,0.580403348359223,0.3724549180053225,0.0072366278395466594,3.0521090629503765E-4,2.0600897139830352E-4,1.617456260201093E-22,4.3720822536419796E-5,0.031147670806113033,0.008202494289564976,3.3242744803938E-23,
1,0,0.40919940130327803,0.27379047404468315,0.2478206704110908,9.341298765095313E-6,2.441494659509869E-4,2.9456435566667376E-14,0.019415580843731038,2.539504144374424E-4,0.049266432218034145,2.767881553446729E-21,
6,4,0.023510930275435236,0.02258985652868583,0.1272548747901326,3.8790692089680866E-5,0.7768038278630981,0.025485389112620396,1.2819453389858332E-74,0.024193627014653243,9.40897111060245E-5,2.861401217895843E-5,
6,4,0.028214421405065537,0.03456644914636896,0.18085557110736986,3.8362493164900975E-5,0.699938319581409,0.03797062973648961,2.3685628354129246E-74,0.018286121757302237,1.2957441212786659E-4,5.503607021135706E-7,
0,0,0.6359082977651644,0.15600968847321658,0.13283767879820196,0.003943150307120114,0.005853854276487805,2.722209954899429E-12,0.005510393348481333,0.02842424615498588,0.03151269087361935,4.2791798182776703E-16,
6,6,9.843519540012988E-4,7.655935283710743E-4,0.006698194254656402,5.249966885676517E-6,0.13039655619424015,0.007160027911347974,0.8509522631310101,0.0028143262685551246,1.672008956425483E-4,5.6235895289486596E-5,
1,0,0.7323548224121363,0.17445790107075068,0.08051736500971539,1.3533628086560517E-4,6.012440777431278E-4,4.646466379591383E-16,1.851446712602083E-78,0.002990948298015639,0.00894238285077223,5.934638428920932E-16,
6,6,7.990868456733663E-4,9.105505445475025E-4,0.007231460756314582,8.485777044603169E-7,0.04666847869580262,9.275883481571821E-4,0.942146292202851,0.0011200019161455013,1.9316736140299713E-4,2.5247514007870667E-6,
3,3,1.422488522507142E-4,0.009061147458340264,1.3045892977333842E-4,0.9833386379426569,0.0014612117249412568,3.151007167444261E-6,2.614901085160087E-75,0.005863144084869867,2.352711534392945E-79,5.365294311082396E-18,
1,0,0.4148115827663858,0.08507016963059232,0.12263343981541679,0.3043380984136564,0.03901099187459643,7.716513239052787E-7,3.3090098082419354E-77,0.034134828916470454,1.1676496771868234E-7,1.665904337185529E-10,
3,3,0.026042927951999154,0.005093432116984185,0.005938619782492249,0.9592237113671658,0.0016339825072482586,2.0459399817369073E-13,3.040649638312368E-79,0.002067183290483098,1.4298342268746552E-7,5.15477743608424E-18,
1,0,0.6837528837760506,0.24313605890114673,0.03308127812392366,0.0011553858004371834,3.100483471025579E-4,1.2085930369508588E-17,3.832112342855061E-4,0.0026207716764081314,0.03556036214064576,3.2133552423847675E-21,
3,3,0.006185877593633206,0.0049836112912474756,4.106124073019638E-4,0.9811270896174078,7.225464179782876E-4,4.797093589715359E-20,1.7015628590315147E-80,0.0065702542242597655,8.448171474161191E-9,2.2339878186503776E-21,
1,2,0.12213286620478954,0.09039564032911379,0.7858646572761435,4.058523781688142E-7,0.0012173706227941873,1.3702665851756178E-13,7.72334917570551E-79,4.2369818739918875E-6,3.848227327687145E-4,1.1433738383606155E-15,
2,2,0.004376763027334162,0.019940628435948217,0.9667254598018,1.1827458007590174E-8,0.0088923496876299,6.476324519373535E-5,2.964992066283457E-79,2.3973224067321306E-8,1.1732212277356704E-17,1.4118433516836238E-12,
1,1,0.020608657207975167,0.6090911613800644,3.377193884945478E-5,0.368337268063223,3.879026763172283E-6,3.337679338364559E-12,4.041796006295643E-77,0.0019252623797872328,5.1845414311163253E-76,4.705201941828859E-22,
2,2,9.255586886890378E-5,6.77095638185808E-4,0.9990456823632192,1.6634362711951297E-13,1.8466520768718072E-4,9.218259865937011E-10,3.510415182223504E-85,4.5785825821996655E-14,6.095175042644816E-16,5.869772940621258E-22,
6,6,8.340138181227993E-8,1.607167204949528E-4,2.886896223936553E-5,8.261106161875476E-14,1.4378951537179268E-7,0.001123012093529622,0.9986870469133601,2.5451680440171313E-9,1.2557422818471887E-7,4.130950985893271E-46,
6,6,2.378906729391787E-8,0.0017702416106910313,3.69131551905436E-5,3.7828956650471346E-17,1.5755253594175015E-10,9.723817929031702E-4,0.9972203562835112,5.124578045600226E-12,8.320595953679844E-8,8.879963275827254E-71,
6,6,5.891023147115422E-7,5.395627857820653E-4,1.1723456869793595E-4,2.9185022339670394E-13,2.092238703854968E-7,9.232067209037013E-4,0.9984183979917864,3.989617053852998E-9,7.956167357866465E-7,3.268821611245092E-46,
3,0,0.3613329132920074,0.10770007029527494,0.34344160294742143,0.007339584744014468,0.008372607627624117,5.963070917169606E-9,0.11732848809560618,0.00419358117507462,0.05029114585990069,5.234419936925941E-15,
5,6,9.712838633637248E-4,5.972535208615278E-4,0.006920600404727792,2.3745855879216204E-5,0.28408742412103655,0.03337348711038949,0.668953613131868,0.004627108949210838,1.0309761733969724E-4,3.4238542532317177E-4,
3,3,4.978671203452432E-4,0.002169738321554102,0.0018548211792548362,0.9932449867877887,0.002073738622138859,2.1679550347615577E-5,1.2662982827808553E-76,1.371684185697508E-4,1.4214398440522915E-79,8.169530806053807E-16,
3,3,4.2233558942132856E-4,5.768252263868584E-4,7.564269542636792E-5,0.9982069953705895,1.418161026971241E-4,4.541019005027525E-15,1.0226041349009601E-79,5.763850154743827E-4,4.531164845138191E-81,4.660058020108484E-26,
7,3,0.0040841961174442705,0.001160523798796356,9.697812849155205E-4,0.9922935503110377,7.331439368188212E-4,1.459321931461419E-14,4.488327695296126E-80,7.588044623520459E-4,8.862074013743705E-11,1.6552195361096291E-18,
0,0,0.6120785395138095,0.10532265693791867,0.19061190695523472,4.044999390688409E-4,0.009997041117269912,8.388952803312739E-10,0.01295767267942476,0.015435921864883278,0.053191758179776984,1.9737181495837953E-9,
4,5,1.0191381956668897E-11,9.960056801800109E-8,6.748826153338611E-7,9.930377949447047E-16,1.9027652363232038E-6,0.5662521523422829,0.4337451703879093,1.1025177901257678E-11,1.70672761963826E-13,1.8091757532186334E-53,
4,5,1.4358271684058727E-10,1.2338943234010377E-7,3.30327155339676E-6,6.829038325202069E-14,1.7760015907967815E-4,0.514131800352294,0.4856871722849788,3.9684966763128695E-10,2.161110404040285E-12,4.1198562588485585E-39,
3,3,0.004439709214910533,0.00811047453662768,2.875860286363055E-4,0.985148841064596,2.079967122298909E-4,3.354324678697966E-11,1.1132610741696945E-78,0.00180539240945639,7.729530699584355E-79,2.1334278138631858E-17,
3,3,7.467094544421571E-4,1.5141595503606183E-4,0.0010588282929386655,0.9966248573843555,0.0011617628873344607,2.0531648769578457E-12,8.24848222011991E-80,2.564260169663645E-4,6.87347243344862E-12,7.215374104043462E-18,
1,0,0.7371505536588734,0.22353496759674443,0.026312644470986916,0.006681377324535904,4.682630191538357E-4,5.755976006411853E-15,8.676581631996192E-79,0.00585200038253139,1.9354716840610019E-7,4.241179078349375E-20,
3,3,0.08561793212661055,0.014079776684554578,0.02013583694655951,0.8712711673752924,0.0036496806109519724,1.6492522116710866E-12,9.306567583363588E-79,0.005221187176931266,2.44190774505577E-5,7.744642283322204E-18,
3,3,0.023567142684651477,0.008266813425589452,0.012172079705281615,0.9527992085289593,0.0018998333917874624,4.1765175238818367E-16,1.1914504549421008E-78,0.0012651124790452866,2.9809784684906748E-5,7.699461618825215E-25,
1,0,0.6886082565517558,0.11994909306518368,0.12075919088752639,0.0016029114000742676,0.004015683353049234,7.017162170496507E-12,0.003759732871531882,0.012856878372086739,0.04844825348436104,7.413726977111033E-12,
1,0,0.7271514734047457,0.24558855900566007,0.018904590593576655,0.0017344541816623536,2.755736787565753E-4,8.586175903910376E-19,3.006640016152199E-79,0.005840024391392267,5.053247442061861E-4,7.008193677114375E-21,
1,0,0.6256215337874867,0.24185524765753286,0.09857928291243359,0.020707171903683083,0.00575153897142462,9.363900567142356E-8,3.8942396024496945E-77,0.007485129982381312,1.146049488711238E-9,2.585081139240773E-15,
1,1,0.40142650843777533,0.564685795526283,0.007495303101837296,0.019585264767229018,1.754872585679756E-4,2.5350559165748743E-14,1.260317323472667E-77,0.006631640908282072,3.332346662190134E-76,1.6763629613286762E-19,
1,0,0.6158407388387057,0.34770416807554066,0.010876016343961147,0.011872946082429866,3.646727965149804E-4,1.0056268028738627E-21,5.551366460965275E-79,0.01309121363752912,2.50244225318499E-4,2.228434741016367E-25,
1,0,0.2806143811959722,0.1875508894143694,0.2620259424531422,5.894720716705995E-4,0.049520638697240785,1.0131955805262066E-7,0.07524740365349898,0.12258380769928096,0.021867363422186464,7.308035207082815E-11,
1,0,0.6385189765807159,0.1243607351587476,0.2213867497071893,9.797169022082433E-5,0.006851080955172744,1.192711054929581E-10,1.8951254069274995E-77,0.007680362385506943,0.0011041198282005426,3.574975158181916E-9,
1,3,0.17914288354716126,0.024209668246518896,0.05309527350201688,0.7193097287621298,0.011001195686322475,1.4451594817541843E-10,1.5396257992561683E-78,0.012493319300688583,7.479308106424276E-4,3.656337075820929E-15,
1,1,6.949920124095236E-5,0.9492729622012136,0.0021892663814159705,1.0118939351521087E-12,5.5317979139356694E-11,4.637627374201484E-11,0.04837357658905974,1.5842713249145304E-10,9.469536593647528E-5,1.4068026216985267E-77,
8,0,0.4365277048642593,0.1999444017998769,0.2882970586117043,0.010775143485823977,0.00428157788882734,1.597438007593473E-13,0.008650135121495626,6.608741614168693E-4,0.05086310406643583,1.9110632666829525E-16,
3,4,0.025311616538474156,0.012442023578880025,0.15197442852291115,0.052394839430642215,0.6150668237794638,0.005210546970060504,0.08405326884800546,0.053279184208163646,2.672567132412863E-4,1.1410157770949112E-8,
2,2,0.2013071463818255,0.09686219105949033,0.6111177281319895,1.6385854296173228E-5,0.004532094994052529,5.590281283910408E-12,0.06368537533262089,0.0010346145564977115,0.021444463683580457,5.6645748022510776E-14,
0,0,0.7963393283008257,0.1347184174209925,0.056831078182216284,0.002729872675226388,0.0013254706481345279,1.3125733265228145E-13,1.0117751792123651E-78,0.007209683688002035,8.461490844695664E-4,1.7717725889771008E-15,
1,0,0.566118563298029,0.3792682664774969,0.01611950688290987,0.009356103154933711,0.0014363490677912016,1.1904143574499404E-18,6.482559467634726E-79,0.027220517767746127,4.806933510916829E-4,1.6582861077634524E-15,
0,0,0.4983878291702023,0.08059896695109901,0.2934533441651467,0.03526970987050152,0.021659768152857896,1.646407534843536E-9,0.019770899179052764,0.007330595664318928,0.043528884868278286,3.321351821404555E-10,
7,5,0.027400391089709604,0.23018307138328356,0.004460699110752255,1.8022376751330307E-4,0.09663737061798006,0.33708229811174895,7.748906520663242E-75,0.3040559157378113,6.179936104896051E-77,3.0181200932878904E-8,
7,6,0.008633374022624929,0.005265901978664693,0.060875111311568725,2.6320409572979372E-5,0.1391685195049077,0.0011398242118912656,0.7782618499010315,0.0047515425550973605,0.0017361525203372988,1.4140358430347625E-4,
7,2,0.02023089462501974,0.01068919311165552,0.9311798425520125,1.7598561565300131E-7,0.03114821551784162,1.2353463046225225E-6,0.0019240700565692887,6.037900537009368E-6,0.004820167436213382,1.6746823054431172E-7,
0,2,0.3279286650927578,0.27615888918221465,0.38702368363955797,1.6189522183654033E-4,0.005070840849770199,3.964500431276517E-7,3.9641309617238374E-76,0.0024598644664361557,0.0011957650973835937,2.752211462542583E-18,
0,2,0.28530263902362407,0.14582928357583083,0.364477092746992,4.889062893501656E-4,0.0028042397630384406,5.50224783554967E-10,0.15299862133967085,0.0015871773256950765,0.04651203938557366,1.0808927464893609E-17,
0,0,0.5137308160734295,0.07708050069780936,0.26334787389764736,0.023580938947183945,0.03482048826623399,2.903242483612429E-7,0.02574446043688605,0.017477291421633526,0.04421733990097368,3.395413030636395E-11,
0,0,0.6446787529309007,0.1576824137805059,0.14751140623130618,1.0966923810149721E-4,6.587933519041687E-4,3.984908155455732E-14,0.004431140270241514,0.002083856330429704,0.04284396786657007,1.4510637398645788E-18,
0,0,0.6585313734366192,0.12204479319491848,0.1477815486525629,1.6546319061032475E-4,0.0019696905676993208,9.043657212728457E-13,0.006813084303387805,0.0031585622462446945,0.05953548440667792,3.75176710925638E-13,
0,1,0.11305127169194179,0.7719231368425414,0.11448163819547502,3.7954072925690506E-7,1.6151986204196068E-5,1.2988780200457949E-12,6.427653104277401E-77,2.0529548892002823E-5,5.068921929174775E-4,8.158896757429204E-33,
1,0,0.6585284496394123,0.2943091492743893,0.019418162204783117,4.424993707484629E-4,2.1442856846035587E-4,3.253490700701976E-21,3.100420101816624E-4,0.0057066075137451105,0.021070661418279697,1.2798462744865038E-21,
1,2,0.012268125504511843,0.016007187159513516,0.9683923233090744,7.344906207151855E-9,2.5549992124696263E-4,1.8261304527534688E-13,2.9893254314392702E-5,1.2871935225219362E-8,0.0030469506343150125,2.6533938329119953E-21,
0,0,0.7270523528696702,0.09970348985187526,0.13362749446281713,0.005145201759466708,0.010373063745210674,9.898216873573487E-10,7.65676824947656E-78,0.011396193765947343,0.012702202515713195,3.9477721028534705E-11,
0,4,0.0590328472036626,0.01317287857071977,0.05848678938053797,3.8613336816567577E-4,0.5465446617708697,0.001140254587004982,0.277972840264436,0.03891631704548357,0.0043349498634771425,1.2327945642771198E-5,
1,1,0.05023532713712316,0.9471532777484055,6.11560969547602E-4,4.1608080676820464E-4,1.8119112610289858E-5,1.4874925234693495E-7,1.0227631456122697E-75,0.0015654854762928133,1.8757328652478293E-75,2.1506393723068205E-19,
1,0,0.6034690141850244,0.3781132996095895,0.015278891177161321,0.0010414932943601284,1.0126586040210805E-4,3.4990455378799114E-19,1.148669386108929E-79,0.0015907917746681428,4.0524409879447447E-4,1.6492409814120614E-27,
1,0,0.4300461763424578,0.1331303017896201,0.3773540894763024,1.800806286684583E-4,0.0037319004755620596,1.1447496662455728E-13,0.0033833240802163328,4.597647402404851E-4,0.05171436246535036,1.4676102549192098E-12,
1,1,0.23784030954254837,0.6983129401857655,0.030303023162066213,0.016788686738481894,3.47051897278836E-4,1.0662575153091043E-20,0.00320649886303214,0.0010449967509302091,0.012156492859896869,2.528593146821775E-29,
1,1,0.020793950654186284,0.9787154920526863,1.2608094413122104E-5,6.076512215382713E-6,1.642994464796631E-7,1.008759890374033E-23,8.003567888561506E-80,4.717083870524164E-4,5.1361873543147015E-77,1.7059219549670603E-29,
1,1,0.39924289599296947,0.5669633523046962,0.014773497110613452,9.975700903685626E-4,0.004426110164483132,3.570643081849814E-9,9.159344207790463E-77,0.013596570766173485,2.8786262273212477E-16,5.2500140991035716E-14,
1,0,0.6071219151318096,0.1621756576027117,0.12803043271925163,4.143921265579487E-4,0.007669599972746788,1.28962399222954E-10,0.018564290805992964,0.00511542461976786,0.07090828689168964,5.0944581514608E-13,
1,0,0.6975839842754419,0.15442747494298312,0.05669886335456566,0.020978603344379385,0.008288626270105848,1.9369186057012642E-12,9.186258825039323E-4,0.027475860030477046,0.033627961895488064,2.1179033561072154E-12,
1,0,0.6311185857368626,0.2585291060572952,0.058804583667428356,0.015316869035179492,4.7437791697324137E-4,4.0809825510377123E-16,0.002497236116667321,0.0026297127596998787,0.030629528709893425,1.0055255620080564E-25,
1,1,0.416552593320471,0.5708668583983656,0.011068712990572157,3.865089376222058E-5,3.408682250566579E-5,2.3372079101957252E-21,7.019270374826647E-79,0.0014390095778432281,8.799648015207575E-8,9.002957714889538E-26,
1,1,0.001513046035571039,0.9972620129981855,4.192958146352054E-8,4.481658424407672E-4,7.883171605470232E-9,4.414596772370004E-25,1.7898315624283144E-79,7.767253110495822E-4,4.66121289734842E-77,8.997049072315195E-26,
1,1,0.3690639503393764,0.6060472511501639,0.023894268719949166,5.757775573586892E-5,8.052552251765622E-5,2.1444364739333046E-13,2.909800788330919E-77,8.564265120420819E-4,2.658085880395053E-16,4.217999232608657E-20,
1,1,0.0630623675036661,0.9210665889395451,8.448156557617627E-5,0.014220702929548672,5.619015841631604E-6,1.7505544527528713E-18,1.534798102789636E-79,0.001560240045822177,1.0938567462135248E-76,1.2644861776013423E-27,
1,0,0.6323514788664559,0.3246348323648208,0.035654680296328664,2.478967126664477E-4,8.193048149792081E-4,1.9655179440474195E-14,5.452110100304658E-78,0.006291806067660101,8.766632571454546E-10,4.061903182142668E-13,
0,0,0.7547666882268868,0.1198987221158693,0.06877973808594572,0.002617732096106476,0.001754495522527359,7.263262376410123E-14,0.0010077995774871152,0.009181862580171998,0.041992961794916656,1.5912078487380283E-14,
0,0,0.6587798808535238,0.2652278534558854,0.031199263900470422,3.4256620896113175E-4,5.800566809105577E-4,1.2141619862805222E-18,5.492283972514962E-4,0.02999266449126974,0.013328486011727566,2.4320959286491854E-21,
0,0,0.6342201505029307,0.1277079616216019,0.2266786406652802,1.357347201775917E-4,0.004422758572682089,2.0041383219774932E-11,1.3294717092244396E-77,0.005794483492941329,0.0010402701707284683,2.336164582188863E-10,
0,2,0.3435000598387597,0.07466168155184219,0.4618145822206871,0.007388172171514058,0.011230399082242224,3.0976142518056374E-9,0.05168383633599164,0.0017379514199207698,0.04798331428029772,1.1300944929007588E-12,
0,2,0.07438337470314721,0.03325746454292647,0.8483836910063772,8.479875491777651E-5,0.015670987749454232,3.341547210460684E-8,0.010111593257950365,1.6939439401787936E-5,0.018091117127940204,2.412835893132761E-12,
2,2,5.256407205904234E-4,6.052910338615799E-4,0.9951198810508087,1.309245932933211E-7,0.003671197749995314,1.319291999418622E-8,6.50436379401053E-7,1.5585250665162827E-10,7.719473499862466E-5,1.7681640402325535E-18,
1,2,0.10935364715714185,0.40664053090917235,0.4832137722347038,5.383807214823414E-6,7.858518406032781E-4,4.6606892647560014E-14,1.5305371200268807E-79,8.140511169206272E-7,1.0057027870077194E-16,2.0064279271917147E-21,
4,4,3.85932031400736E-4,1.2443352567782873E-4,0.011120337691617873,1.5710694617416702E-4,0.8216593569854425,0.009096650803202913,0.15696813066534104,4.336121173529458E-4,7.422586834354046E-6,4.7016646955708446E-5,
0,0,0.3667577404942418,0.3458223969925989,0.18310167937902985,1.480903647000784E-4,3.900076880143752E-4,5.514483019746613E-11,0.03516953650419927,3.1632216861918823E-4,0.06829422635345193,5.249569748139393E-24,
0,0,0.4997395442158553,0.41545407372210946,0.053303483530619124,0.008701151440394949,0.004762408432735237,1.3413642571456866E-17,1.568797418211185E-78,0.011439531870561796,0.006599806787620684,1.0351461375058285E-13,
3,3,0.03465485170158472,0.038343514814978545,6.803459486959229E-4,0.9135318438512828,4.401552822455903E-4,2.918794079034055E-17,7.158928517189331E-80,0.012349288401207996,4.4228405217807145E-15,1.3271571906512213E-20,
0,1,0.0069949548451292195,0.95124618969534,0.02663181234910682,1.212134016109282E-9,5.692671354495148E-8,4.888867474115271E-12,0.01252464122815146,1.1483449386386301E-7,0.0026022289040421765,6.4938673134134476E-55,
0,0,0.6928366207490214,0.202831448197669,0.05889856802301595,0.002897812822017309,4.3662173120943474E-4,1.15826858311196E-16,0.001927990952216288,0.002985411285207774,0.03718552623964286,4.666516790699645E-22,
0,0,0.688805374296811,0.16103138790721838,0.09844482396623672,1.1129906524851455E-4,0.0017662670976131584,3.137125141032267E-13,0.0014530244297472424,0.013757919326548894,0.034629903909778575,4.837794974621656E-13,
2,2,0.024354032741819513,0.009233561869939793,0.8641263389322135,5.623793247169778E-5,0.08284645213794511,5.0915976531660713E-5,0.014298152303954387,3.886235614108959E-5,0.004995229288263103,2.1646072000302908E-7,
2,2,0.21767742685823466,0.060649048168091545,0.6771686376807884,3.057683888743812E-4,0.00651007601607231,5.3570480998591824E-11,0.006334374981229411,1.8326855134879555E-4,0.0311713993012402,5.498173881873E-13,
1,2,0.24824532756654588,0.22038178517089713,0.46708417151119636,0.03955381853439674,0.024400089732937127,4.2246490810712394E-16,4.395616358195242E-79,3.32007900689719E-4,2.799583336578878E-6,4.459781117653849E-20,
3,3,0.01127374293237362,0.0014283563250550232,0.09531275421100392,0.7129544557642243,0.14901385720508625,1.6738768383048274E-5,0.02783903400465371,0.0020226028749633176,1.384465154705198E-4,1.1398786377657765E-8,
0,0,0.6536977420564718,0.2698162276127951,0.06214085649609968,0.010168039963450346,9.69052183117934E-4,5.370065183150535E-13,9.536636839807364E-78,0.003207734934597625,3.467529305007909E-7,1.5891963681501823E-17,
0,0,0.6309678621009448,0.3145228026516164,0.037905939445808466,0.012421294918483903,5.529891778599817E-4,4.248731400157244E-13,8.288059627130871E-78,0.0036291107513865416,9.534748049853132E-10,6.181393500561315E-19,
0,0,0.365710478606786,0.06368729271481517,0.34230172294389677,8.104768495847665E-4,0.037321535122849026,3.1912897696755527E-7,0.1284067510546515,0.007417662597974658,0.054343697402500946,6.357796421889873E-8,
2,2,0.2913101798703521,0.08875409540982385,0.4650644831819087,7.191975235297609E-4,0.024781370532959188,2.7007906982908933E-8,0.08343688520486776,0.009837125862079554,0.03609663209411672,3.312455167281607E-9,
2,2,0.34217917013731286,0.1074619247886324,0.5019386916793785,6.900243096950581E-5,0.005809292250442629,4.168505342574498E-12,0.00305652307569048,5.454308796832022E-4,0.03893996470003412,5.3687714692128045E-11,
2,0,0.5751196106132647,0.09824921607979285,0.23284144958781935,6.179456828310006E-6,0.020987410142852703,3.0052554909361435E-9,0.018466326817263876,0.016327166478959754,0.038002606616710836,3.120125210705352E-8,
2,0,0.4821220195432076,0.08737247816050214,0.2876582453642553,5.196171474985828E-4,0.021856681606435193,6.607923009536301E-8,0.05240355188870189,0.014162341692216052,0.053904997657824784,8.601284717510624E-10,
2,1,0.44917758735197816,0.5070187572192273,0.02216464328862964,4.614022783576906E-5,9.119096287751053E-5,1.154086689127982E-21,6.023771905178267E-4,0.0017688527305372735,0.019130451028396545,4.382155405146454E-24,
2,6,0.09730519821882834,0.01947696888074212,0.3074436604064291,0.0038008754553654363,0.245125828771288,1.2984689934350202E-4,0.31100670005499875,0.00437635172025458,0.011330888642845038,3.6809499050029247E-6,
1,1,0.342046495979454,0.537421939005964,0.0011091643948871893,0.09191243575779992,1.12165801935906E-4,1.324355694217196E-20,4.8373141196781706E-79,0.027397799059958965,3.00015991086844E-17,2.3841268369833028E-27,
1,1,0.3818049293621911,0.49829846099251124,0.10576306698254662,5.846208600689421E-5,8.298674902176876E-4,4.5558702601654364E-11,2.303496904606509E-77,6.542589884144298E-4,0.012590954052553237,6.022259318391953E-23,
1,1,0.17951414690776926,0.7861348793398552,0.0010964189551595756,5.909793008235099E-5,2.1944851392586502E-4,9.963067527909373E-27,9.054629200125287E-81,0.03292133782769175,5.467052551589595E-5,4.3511551662028494E-21,
1,1,2.5846054692301664E-6,0.9999886038002505,3.475724202866641E-11,8.770972249575776E-6,1.854016634289216E-13,9.766406683686752E-21,2.2584784872146793E-77,4.0587088229703304E-8,8.475706016880674E-76,1.0528174209766444E-97,
1,0,0.5408973617649666,0.4167248380388972,0.035229920199717386,2.978819110145075E-4,6.219114746091917E-4,1.4492629255839938E-10,4.122269862047719E-77,0.006228086465862591,3.3533269073593196E-16,5.780093789824773E-15,
1,1,0.029227267430423615,0.9690464147344845,2.6192429079642252E-5,9.3979476724284E-4,3.4708727053440237E-7,1.7626127310603976E-15,1.77419129943646E-77,7.599835514970692E-4,1.0710700097021621E-75,2.616921016727436E-24,
1,0,0.613050378804539,0.1979948212967057,0.12039926596893046,0.0014626663780079637,5.828088181269474E-4,1.927092475548026E-13,0.0059533123804991735,0.0013077954195202075,0.059248950933477915,9.503264743824957E-21,
1,0,0.6530922234453087,0.22992188615084597,0.08962700879664326,0.02247256901630598,0.0013680479623826005,3.152126935706049E-12,5.727131352179473E-78,0.002502714180925199,0.0010155504444359796,6.373395739384446E-20,
1,0,0.6356004381589563,0.09054488765422583,0.18001234170832875,0.0035349761460378693,0.007157809588755033,2.8679312391354093E-10,0.012763864114290759,0.007415869968373068,0.0629698123546348,1.960433082397699E-11,
1,1,1.0033866248261561E-70,0.9999999865749465,9.308803922591563E-73,1.3424568916250998E-8,5.5034837154458926E-74,6.87166620576478E-23,1.6292886228513615E-75,4.846227711915079E-13,6.230136388199118E-73,2.481966561395269E-91,
1,1,8.205560804097342E-5,0.9994948188962656,6.787607082811042E-10,4.1881402172578485E-4,5.580279284447635E-12,3.993183647246218E-15,4.4058949698261906E-77,4.310789622647812E-6,3.7239480262070984E-75,6.978946455711448E-95,
1,0,0.4892610010282056,0.12999321429150254,0.3493421637195742,0.011919310332721235,0.005228061701861374,2.413272602150007E-10,4.494773618773328E-77,0.002054899280875188,0.012201349403931952,6.998198192648716E-16,
1,0,0.4571838917658678,0.10801493030024586,0.29862665227429064,8.048248705394739E-4,0.010210753002658354,5.690528876855429E-8,0.05791998961159431,0.00475649872927432,0.06248240254008956,1.5080300283124652E-13,
1,1,0.42383019108333675,0.5567739441230856,0.017907060390958147,2.89337767163747E-4,6.536179066870648E-5,3.474634192278447E-20,1.8990175919829094E-78,0.0011339834577879803,1.2138699928527905E-7,2.2833444152141861E-26,
1,0,0.5524730038582779,0.2436247015805689,0.19873782845826998,0.0018056081257568168,0.001495541130687779,3.0441424663992785E-14,6.528222981771439E-78,6.924422364818502E-4,0.0011708746099264617,2.5283760547868927E-17,
1,0,0.6385726230703075,0.09297657628769948,0.1665589788891332,2.2986752232781465E-4,0.02817672179673724,3.381896841817762E-8,0.007726938469875806,0.011464826467492487,0.054293433229137905,4.4832002965412594E-10,
1,0,0.6078928488458011,0.28021315196947527,0.10923965446401088,2.5196121933668156E-4,5.085545862576949E-4,7.175744382983449E-14,1.5747245549807498E-77,0.0018935342577916351,2.946572548594428E-7,2.2775688634725856E-18,
1,2,0.33871890420332557,0.13457184893221286,0.5231617028895373,2.418774345497107E-6,0.002712716467241516,1.4917859784281376E-13,1.7366106347268163E-78,3.260213744395848E-4,5.063873389001106E-4,1.9848385714956165E-11,
1,1,4.633384505562326E-8,0.9999912565975684,1.6616314064080595E-72,8.684133936204018E-6,3.904712545735152E-74,9.082064310113131E-11,1.2221768784585177E-74,1.2843829513096009E-8,1.310352059760237E-73,4.455989657974261E-83,
1,1,0.13303709023041305,0.8535626832682295,7.620365995321605E-4,0.008700517170261783,1.797980811585696E-5,3.952088770596279E-12,5.4128564819808025E-77,0.0039196929194954735,1.041702311140939E-75,2.5889241830626818E-20,
1,1,3.2059349407459826E-5,0.9995209339189618,1.210707663550817E-9,4.326380996052396E-4,5.821784871771403E-11,3.3807459283788583E-7,1.4054880939462755E-74,1.4029288507285244E-5,1.6618719020035337E-74,2.0284318116198443E-82,
0,2,0.036695650364671435,0.016948483558153392,0.9297032418643688,8.146171004213925E-7,0.015026644828124831,9.225380766969248E-9,3.7892873081354043E-79,2.7278016411627145E-6,0.0016224257854558066,1.9551033621577805E-9,
0,0,0.6201796316787207,0.123336784775995,0.16306396510410734,0.018125399438329623,0.007033377160619767,2.616365999859955E-11,0.011239195820746749,0.017343426950897082,0.03967821904441851,1.492473795147184E-15,
1,0,0.48975924671524984,0.4754312307705176,0.018225738082934397,0.0024341406888238157,0.0010428751445029664,8.135185065384132E-9,5.837896788683439E-77,0.013106760462631728,6.825609560555435E-76,1.5436221051532232E-13,
0,0,0.5748257933537915,0.17955312330974665,0.16226571580168464,9.533599241902343E-5,0.0034928945064179014,4.811850474622023E-10,0.009817108921873997,0.001738033060563822,0.06821199457231708,1.8469198807174372E-16,
0,6,0.15038870454031428,0.16174599981298618,0.23437195526518437,7.971561988991917E-6,0.0023866195789110003,5.451930563946436E-7,0.41315648978467734,4.396980861259433E-4,0.037502016176755575,3.068912984244658E-20,
1,0,0.476692816634485,0.15031310650461033,0.3656159731646921,1.5719874814330945E-4,0.006297516866033808,4.902218642577801E-11,1.2902773173123283E-77,8.858636109210805E-4,3.7524284731285447E-5,1.373606765798775E-10,
2,2,0.008200363771349039,0.007147403864568765,0.9770003437930236,6.050540305394155E-6,0.006962101666944665,1.6146675807728863E-12,1.7941127711127106E-6,3.87606909743683E-8,6.819034887318137E-4,3.7045523260679223E-17,
1,1,0.3430117237423138,0.6409166447377956,0.013643266938660867,4.081000657753776E-6,2.2385896744702016E-4,1.4418376416228582E-16,1.9102209799592198E-78,0.0022004242431825317,3.6994215177437917E-10,4.921120211346448E-19,
1,6,0.03686437925311936,0.07804778409433588,0.214220599098509,1.923547791300755E-4,0.0011828553636732927,2.1539908009923998E-7,0.6578712208105245,1.7160900716390402E-4,0.011448982194463813,8.915585795816639E-23,
1,0,0.6199610007419639,0.3030264932729694,0.033424366290231114,6.061125578410782E-4,4.223384132079741E-4,7.18945038112176E-18,7.490977348012342E-4,0.003410469595298962,0.038400121393686114,3.440316739129393E-19,
1,1,0.2636396254321565,0.6444522676977728,0.09084842852939207,8.712317699021084E-5,4.373899470599519E-5,3.877935850728853E-13,1.9460747351083216E-77,1.1322357033583005E-4,8.155925982589676E-4,2.8303680157747664E-31,
1,1,0.3981451804469534,0.5704080576749331,0.023894968529347024,0.0013004474854052186,8.302518929072857E-4,5.286526329990268E-8,1.7815063421623952E-76,0.0054210411051901185,7.686963962019157E-76,7.046882636777014E-16,
3,3,0.07023046140360314,0.015230564483440394,0.09497916639289328,0.7210773537024722,0.06828292240902738,3.536186771715352E-7,0.007899876164011114,0.02074301654340341,0.0015562852822670304,2.047971176355478E-13,
1,1,0.009788978239765541,0.9890972026121893,6.714330862472023E-6,8.853089244671039E-4,6.381479650924615E-8,3.043953500129964E-16,4.039093129558653E-77,2.2173207791884795E-4,9.394646161430246E-76,2.988618192159503E-29,
1,0,0.5436334712608392,0.33189790353780135,0.08497214160529075,1.4353252986810085E-4,1.741207601122251E-4,1.5714342104909252E-18,0.003248402333561821,7.42912312240839E-4,0.0351875156602856,6.677011411476219E-24,
1,0,0.7069328991008739,0.19666670308648043,0.06261570295525318,2.6424565119244098E-5,2.8794646905218655E-4,1.1899685005353983E-16,2.3633221242257352E-4,0.001227426756146099,0.03200656485465238,1.2026045517679584E-19,
1,0,0.5674753241745893,0.0945500295851536,0.2608358152817884,2.130724613173456E-5,0.005301193143704173,3.551040454027592E-11,0.019463570783551213,0.005107358645805814,0.047245400396492644,7.072727311868794E-10,
1,0,0.7147308285102516,0.2393789370022905,0.03581813766363823,0.0016061076873093206,7.762258672648478E-4,5.091687996493523E-13,4.233286827349539E-78,0.0076897623496073745,9.191200748941518E-10,8.772979416647745E-15,
1,0,0.5906420758943183,0.14663941128868632,0.177921824698393,0.016298991947901936,0.0049857770616869345,2.563398121808625E-13,0.016545848802788532,0.01123335296440532,0.035732717341563164,5.596992768756788E-17,
1,0,0.5274177539779172,0.1407554255593609,0.2528013009619158,1.5763043201241942E-5,0.0018500544497084283,1.3830046791327524E-12,0.020683246137071242,0.0013629173444091858,0.05511353852484142,1.9154952686489538E-13,
1,3,0.003955873045356311,9.802857111373645E-4,0.014950468311172095,0.9599115121712108,0.017665663079564155,1.2651815206548179E-8,5.49411411206375E-78,0.0025286500543357008,7.534975399426823E-6,8.81280235951112E-15,
1,1,0.1547915601410092,0.8321504174517326,0.010897068810436191,2.2806841795450225E-5,1.6589969779363993E-4,2.6562803641606666E-23,1.1782769472768165E-78,0.0017992867585221817,1.729602987108415E-4,9.577655017953428E-22,
0,1,0.125140165536371,0.6385492272333038,0.23502620489073017,3.385943897573486E-4,8.493333480540567E-4,1.543594121541855E-6,1.296905822738715E-75,9.493027934412884E-5,7.283180447253477E-10,1.9339043206939973E-25,
0,2,0.34927947900028194,0.08582268685973847,0.40124225982736944,1.9271548390414293E-4,0.05434490692552834,1.525571217208886E-8,0.05444707880999608,0.003655018553842666,0.051014876658923444,9.62624703376229E-7,
1,1,2.3182058878932482E-4,0.9674475998954284,5.184661028891645E-9,0.032246811281842945,3.413203200405523E-10,1.1446566476205428E-15,5.678547731378972E-77,7.376270795675743E-5,1.3740469861571472E-75,2.697361233700099E-90,
2,2,0.13692062435836305,0.14168486125690113,0.706065303901073,8.451125760749877E-9,7.007032928705235E-4,3.031865362614761E-16,0.004675686526006098,1.9735777534913492E-5,0.009933076436124434,7.093181373158989E-16,
2,0,0.5541099585713231,0.2132668477204004,0.14942617919464918,0.00555992650484662,0.0010061278778768694,2.4608355237005393E-13,0.012124584887069374,0.0011762834110030137,0.06333009183258544,1.1289037349312708E-19,
2,2,0.035737743758908015,0.014243685534440574,0.9337819192949298,3.4446451189464894E-5,0.010065835432428972,2.4032298541421517E-9,4.234145141086083E-4,4.336082795785095E-6,0.00570861652624257,1.7264587304318137E-12,
1,0,0.5872424254625929,0.15492297468520852,0.19591363966354586,8.722042017330334E-5,7.148214329112043E-4,2.9018668142284026E-14,0.00881889355613179,0.0012231412585070596,0.05107688352090048,5.742472598613136E-17,
0,0,0.6464909127553379,0.19736948786711944,0.09438383168660945,0.0024018455087525072,0.0035251113057750217,2.8578774362917247E-11,9.364227170482787E-4,0.027279798760548608,0.027612589370228546,1.2949958356978558E-15,
1,2,0.0024960837238045762,9.34802593192439E-4,0.8453107998175169,0.00878793570786854,0.1383466047875138,1.9013466445987906E-5,0.004054381934270055,2.626815498428987E-6,4.775115258915594E-5,1.3002260705817716E-12,
1,0,0.48934043211240036,0.21588741030651026,0.2000108924174146,0.008371031286257555,0.0016066445638151165,1.599213813387669E-12,0.037014061769416275,0.0026993097785455093,0.04507021776404129,6.243222234909592E-22,
1,0,0.45051307654723,0.20003802293093118,0.3320138939483943,9.624954901267028E-4,0.001514406332052287,3.6282428076899127E-12,2.0319685296732114E-77,3.774295360836615E-4,0.014580675211553654,4.161193076370336E-18,
1,1,0.010897670956841517,0.9470477301687725,0.0420540006289037,5.689514303805197E-11,3.758366221158037E-7,2.2685169518544424E-17,1.5923822559899747E-77,2.2232348138652797E-7,2.8483532681170547E-11,3.3518783270597045E-40,
