0,2,0.013952380952380952,0.13668507309683778,0.8493625459507812,
2,2,0.004607843137254902,0.11568627450980391,0.8797058823529411,
2,2,0.006999999999999999,0.10383333333333333,0.8891666666666667,
1,1,0.0316281757458228,0.5537329565858977,0.41463886766827945,
1,2,0.011529914529914531,0.06639185814185815,0.9220782273282273,
2,2,0.016,0.05273759573759574,0.9312624042624043,
2,2,0.0,0.04678521478521479,0.9532147852147852,
2,2,0.0,0.026507437007437015,0.9734925629925629,
1,1,0.00842074592074592,0.5103072205572206,0.4812720335220335,
2,2,0.009263888888888887,0.0687979797979798,0.9219381313131314,
2,2,0.013857142857142854,0.06054797979797979,0.9255948773448773,
2,2,0.0,0.05784102009102008,0.9421589799089799,
2,2,0.0,0.034095598845598846,0.9659044011544011,
1,1,0.03042459174812116,0.9458613749511583,0.023714033300720614,
1,1,0.03293907889496124,0.9433270912094441,0.023733829895594603,
1,1,0.08281906002494238,0.8720077161400691,0.045173223834988535,
1,1,0.26227810098398335,0.6230896897220427,0.11463220929397401,
1,1,0.01997290617878853,0.5098286174609704,0.4701984763602411,
1,1,0.03623715010479716,0.9299689324263628,0.033793917468840064,
1,1,0.3011910589410589,0.5592991452991454,0.1395097957597958,
1,2,0.1654662837162837,0.3695450799200799,0.46498863636363647,
1,2,0.3070833333333333,0.1487272727272728,0.544189393939394,
1,2,0.02297321142909378,0.043629564879564875,0.9333972236913414,
1,1,0.06060131225843301,0.8975065629245195,0.041892124817047405,
1,2,0.1325736763236763,0.42515473415473415,0.44227158952158957,
1,2,0.004743589743589744,0.05477398989898991,0.9404824203574204,
0,2,0.005076923076923076,0.037939005439005434,0.9569840714840714,
2,2,0.003076923076923077,0.017585470085470088,0.9793376068376068,
1,1,0.32219977081741785,0.5107758754833058,0.1670243536992763,
1,2,0.3073745698745699,0.034870351870351875,0.6577550782550783,
0,2,0.020064935064935067,0.02503119103119103,0.954903873903874,
2,2,0.025704545454545452,0.010043512043512044,0.9642519425019426,
2,2,0.010719696969696968,0.010697552447552446,0.9785827505827506,
1,2,0.015900708768355826,0.4610653360227664,0.5230339552088777,
1,2,0.017996753246753247,0.03589826839826841,0.9461049783549784,
2,2,0.0016666666666666668,0.03098840048840049,0.9673449328449328,
2,2,0.002,0.013702380952380952,0.984297619047619,
2,2,0.0,0.02028571428571429,0.9797142857142858,
1,1,0.027914890664890665,0.9688087935456358,0.0032763157894736845,
1,1,0.02327298518474989,0.9496927010897599,0.027034313725490193,
1,1,0.08240848040848042,0.8703464035964036,0.04724511599511601,
1,1,0.019908480408480412,0.863772089022089,0.11631943056943057,
1,1,0.32769419469419475,0.529032301032301,0.1432735042735043,
1,1,0.025243450993451,0.9468883806252227,0.027868168381326285,
1,1,0.022662040573805272,0.8304955648926237,0.146842394533571,
1,1,0.14611097236097234,0.4390038017538017,0.4148852258852259,
1,2,0.010865440115440116,0.4831394438894438,0.505995115995116,
1,2,0.3209285714285714,0.04289935064935065,0.636172077922078,
1,1,0.049544231911878976,0.9053122851520685,0.045143482936052595,
1,1,0.13833907187583658,0.47788767278473165,0.3837732553394318,
1,2,0.004743589743589743,0.4146843711843712,0.5805720390720391,
1,2,0.0030769230769230765,0.04103984903984903,0.9558832278832279,
0,2,0.003076923076923077,0.030029914529914527,0.9668931623931624,
1,1,0.024805151547798606,0.8091483722675673,0.16604647618463406,
1,2,0.016675360587125293,0.30776310291016173,0.675561536502713,
1,2,0.0016666666666666668,0.06384637584637586,0.9344869574869575,
2,2,0.0,0.04637271062271062,0.9536272893772894,
2,2,0.0,0.03204711954711955,0.9679528804528804,
1,1,0.26374517149517146,0.5346598730217151,0.20159495548311337,
1,2,0.2929185340802989,0.05212254901960786,0.6549589169000933,
0,2,0.01813095238095238,0.03640369352869353,0.9454653540903541,
2,2,0.021047619047619044,0.033561521811521805,0.9453908591408592,
2,2,0.02246861471861472,0.01477056277056277,0.9627608225108226,
1,1,0.27142384244977036,0.6119805219741163,0.11659563557611315,
1,1,0.27801447543487046,0.37484552103197044,0.3471400035331591,
1,2,0.22127772384497138,0.15803405911431415,0.6206882170407144,
0,2,0.06755498672482126,0.16030824474586847,0.7721367685293102,
2,2,0.053935622471943084,0.10887056417104508,0.8371938133570118,
1,1,0.32541201694894006,0.36044968845752384,0.3141382945935361,
0,2,0.0585794729050448,0.13996311297080954,0.8014574141241456,
2,2,0.07786053296872598,0.10952415300902783,0.8126153140222462,
2,2,0.021490771663087545,0.05880450169986471,0.9197047266370478,
2,2,0.02014594573737927,0.013913988912534188,0.9659400653500866,
1,2,0.3015548556329964,0.17042334956196645,0.5280217948050372,
2,2,0.05257457939316251,0.09283342987155793,0.8545919907352796,
2,2,0.007725350411374308,0.03219979640340194,0.9600748531852237,
2,2,0.0032364868737819563,0.00409538002980626,0.9926681330964118,
2,2,0.002741357003652086,0.006772391221764413,0.9904862517745835,
0,2,0.06071204040404704,0.11474979860607902,0.8245381609898739,
2,2,0.025819755464278796,0.029572471139408262,0.944607773396313,
2,2,0.004901742325471138,0.007369123888303191,0.9877291337862256,
2,2,4.545454545454545E-4,0.001212121212121212,0.9983333333333333,
2,2,5.844155844155845E-4,0.0038891324040793668,0.9955264520115051,
2,2,0.03318980026028989,0.11366083628289946,0.8531493634568107,
2,2,0.031017306880870454,0.015280800533799033,0.9537018925853304,
2,2,0.004639504563233376,0.00837272173972713,0.9869877736970395,
2,2,1.923076923076923E-4,0.0022157190635451506,0.9975919732441472,
2,2,3.221778221778222E-4,0.004892730255503304,0.9947850919223188,
1,1,0.06470215614406225,0.8484860990346151,0.0868117448213226,
1,1,0.23896638432481634,0.6605173550381378,0.10051626063704588,
1,1,0.06803579879108344,0.6058468828497064,0.32611731835921015,
1,1,0.24879009607443828,0.41012044002475007,0.34108946390081174,
1,2,0.054289987565815816,0.37072581361798074,0.5749841988162034,
1,1,0.2756065154814118,0.6421083689001102,0.08228511561847805,
1,1,0.2566402452995333,0.38569028701130137,0.3576694676891654,
1,2,0.26994052590875084,0.11957582771225546,0.6104836463789937,
0,2,0.037049214258032676,0.0724614143024479,0.8904893714395193,
2,2,0.037838809466745546,0.03008683003104593,0.9320743605022085,
1,1,0.04143098466946697,0.5974073978771341,0.3611616174533988,
1,2,0.22406935857034208,0.10495376510242452,0.6709768763272334,
2,2,0.01032391469233897,0.04273035213272427,0.9469457331749368,
2,2,0.00534856296972902,0.012951009378319858,0.9817004276519511,
2,2,0.00747843309959915,0.016294687236944678,0.9762268796634562,
1,2,0.2759169240192722,0.35320807857194914,0.3708749974087786,
0,2,0.03534974942667315,0.04849895610289514,0.9161512944704318,
2,2,0.011455434811564004,0.018071158465574957,0.970473406722861,
2,2,0.00830547991435088,0.010929095098449935,0.9807654249871992,
2,2,0.006609953218824187,0.014891820576122374,0.9784982262050534,
1,2,0.036134763240594434,0.30822095313737113,0.6556442836220345,
2,2,0.037802836973800935,0.028771826348591455,0.9334253366776076,
2,2,0.005651530382659576,0.01966901744802474,0.9746794521693157,
2,2,6.761786600496277E-4,0.01173691079085642,0.9875869105490939,
2,2,8.060487899197577E-4,0.013580588649481242,0.9856133625605991,
1,1,0.03283104597036393,0.9206900373899012,0.046478916639734774,
1,1,0.04032036197179415,0.8774957493296446,0.08218388869856132,
1,1,0.21933782838611315,0.6751648068925077,0.10549736472137916,
1,1,0.055135543036414734,0.6287671366022061,0.31609732036137916,
1,1,0.025678724571082338,0.6010208618437886,0.37330041358512905,
1,1,0.04501022592950201,0.8788868856772288,0.07610288839326917,
1,1,0.06184285864211474,0.5837354897168704,0.35442165164101486,
1,2,0.25865901226720533,0.29142268138124033,0.4499183063515543,
1,2,0.022430165602481483,0.2971132309822781,0.6804566034152405,
1,2,0.02290352149495502,0.02819790967013915,0.9488985688349059,
1,1,0.24167576413625788,0.6196822703797108,0.13864196548403138,
1,2,0.26041834673692976,0.29333215337028146,0.4462494998927887,
1,2,0.03407333575935965,0.08078718940255963,0.8851394748380806,
0,2,0.01682860962031647,0.0322010684590241,0.9509703219206593,
2,2,0.019350636612931692,0.03816266761204081,0.9424866957750275,
1,1,0.07341533710734376,0.49792477069281577,0.4286598921998405,
1,2,0.03560064124516457,0.06007233238926951,0.904327026365566,
0,2,0.024354733778462596,0.03329048030965962,0.9423547859118778,
2,2,4.545454545454546E-4,0.01571528471528472,0.9838301698301699,
2,2,5.844155844155845E-4,0.017418713933660894,0.9819968704819234,
1,2,0.028820227023069585,0.4268543780352647,0.5443253949416658,
1,2,0.036468064456628035,0.05139191164491016,0.9121400238984618,
2,2,0.021949638873367688,0.041976257093262484,0.9360741040333699,
2,2,1.9230769230769228E-4,0.02645600655383264,0.9733516857538597,
2,2,3.2217782217782223E-4,0.024691792304565356,0.9749860298732568,
1,1,0.049718837100802125,0.9137214936787106,0.03655966922048738,
1,1,0.062212529444843984,0.8695498496410978,0.06823762091405824,
1,1,0.04336583224499931,0.8621595498946037,0.09447461786039699,
1,1,0.3026543338860879,0.5535041095965321,0.14384155651738,
1,2,0.0393685110917512,0.44122828105856066,0.5194032078496881,
1,1,0.06381787089891167,0.8723175661079092,0.06386456299317902,
1,1,0.34127850632776235,0.47905017503155584,0.17967131864068187,
1,2,0.09603019663838966,0.31900494633850524,0.584964857023105,
1,2,0.3249377413600572,0.08232726694631418,0.5927349916936286,
1,2,0.04221006625738214,0.05426869999092946,0.9035212337516885,
1,1,0.046630122041854107,0.8490283424363092,0.10434153552183673,
1,2,0.05486620443478754,0.3621804717185997,0.5829533238466127,
1,2,0.002584324770348666,0.07423874356734911,0.9231769316623023,
1,2,0.003073025335320417,0.03972669316111938,0.9572002815035602,
1,2,0.0012028954651905474,0.01621683566620886,0.9825802688686006,
1,1,0.35660504609117044,0.4753283997435036,0.16806655416532595,
1,2,0.32809176123628464,0.05123769480463194,0.6206705439590834,
1,2,0.020364113287842097,0.026417408936588237,0.9532184777755697,
0,2,0.026159090909090903,0.009717171717171715,0.9641237373737375,
2,2,0.01130411255411255,0.011381556646503607,0.9773143307993838,
1,2,0.028918303782911037,0.39797320365409034,0.5731084925629986,
1,2,0.04184739346095703,0.041179068932067436,0.9169735376069755,
1,2,0.0017036071273359408,0.033250011117016504,0.9650463817556475,
2,2,0.002192307692307692,0.013060957158783243,0.9847467351489091,
2,2,3.2217782217782223E-4,0.020654635017408066,0.979023187160414,
1,1,0.04720913601757164,0.936668912273188,0.01612195170924045,
1,1,0.05254643573463262,0.8759154595214135,0.07153810474395385,
1,1,0.04295525262853735,0.8604982373509382,0.09654651002052446,
1,1,0.06028471331058499,0.7941865088965784,0.14552877779283657,
1,1,0.34708979960715736,0.4604319646298913,0.19247823576295126,
1,1,0.05282417178756551,0.8892370143067693,0.057938813905665264,
1,1,0.06274948796050876,0.7502465946250342,0.18700391741445707,
1,2,0.07667488528307828,0.3884636681722272,0.5348614465446945,
1,2,0.028719848142164026,0.4167394381084853,0.5545407137493508,
1,2,0.3401654262568598,0.05353848576071525,0.606296087982425,
1,1,0.035573041695300074,0.8568340646638579,0.1075928936408419,
1,2,0.06063159998694781,0.41491341034859713,0.5244549896644551,
1,2,0.002584324770348666,0.43414912485273044,0.563266550376921,
1,2,0.0010730253353204173,0.04282753676196298,0.9560994379027166,
1,2,0.0012028954651905472,0.0286612801106533,0.9701358244241561,
1,1,0.0592104268215511,0.7737008965277653,0.1670886766506837,
1,2,0.037392551948839996,0.3241304458444419,0.6384770022067182,
1,2,0.001965844889573703,0.06523259375177305,0.9328015613586532,
1,2,4.5454545454545455E-4,0.04604637029637029,0.9534990842490842,
0,2,5.844155844155845E-4,0.03273112374607071,0.9666844606695137,
1,1,0.27676276650972664,0.47156774065303914,0.2516694928372342,
1,2,0.3167691742945026,0.05740334955340689,0.6258274761520906,
1,2,0.018167892841621652,0.03866530415730954,0.9431668030010688,
0,2,0.021239926739926734,0.032920098017924095,0.9458399752421491,
2,2,0.022790792540792536,0.01513948350225655,0.9620697239569509,
1,1,0.27142384244977036,0.6119805219741163,0.11659563557611315,
1,1,0.27801447543487046,0.37484552103197044,0.3471400035331591,
1,2,0.22127772384497138,0.15803405911431415,0.6206882170407144,
1,2,0.06755498672482126,0.16030824474586847,0.7721367685293102,
0,2,0.053935622471943084,0.10887056417104508,0.8371938133570118,
1,1,0.32541201694894006,0.36044968845752384,0.3141382945935361,
1,2,0.0585794729050448,0.13996311297080954,0.8014574141241456,
2,2,0.07786053296872598,0.10952415300902783,0.8126153140222462,
2,2,0.021490771663087545,0.05880450169986471,0.9197047266370478,
2,2,0.02014594573737927,0.013913988912534188,0.9659400653500866,
1,2,0.3015548556329964,0.17042334956196645,0.5280217948050372,
2,2,0.05257457939316251,0.09283342987155793,0.8545919907352796,
2,2,0.007725350411374308,0.03219979640340194,0.9600748531852237,
2,2,0.0032364868737819563,0.00409538002980626,0.9926681330964118,
2,2,0.002741357003652086,0.006772391221764413,0.9904862517745835,
1,2,0.06071204040404704,0.11474979860607902,0.8245381609898739,
2,2,0.025819755464278796,0.029572471139408262,0.944607773396313,
2,2,0.004901742325471138,0.007369123888303191,0.9877291337862256,
2,2,4.545454545454545E-4,0.001212121212121212,0.9983333333333333,
2,2,5.844155844155845E-4,0.0038891324040793668,0.9955264520115051,
0,2,0.03318980026028989,0.11366083628289946,0.8531493634568107,
2,2,0.031017306880870454,0.015280800533799033,0.9537018925853304,
2,2,0.004639504563233376,0.00837272173972713,0.9869877736970395,
2,2,1.923076923076923E-4,0.0022157190635451506,0.9975919732441472,
2,2,3.221778221778222E-4,0.004892730255503304,0.9947850919223188,
1,1,0.06470215614406225,0.8484860990346151,0.0868117448213226,
1,1,0.23896638432481634,0.6605173550381378,0.10051626063704588,
1,1,0.06803579879108344,0.6058468828497064,0.32611731835921015,
1,1,0.24879009607443828,0.41012044002475007,0.34108946390081174,
1,2,0.054289987565815816,0.37072581361798074,0.5749841988162034,
1,1,0.2756065154814118,0.6421083689001102,0.08228511561847805,
1,1,0.2566402452995333,0.38569028701130137,0.3576694676891654,
1,2,0.26994052590875084,0.11957582771225546,0.6104836463789937,
1,2,0.037049214258032676,0.0724614143024479,0.8904893714395193,
0,2,0.037838809466745546,0.03008683003104593,0.9320743605022085,
1,1,0.04143098466946697,0.5974073978771341,0.3611616174533988,
1,2,0.22406935857034208,0.10495376510242452,0.6709768763272334,
1,2,0.01032391469233897,0.04273035213272427,0.9469457331749368,
2,2,0.00534856296972902,0.012951009378319858,0.9817004276519511,
2,2,0.00747843309959915,0.016294687236944678,0.9762268796634562,
1,2,0.2759169240192722,0.35320807857194914,0.3708749974087786,
1,2,0.03534974942667315,0.04849895610289514,0.9161512944704318,
2,2,0.011455434811564004,0.018071158465574957,0.970473406722861,
2,2,0.00830547991435088,0.010929095098449935,0.9807654249871992,
2,2,0.006609953218824187,0.014891820576122374,0.9784982262050534,
1,2,0.036134763240594434,0.30822095313737113,0.6556442836220345,
0,2,0.037802836973800935,0.028771826348591455,0.9334253366776076,
2,2,0.005651530382659576,0.01966901744802474,0.9746794521693157,
2,2,6.761786600496277E-4,0.01173691079085642,0.9875869105490939,
2,2,8.060487899197577E-4,0.013580588649481242,0.9856133625605991,
1,1,0.03283104597036393,0.9206900373899012,0.046478916639734774,
1,1,0.04032036197179415,0.8774957493296446,0.08218388869856132,
1,1,0.21933782838611315,0.6751648068925077,0.10549736472137916,
1,1,0.055135543036414734,0.6287671366022061,0.31609732036137916,
1,1,0.025678724571082338,0.6010208618437886,0.37330041358512905,
1,1,0.04501022592950201,0.8788868856772288,0.07610288839326917,
1,1,0.06184285864211474,0.5837354897168704,0.35442165164101486,
1,2,0.25865901226720533,0.29142268138124033,0.4499183063515543,
1,2,0.022430165602481483,0.2971132309822781,0.6804566034152405,
1,2,0.02290352149495502,0.02819790967013915,0.9488985688349059,
1,1,0.24167576413625788,0.6196822703797108,0.13864196548403138,
1,2,0.26041834673692976,0.29333215337028146,0.4462494998927887,
1,2,0.03407333575935965,0.08078718940255963,0.8851394748380806,
1,2,0.01682860962031647,0.0322010684590241,0.9509703219206593,
0,2,0.019350636612931692,0.03816266761204081,0.9424866957750275,
1,1,0.07341533710734376,0.49792477069281577,0.4286598921998405,
1,2,0.03560064124516457,0.06007233238926951,0.904327026365566,
1,2,0.024354733778462596,0.03329048030965962,0.9423547859118778,
2,2,4.54545454545