2,2,0.11986111111111108,0.14757857142857142,0.7325603174603175,
0,2,0.3870395053361846,0.17016520715813208,0.44279528750568337,
2,2,0.027419464919464915,0.3608796734090852,0.6117008616714499,
2,2,0.31934710199063554,0.2421255387408845,0.4385273592684799,
1,1,0.10737778887778889,0.7162890442890444,0.17633316683316685,
2,1,0.027662918476871967,0.552208651813303,0.42012842970982506,
1,1,0.04767857142857143,0.5379951298701299,0.4143262987012987,
2,2,0.02933974358974359,0.3706278721278721,0.6000323842823843,
2,2,0.18584012066365008,0.11750836744954393,0.696651511886806,
2,2,0.06117167919799499,0.0859812030075188,0.8528471177944863,
2,2,0.044588345864661656,0.2693350041771094,0.6860766499582289,
2,2,0.20009109311740889,0.22669365721997303,0.573215249662618,
2,2,0.07454453324453325,0.2248315573315573,0.7006239094239095,
2,1,0.047411329511329516,0.5122159841659841,0.4403726863226863,
2,2,0.08652197802197804,0.12566666666666668,0.7878113553113553,
2,2,0.10149999999999998,0.2903809523809524,0.6081190476190476,
2,2,0.18248872180451126,0.04706015037593986,0.7704511278195488,
1,1,0.2387503238180984,0.40308525338956314,0.3581644227923384,
2,2,0.06649178057714644,0.2696914502682078,0.6638167691546457,
2,2,0.041680148680148674,0.41180632355632363,0.5465135277635278,
1,1,0.15112067083243555,0.6349912949795303,0.21388803418803423,
2,2,0.032924488753255876,0.4464926420611352,0.5205828691856089,
2,2,0.10676233853865433,0.3202464815885868,0.5729911798727588,
1,2,0.13711399711399713,0.3905111555111555,0.4723748473748474,
1,1,0.34911194361194364,0.4401244866244866,0.21076356976356977,
1,2,0.2322503220356879,0.2842273140540716,0.48352236391024056,
2,2,0.01207640238808403,0.12942269013257457,0.8585009074793415,
1,1,0.2823229029953168,0.5747169749686231,0.14296012203606018,
1,2,0.08240217424700184,0.3166269403165955,0.6009708854364026,
2,2,0.09081225043072867,0.23693173372521198,0.6722560158440594,
2,2,0.13068708393056216,0.2564328159762942,0.6128801000931435,
0,0,0.43046983014224394,0.32304800994671684,0.24648215991103925,
2,2,0.10450601543770943,0.24099096966583308,0.6545030148964575,
2,2,0.014909560329618043,0.2354595372854569,0.749630902384925,
2,2,0.18610567106675482,0.12546497700438589,0.6884293519288592,
2,2,0.07374070042317699,0.33186298076955373,0.5943963188072693,
2,1,0.023243903370219157,0.5587297608090178,0.41802633582076304,
2,2,0.0334454041986655,0.28755466300593374,0.6789999327954008,
0,1,0.0812420634920635,0.5576666666666665,0.3610912698412698,
0,1,0.17177087646652864,0.46654965924775704,0.36167946428571424,
2,2,0.007109803438570562,0.4039373085058017,0.5889528880556277,
2,1,0.027303887132654258,0.5791173229358161,0.39357878993152967,
2,1,0.04893650793650793,0.5540277777777778,0.39703571428571427,
2,2,0.09637874779541444,0.1865864197530864,0.7170348324514991,
1,1,0.2848131592963525,0.4602889703200628,0.25489787038358475,
2,2,0.007139788009353228,0.21394342610455142,0.7789167858860954,
1,1,0.05039619269619269,0.671413986013986,0.27818982128982134,
0,2,0.09880289542364158,0.24392726068192874,0.6572698438944297,
2,2,0.2753452112966398,0.33285847454133166,0.3917963141620284,
1,1,0.09712279551472051,0.6539191397858023,0.24895806469947718,
2,2,0.020992135661700877,0.21279149253760235,0.7662163718006967,
1,1,0.13698598121208475,0.6938793589829636,0.16913465980495163,
2,2,0.06133224085855665,0.39703158537369054,0.5416361737677529,
0,2,0.019183089307312908,0.30027091361718694,0.6805459970755001,
1,1,0.2070561702173702,0.5826729484728639,0.2102708813097659,
2,2,0.02638425066996495,0.17574695938981652,0.7978687899402185,
1,2,0.13431733483907396,0.32648171152518984,0.5392009536357363,
1,1,0.21952294002294,0.5532602212602211,0.22721683871683873,
2,2,0.04653296703296704,0.3029695304695305,0.6504975024975025,
1,1,0.20558523402280515,0.4025079556897394,0.3919068102874554,
2,2,0.3853876651670769,0.12051767676767676,0.4940946580652464,
2,2,0.07937915921826229,0.1992782046173077,0.7213426361644301,
2,2,0.03428571428571428,0.17794871794871794,0.7877655677655677,
2,2,0.034435796286302535,0.4642805232620599,0.5012836804516376,
2,2,0.09718248631125345,0.2946132103817035,0.608204303307043,
1,1,0.18125932367570605,0.4719038887984718,0.3468367875258222,
2,2,0.03890750915750916,0.2571475142504554,0.7039449765920354,
2,2,0.08569635366591889,0.11240404489752315,0.8018996014365579,
2,2,0.24445769322238778,0.05005151424321613,0.7054907925343961,
2,2,0.054923809523809514,0.04392857142857142,0.9011476190476191,
2,2,0.10522851805728518,0.30999791456640774,0.5847735673763071,
1,2,0.1275906801926726,0.3830932832189948,0.48931603658833256,
2,2,0.07483333333333334,0.2063939393939394,0.7187727272727272,
2,2,0.014456349206349209,0.1450476190476191,0.8404960317460317,
2,2,0.015228518057285178,0.4346923590108521,0.5500791229318627,
2,2,0.019860714285714284,0.16385526315789473,0.816284022556391,
2,2,0.07028407224958949,0.45277339901477837,0.47694252873563214,
2,2,0.02780952380952381,0.20494841269841266,0.7672420634920636,
2,2,0.023336119554204664,0.26885078831831355,0.7078130921274818,
2,2,0.0343015873015873,0.27848720397249804,0.6872112087259146,
2,2,0.020072259136212623,0.22288727710957532,0.757040463754212,
2,2,0.1168431034718706,0.3110696983381915,0.572087198189938,
2,2,0.019178571428571427,0.1289004329004329,0.8519209956709958,
2,2,0.01768921080877603,0.3942349972784755,0.5880757919127485,
2,2,0.0637222360972361,0.07638748887278299,0.8598902750299809,
0,1,0.35841216691804934,0.36626852689793865,0.275319306184012,
2,2,0.03227092076548598,0.3085553435988218,0.6591737356356921,
2,2,0.004322424750331727,0.16629355381373168,0.8293840214359366,
2,2,0.1198497474747475,0.19076371912401324,0.6893865334012393,
2,2,0.031256540473465495,0.21707643107913477,0.7516670284473997,
0,2,0.0852907268170426,0.3018717627401838,0.6128375104427736,
1,1,0.16099278981071444,0.5546190975278662,0.28438811266141917,
2,2,0.06590873015873015,0.2877794117647059,0.6463118580765639,
1,1,0.16394468935457307,0.5812208389915298,0.2548344716538971,
1,1,0.04080746702185982,0.7243456145570089,0.23484691842113134,
1,1,0.3328437482915095,0.3563626845791025,0.31079356712938805,
2,2,0.0806906392694064,0.15809279191128506,0.7612165688193084,
2,2,0.048467553899247895,0.0432400539149173,0.9082923921858348,
0,2,0.3565739316239317,0.25777179487179486,0.38565427350427345,
2,2,0.165395535020535,0.16400709475709477,0.6705973702223703,
2,2,0.0962721583971584,0.2791349206349207,0.624592920967921,
2,2,0.0757876849341135,0.2716754198182769,0.6525368952476096,
2,2,0.05323809523809524,0.18260526315789477,0.7641566416040101,
2,2,0.10721146745411449,0.12961007130124774,0.7631784612446377,
2,2,0.027518467852257183,0.08958813006419025,0.8828934020835526,
2,2,0.030142445783510653,0.10004718116101224,0.8698103730554771,
2,2,0.25433488612836436,0.04164044168391994,0.7040246721877156,
2,2,0.0774819508448541,0.088228853046595,0.834289196108551,
2,2,0.02700980392156863,0.3630503565062389,0.6099398395721924,
2,2,0.03662608225108224,0.03749675324675324,0.9258771645021645,
2,2,0.0831171679197995,0.058587390825548716,0.8582954412546517,
1,1,0.1608728100394767,0.45924772991439666,0.37987946004612666,
1,1,0.17834795834795836,0.7587755321965849,0.06287650945545682,
2,2,0.0023611111111111107,0.00875,0.9888888888888888,
2,2,0.04454532967032966,0.1010840874811463,0.854370582848524,
2,2,0.023874458874458868,0.2469198564593301,0.7292056846662109,
2,2,0.03553113553113554,0.20920945720945722,0.7552594072594073,
2,2,0.006423160173160173,0.1996027568922306,0.7939740829346092,
2,2,0.12009902597402598,0.1374770202020202,0.7424239538239538,
2,2,0.015533891954258099,0.1983979542136113,0.7860681538321306,
2,2,0.04271969696969696,0.12107305194805194,0.8362072510822511,
2,1,0.11187704965436054,0.6554664849622833,0.2326564653833561,
2,2,0.009444934794080904,0.22136127451165405,0.7691937906942651,
2,2,0.052215536334822614,0.2338118054759995,0.7139726581891779,
2,2,0.007845373273762023,0.3940711676440577,0.5980834590821803,
2,2,0.031972679965533934,0.10294694091689291,0.8650803791175731,
2,2,0.010334467120181405,0.21588151927437643,0.7737840136054421,
1,1,0.12283333333333334,0.5094799498746867,0.36768671679197995,
0,2,0.1814325951825952,0.32124997224997226,0.4973174325674325,
2,2,0.10565923941600344,0.09030832489775818,0.8040324356862384,
2,2,0.06387193086649609,0.3106055517036904,0.6255225174298136,
2,1,0.08641720779220781,0.4846584928229665,0.42892429938482574,
1,2,0.021833333333333337,0.31530769230769234,0.6628589743589743,
1,2,0.17493199855699856,0.2533740391722099,0.5716939622707915,
2,2,0.11954435683364255,0.140370670995671,0.7400849721706865,
1,1,0.2815641321044547,0.45971277997364957,0.2587230879218958,
0,2,0.3382105133884204,0.20978609904307574,0.4520033875685038,
2,2,0.024268711465692882,0.15655312205854,0.819178166475767,
2,2,0.10468453768453767,0.18838519753380434,0.7069302647816579,
2,2,0.016666666666666666,0.07516205956066638,0.908171273772667,
2,2,0.12067714076047407,0.1372159860931791,0.7421068731463468,
1,1,0.07809722222222222,0.7073194444444445,0.21458333333333332,
2,2,0.11321230893741414,0.15929795110587538,0.7274897399567105,
2,2,0.08765412277176983,0.18063521147499476,0.7317106657532354,
2,2,0.10565587233133002,0.03948759653771095,0.854856531130959,
2,2,0.12136097236097237,0.2153981018981019,0.6632409257409257,
1,1,0.2643396027578323,0.3790437430786268,0.3566166541635409,
1,1,0.12416392154268867,0.5166254534526422,0.3592106250046691,
0,1,0.07117007279883993,0.6689274940046829,0.25990243319647727,
2,1,0.025531427053166182,0.5534667571298006,0.42100181581703316,
0,2,0.10086956521739131,0.36740579710144927,0.5317246376811595,
1,2,0.20589995402872113,0.24906626264345139,0.5450337833278274,
2,2,0.03809126984126983,0.10774999999999998,0.8541587301587302,
2,2,0.08487588468795365,0.389675003528727,0.5254491117833193,
2,1,0.021586534889923632,0.5216132228111128,0.45680024229896354,
1,1,0.17010663911252147,0.5859573380867499,0.24393602280072865,
0,2,0.22475699901305102,0.3213924847382772,0.4538505162486717,
2,2,0.05212731310281936,0.1301354738670105,0.8177372130301701,
2,2,0.015331168831168829,0.26828636363636366,0.7163824675324675,
1,1,0.13749072681704258,0.47792603624445723,0.3845832369385001,
2,1,0.03330466830466831,0.4973803117479589,0.4693150199473729,
1,1,0.08724406224406225,0.5504832104832106,0.36227272727272725,
2,2,0.004653079210532627,0.25192764148354213,0.7434192793059253,
2,2,0.1061111111111111,0.19966666666666666,0.6942222222222222,
2,2,0.010211505181070397,0.4252498490933273,0.5645386457256023,
2,2,0.10558904151404151,0.17330416065416065,0.7211067978317979,
0,2,0.1526923076923077,0.40831196581196577,0.4389957264957265,
2,2,0.03544223635400106,0.33704328817308365,0.6275144754729152,
1,1,0.08132142857142856,0.5388498329156224,0.37982873851294907,
2,2,0.0933318876606548,0.3075495827357229,0.5991185296036222,
2,2,0.015751760163524874,0.30885927361354304,0.675388966222932,
1,1,0.12628333333333333,0.5084833333333334,0.36523333333333335,
2,2,0.02776223776223776,0.43367264402264405,0.5385651182151182,
1,1,0.08230313212090674,0.5651505769548867,0.3525462909242066,
2,2,0.01381484794275492,0.36633826837315214,0.619846883684093,
1,1,0.22472008035745802,0.4213205294926468,0.35395939014989514,
2,2,0.2523568376068376,0.15548107448107448,0.5921620879120879,
2,2,0.02874812687312687,0.10648518148518148,0.8647666916416916,
1,1,0.12919288040808494,0.5661510379458494,0.30465608164606556,
2,2,0.11019501244328829,0.12614059821881962,0.763664389337892,
1,1,0.09501813332934614,0.5016796698209742,0.40330219684967966,
2,1,0.10023131050304965,0.536853370516414,0.3629153189805364,
2,1,0.11328080488598712,0.45348951159971923,0.4332296835142936,
2,2,0.08200660815792395,0.26272475019820224,0.6552686416438739,
2,2,0.2545287037037037,0.14717777777777777,0.5982935185185185,
2,2,0.16592376496052963,0.21104166666666668,0.6230345683728036,
1,1,0.09315990395731774,0.4636990117227186,0.4431410843199637,
1,1,0.14733170498084294,0.6193113984674329,0.23335689655172417,
2,2,0.0889896516801829,0.15563465435041773,0.7553756939693993,
0,2,0.0756709956709957,0.10964790764790767,0.8146810966810967,
1,2,0.17633691383691386,0.2297223047223047,0.5939407814407814,
1,1,0.10004115541992252,0.47199215089251045,0.427966693687567,
1,1,0.21644854153782725,0.4963142551892552,0.2872372032729176,
1,2,0.19616860956503815,0.21579678456464169,0.5880346058703201,
2,2,0.2199166596541257,0.053951645948553166,0.7261316943973212,
2,2,0.024481608432846826,0.4033185001273237,0.5721998914398295,
2,2,0.023779180695847363,0.35764233605900275,0.6185784832451499,
0,1,0.14186485831628687,0.5423722940551512,0.315762847628562,
2,2,0.14552418790482702,0.24552265810630472,0.6089531539888683,
2,1,0.12090611333111335,0.5554239066489067,0.32366998001998004,
2,2,0.11235112185112188,0.28810600435600436,0.5995428737928737,
0,1,0.12936902616902618,0.439853196053196,0.43077777777777776,
2,2,0.0902868375075692,0.2341045343996563,0.6756086280927746,
2,1,0.226425879902295,0.4214965922796111,0.3520775278180938,
1,2,0.19920766055910985,0.26436773212135534,0.5364246073195349,
2,2,0.32598938223938223,0.11163095238095234,0.5623796653796654,
1,1,0.03366005927569395,0.6108575679966934,0.3554823727276126,
1,1,0.06833927836869014,0.6941983702571938,0.2374623513741161,
0,2,0.02674079811036333,0.26949066498033886,0.7037685369092977,
2,2,0.12425548795548794,0.25838816170066164,0.6173563503438504,
0,2,0.18853779553779557,0.3573949383949384,0.45406726606726605,
0,2,0.24377940850451366,0.18170392908846625,0.5745166624070202,
1,0,0.41715924688338474,0.41304098054300886,0.16979977257360623,
0,1,0.09296302033258552,0.5236156649803388,0.3834213146870756,
2,2,0.2951866969009826,0.24208730158730155,0.46272600151171583,
0,2,0.07073251823251822,0.4007601557601558,0.5285073260073259,
2,2,0.12997050987259715,0.17668796168701292,0.69334152844039,
2,2,0.020555555555555553,0.34886147186147193,0.6305829725829725,
1,2,0.045735610032017225,0.42145390221887225,0.5328104877491104,
2,2,0.11394393569393567,0.15978835978835979,0.7262677045177046,
2,1,0.16599909420118147,0.5673622468612981,0.2666386589375204,
1,2,0.07808793271669985,0.4231919425191314,0.4987201247641688,
0,1,0.17741106971887097,0.48994787305701043,0.33264105722411846,
2,2,0.15284090909090908,0.2516868686868687,0.5954722222222223,
1,1,0.16416518322834112,0.4485351091693197,0.3872997076023391,
1,1,0.05808867438867438,0.6721654448395817,0.26974588077174394,
2,2,0.14038409214457653,0.14336932328677612,0.7162465845686473,
2,2,0.3074791168822619,0.2207866975130133,0.4717341856047247,
1,2,0.14205141009808944,0.3456096516025765,0.5123389382993341,
1,1,0.30612256871443533,0.5055217974870125,0.18835563379855222,
1,1,0.0923682792657336,0.7199231343152241,0.18770858641904228,
2,2,0.09384199134199134,0.19934823232323232,0.7068097763347763,
1,2,0.15919510157373284,0.4022666727098288,0.4385382257164383,
1,1,0.11641742028269969,0.5001062592059364,0.3834763205113639,
2,1,0.24584114893043463,0.4390391691641692,0.31511968190539624,
0,1,0.2709838201197227,0.49624412142262037,0.23277205845765686,
1,2,0.21635827903704613,0.3487803485575373,0.4348613724054165,
1,1,0.09818798369422134,0.6905395625832758,0.21127245372250297,
0,1,0.21505259446435915,0.49290752058399123,0.2920398849516497,
2,2,0.23873865425241475,0.162145737224417,0.5991156085231681,
1,1,0.06551922458172457,0.6316266087516087,0.30285416666666665,
1,2,0.16036228105256048,0.27199689263186394,0.5676408263155754,
2,2,0.193467005967006,0.24831113256113255,0.5582218614718615,
1,1,0.09285928785928785,0.6076564255718668,0.2994842865688454,
1,1,0.07535039682539682,0.7253048036758563,0.19934479949874692,
1,2,0.13780685595139974,0.31586928999653435,0.546323854052066,
2,2,0.13622978508832642,0.27737422228266434,0.5863959926290093,
1,1,0.15844542835721565,0.6350482808290733,0.206506290813711,
1,2,0.10639068894068891,0.33743367003367,0.556175641025641,
1,2,0.27689555810883093,0.27922076306920324,0.44388367882196583,
1,2,0.09193890491065161,0.2614063658094754,0.646654729279873,
1,1,0.052126657426657425,0.5959422327009284,0.35193110987241416,
2,2,0.1650313492063492,0.24275648148148143,0.5922121693121692,
0,1,0.09679951966908486,0.5854685624903017,0.3177319178406135,
1,1,0.07069551986827603,0.5773367113005857,0.35196776883113834,
0,2,0.3372834705847097,0.24688622434553215,0.41583030506975815,
1,2,0.28885686591020593,0.26800643308170724,0.4431367010080868,
1,1,0.30496814011913403,0.3877832483670073,0.3072486115138586,
2,2,0.014950980392156865,0.12502181641887528,0.8600272031889679,
0,2,0.07287141687141686,0.2475757575757576,0.6795528255528255,
0,2,0.2193990217299041,0.36190347805788986,0.41869750021220614,
1,1,0.22751222328396242,0.4896193724277248,0.2828684042883128,
0,2,0.1746106870187416,0.14630065834245556,0.6790886546388027,
2,2,0.04874991660217236,0.3123457141313007,0.6389043692665269,
2,2,0.17525039682539678,0.11788928571428574,0.7068603174603174,
1,2,0.2973070345860464,0.3268156190361539,0.3758773463777998,
2,2,0.059578921078921085,0.22606074481074478,0.7143603341103342,
1,1,0.2568175972453766,0.37309561305558425,0.3700867896990391,
1,1,0.1423641315659574,0.6085995104785177,0.2490363579555248,
2,2,0.12578767903387772,0.05953079514824799,0.8146815258178743,
1,2,0.07332753773749537,0.11007712715975428,0.8165953351027504,
2,2,0.0074090909090909094,0.17371891996891997,0.8188719891219891,
1,1,0.21606035012285008,0.450943625068625,0.3329960248085248,
2,2,0.06423015873015873,0.31292857142857144,0.62284126984127,
0,1,0.06554967697209076,0.47344947578568264,0.4610008472422266,
2,1,0.03306166056166056,0.4902222222222221,0.47671611721611723,
2,2,0.14365079365079367,0.23933333333333334,0.617015873015873,
2,2,0.029999999999999992,0.2510169552669552,0.7189830447330448,
2,2,0.05646339059215772,0.2814220457492345,0.6621145636586077,
2,2,0.010879120879120878,0.4431594516594516,0.5459614274614275,
0,2,0.2104520997995574,0.3333166329874954,0.45623126721294716,
2,2,0.022055315846434265,0.18015357291702105,0.7977911112365448,
2,2,0.057716450216450214,0.40218290043290045,0.5401006493506493,
2,2,0.14190586558755958,0.22637377204863543,0.631720362363805,
2,2,0.17017857142857146,0.0905925925925926,0.7392288359788359,
2,2,0.07249999999999998,0.014999999999999998,0.9125,
2,2,0.06044830827067669,0.11246569074200653,0.8270860009873168,
2,2,0.10176197259530592,0.26599295765962433,0.6322450697450698,
2,2,0.053289893504805785,0.22589488029838908,0.7208152261968052,
2,2,0.11141703296703294,0.2830111111111111,0.6055718559218559,
0,2,0.26431856975321627,0.14071547371435458,0.5949659565324291,
0,2,0.272358839619324,0.20321492213237494,0.524426238248301,
2,2,0.01693376068376069,0.11218861534378781,0.8708776239724515,
2,2,0.10619748882082118,0.18057546962004972,0.7132270415591291,
1,2,0.16376252723311546,0.19523403149138438,0.6410034412755001,
2,2,0.01581453634085213,0.14399122807017542,0.8401942355889724,
2,2,0.034008658008658,0.23252878787878786,0.7334625541125541,
0,1,0.22978798926212718,0.44980293080495926,0.3204090799329136,
2,2,0.011111111111111112,0.02412012012012012,0.9647687687687687,
2,2,0.03729166666666667,0.144375,0.8183333333333332,
1,1,0.2703613049355884,0.38627445538608973,0.3433642396783218,
2,2,0.013243243243243243,0.15177305127305127,0.8349837054837055,
2,2,0.07979176254427803,0.33552231922878206,0.5846859182269398,
2,2,0.01271794871794872,0.1697216117216117,0.8175604395604396,
1,2,0.012941025641025642,0.4601881784881784,0.526870795870796,
2,2,0.05355152157783737,0.39711982719722655,0.5493286512249361,
2,2,0.09649816849816849,0.23126190476190472,0.6722399267399268,
2,2,0.12539704814704816,0.2692696185196185,0.6053333333333333,
2,2,0.07949884515209592,0.04640746138965954,0.8740936934582446,
2,2,0.1147941787941788,0.3535770055770056,0.5316288156288156,
2,2,0.19924655974655978,0.17222505197505197,0.6285283882783883,
2,2,0.07397075147075145,0.2860826118326118,0.6399466366966367,
2,2,0.11707342657342658,0.14018521756021754,0.7427413558663559,
2,2,0.08744920255183411,0.10555324295587454,0.8069975544922914,
2,2,0.13875794519848444,0.18716308253105846,0.6740789722704571,
0,2,0.18579633410068191,0.20792808640634727,0.6062755794929707,
2,2,0.033312576312576316,0.24565090465090467,0.7210365190365191,
0,2,0.12314618594767718,0.23484396480784567,0.6420098492444771,
2,2,0.023083556083556084,0.25993231693231694,0.716984126984127,
2,2,0.028178215809794755,0.29522529296213507,0.6765964912280702,
2,2,0.11706247451124793,0.2018920431351966,0.6810454823535556,
1,1,0.025603051747014605,0.7896929491809923,0.1847039990719931,
2,2,0.1400439054409643,0.20620404146507088,0.6537520530939649,
2,2,0.011037433747111167,0.20742722636707597,0.7815353398858129,
1,1,0.190315987933635,0.4891701533760357,0.32051385869032933,
2,2,0.012740890688259112,0.11795324893544709,0.8693058603762938,
2,2,0.0502406015037594,0.25474571042992095,0.6950136880663197,
1,1,0.0768953634085213,0.6273217528085949,0.29578288378288375,
2,2,0.11894225903393867,0.2846508393155211,0.5964069016505402,
1,2,0.21625057742395207,0.3597406291463954,0.4240087934296526,
2,2,0.19553722541648233,0.08795357515796001,0.7165091994255576,
1,0,0.37625734679836853,0.2557416689562587,0.3680009842453728,
2,2,0.035625700968611174,0.16441461274627106,0.7999596862851177,
2,2,0.016069274636322767,0.2707134655162191,0.7132172598474581,
2,2,0.16326205945538305,0.17430274458079853,0.6624351959638184,
1,2,0.09731185807656394,0.2899164809863339,0.6127716609371021,
2,2,0.06481894617239443,0.17594028897496616,0.7592407648526394,
2,2,0.1206672781475669,0.06356484317548629,0.8157678786769468,
2,2,0.03552276412294705,0.1469268031261859,0.817550432750867,
2,2,0.030196469028230737,0.12051159700288626,0.849291933968883,
2,2,0.00685626215860441,0.3090441887145894,0.6840995491268062,
2,2,0.10191265031690352,0.11748469869000322,0.7806026509930933,
2,2,0.05756024859017014,0.36349623396717257,0.5789435174426574,
2,2,0.03894101974944719,0.09024371467882127,0.8708152655717315,
2,2,0.018186475502964965,0.18579529436406736,0.7960182301329677,
2,2,0.01420461050259084,0.381879893250644,0.6039154962467651,
2,2,0.047573184208013174,0.32490717547345743,0.6275196403185294,
2,2,0.05837121297139589,0.22604210674148953,0.7155866802871147,
2,2,0.10157037307968292,0.267723444131463,0.6307061827888542,
2,2,0.1067949146370199,0.23771635610766043,0.6554887292553196,
2,2,0.1404980243401296,0.14028148909779342,0.7192204865620769,
2,2,0.12475719014564365,0.338030034137038,0.5372127757173183,
1,1,0.1710513640238704,0.5331498142735355,0.29579882170259403,
2,2,0.11054236763527783,0.12436104131769961,0.7650965910470225,
2,2,0.1629287441275865,0.17425471601658366,0.6628165398558298,
2,2,0.17493463480963478,0.34896335216715646,0.47610201302320865,
2,2,0.032416554626232046,0.19762636056621016,0.7699570848075578,
2,2,0.20843012451441403,0.18717263944179774,0.6043972360437881,
2,2,0.01874325582754534,0.17564450992217698,0.8056122342502777,
2,2,0.040571103267461744,0.1666394453848968,0.7927894513476414,
2,2,0.010384697699304443,0.09007923358513724,0.8995360687155584,
2,2,0.02188030299090829,0.21912026370056228,0.7589994333085294,
2,2,0.01167127799694682,0.03996824104850891,0.9483604809545443,
2,2,0.014065766650056164,0.12182137354819313,0.8641128598017507,
2,2,0.04177339901477833,0.14935370727385394,0.8088728937113677,
2,1,0.0557935170605652,0.4740066420292486,0.47019984091018613,
2,2,0.009835475404701397,0.18364608787638648,0.8065184367189121,
1,1,0.04963466996895949,0.6686558090499672,0.2817095209810732,
2,2,0.07144444444444445,0.2728984989648033,0.6556570565907524,
1,2,0.1469166666666667,0.39772435897435904,0.4553589743589743,
2,2,0.13989679668553384,0.18312024198425236,0.6769829613302137,
2,2,0.01891018372723186,0.46635091140366497,0.5147389048691031,
2,1,0.031460610353287705,0.5135729310075956,0.45496645863911667,
2,2,0.18571677250694432,0.3016892710944588,0.5125939563985968,
1,2,0.05523838434708,0.19888241514328475,0.7458792005096353,
2,2,0.030621316861713398,0.17735346532770385,0.7920252178105828,
2,2,0.18962570096861117,0.23048604131769962,0.5798882577136893,
2,2,0.20917442523285268,0.098255619440726,0.6925699553264214,
2,2,0.066407498982499,0.44584373706004127,0.4877487639574597,
2,2,0.07225000000000001,0.06440602060982496,0.863343979390175,
1,1,0.27176406540811354,0.4292716805478501,0.29896425404403637,
1,1,0.010792367635277838,0.5913023345016398,0.3979052978630823,
2,2,0.08865981240981241,0.16152236652236654,0.749817821067821,
2,2,0.16240656565656564,0.24168740589121027,0.5959060284522241,
2,1,0.07346957241246624,0.5352065570763108,0.3913238705112229,
2,2,0.037427606177606175,0.14975697708578145,0.8128154167366124,
2,2,0.010046148296148298,0.3096848893665163,0.6802689623373354,
1,1,0.006835043665683688,0.5575683501028412,0.435596606231475,
1,2,0.19242460317460316,0.19887662337662337,0.6086987734487735,
0,2,0.2619064313288451,0.3097249780611849,0.42836859060997007,
2,2,0.07402347385519877,0.24387621737528664,0.6821003087695147,
2,2,0.018643268923684064,0.16641792682722065,0.8149388042490953,
2,2,0.02569306556604591,0.441727487209683,0.5325794472242711,
1,1,0.05373864139406275,0.6742455460301859,0.27201581257575136,
2,2,0.13859583525221825,0.24306612737658068,0.6183380373712011,
2,2,0.13118112507996751,0.4053626058391794,0.46345626908085313,
1,2,0.17081039846678148,0.26137913079827974,0.5678104707349388,
2,2,0.09747180465478861,0.12359695614397954,0.7789312392012319,
2,2,0.14989182799821096,0.27729727768273094,0.5728108943190581,
2,2,0.1144317811817812,0.3748788892267153,0.5106893295915035,
2,2,0.008127870337547756,0.15615516584501546,0.8357169638174368,
0,2,0.09741096215837597,0.19754821807192494,0.7050408197696991,
2,2,0.21408485129540858,0.11764914822713006,0.6682660004774614,
2,2,0.12766960577598874,0.27264965651305095,0.5996807377109602,
2,1,0.08756940609932765,0.4886750853164093,0.4237555085842631,
1,2,0.03553600072069591,0.35886042354185355,0.6056035757374505,
2,2,0.09068607279245577,0.3807618760723293,0.5285520511352149,
1,1,0.23104648071349748,0.47523387688408697,0.2937196424024155,
2,2,0.24418522477813498,0.21184318417484246,0.5439715910470225,
2,2,0.1619053954944313,0.26647116903292034,0.5716234354726485,
2,2,0.07516971152050199,0.20410470117017585,0.7207255873093221,
2,2,0.12248791729634476,0.10886564830075489,0.7686464344029004,
2,2,0.1129774576175829,0.19124490996073132,0.6957776324216858,
2,2,0.025837441523191014,0.2052228403869365,0.7689397180898724,
2,2,0.0734139435203265,0.3741142339246872,0.5524718225549863,
0,1,0.1885847662781262,0.43307588866667385,0.37833934505519995,
2,2,0.022367043857135994,0.4668791854184844,0.5107537707243796,
1,1,0.026948893785103366,0.7942224742476724,0.17882863196722415,
2,2,0.05659873138444566,0.2763077312005883,0.667093537414966,
2,2,0.15501581094172215,0.08060862810279885,0.7643755609554791,
2,2,0.013036347517730498,0.1960575242647167,0.7909061282175528,
1,1,0.15143899467154318,0.5045036975602666,0.34405730776819027,
2,2,0.017440490741281206,0.32395722642270103,0.6586022828360177,
2,2,0.06797382407461453,0.2886571764726511,0.6433689994527344,
2,2,0.06903537544981869,0.1852087694266098,0.7457558551235715,
1,2,0.051328618717072214,0.4620752377257199,0.4865961435572078,
2,2,0.061641414141414136,0.044311594202898555,0.8940469916556872,
2,2,0.04511365368725001,0.3186552844010444,0.6362310619117055,
2,2,0.10902982008245167,0.2686868645465899,0.6222833153709584,
2,2,0.1007084380591069,0.30434097441142577,0.5949505875294673,
2,2,0.08734533414641772,0.16907398201288695,0.7435806838406953,
0,2,0.15549231917915987,0.32033218043186573,0.5241755003889744,
2,2,0.05762670462922012,0.26064769460415743,0.6817256007666225,
2,2,0.1392452661860025,0.24993661067587766,0.6108181231381199,
2,2,0.05223121231550184,0.04741339174505004,0.9003553959394481,
2,2,0.08230096206079103,0.3860816763276317,0.5316173616115772,
2,2,0.13786658311913397,0.38507411460605895,0.477059302274807,
2,2,0.03989340070182815,0.17649371467882127,0.7836128846193506,
2,2,0.19014185722614674,0.29457506532051675,0.5152830774533365,
2,2,0.1496785093544206,0.18996577095994172,0.6603557196856378,
2,2,0.10071297136519458,0.29107648055671415,0.6082105480780913,
2,2,0.09358651052201869,0.4140048008387388,0.49240868863924253,
2,2,0.11499923901643708,0.2558227468459564,0.6291780141376065,
0,2,0.05695783163935509,0.31909275786601765,0.6239494104946272,
1,1,0.1411107694094982,0.4920058703067178,0.366883360283784,
2,2,0.16494671903100855,0.08958204253870082,0.7454712384302905,
2,2,0.09280652710450746,0.24075820342329382,0.6664352694721987,
2,2,0.07522501421498828,0.10566420645125284,0.819110779333759,
2,2,0.08479904569115095,0.09395185394315829,0.8212491003656908,
2,2,0.04260768641611386,0.06635482578993235,0.8910374877939538,
2,2,0.08134806315649062,0.1166609078460144,0.8019910289974949,
2,2,0.11491104646055113,0.21717722538261097,0.667911728156838,
2,2,0.03477137871507066,0.2791743620278837,0.6860542592570457,
2,2,0.08300146481752585,0.043956994675474904,0.8730415405069992,
2,2,0.12613842887483703,0.0987404901499246,0.7751210809752384,
2,2,0.11316787048491862,0.04030666561677219,0.8465254638983092,
1,1,0.19090102312519203,0.40634903328260863,0.4027499435921993,
0,2,0.2840380158552999,0.3390052601307806,0.37695672401391955,
2,2,0.26876207746091985,0.2569348280614016,0.47430309447767854,
1,1,0.10619517149517149,0.691055303030303,0.2027495254745255,
2,2,0.05953558994197292,0.12391316922362253,0.8165512408344046,
2,2,0.08075746170114811,0.13118517179882003,0.7880573665000319,
2,2,0.18962225591242782,0.046655221810409514,0.7637225222771626,
2,2,0.1035525971807193,0.07330043503262744,0.8231469677866532,
2,2,0.016840007215007214,0.3679536505161505,0.6152063422688423,
2,2,0.004344999214225207,0.43307534657728347,0.5625796542084912,
2,2,0.11513602088605182,0.3520375426199749,0.5328264364939732,
2,2,0.015890406850964114,0.2344324023182402,0.7496771908307956,
2,2,0.02524209893845742,0.20142748493155707,0.7733304161299855,
2,2,0.05011074992513416,0.08709324387409834,0.8627960062007675,
2,2,0.1956681693517875,0.22023546807845784,0.5840963625697546,
2,2,0.2810318081239133,0.2608775486012328,0.4580906432748538,
1,1,0.05763085642033011,0.4824536117628223,0.4599155318168476,
1,2,0.13841269841269843,0.4167579365079364,0.44482936507936516,
2,2,0.20435189144480165,0.28313881909547733,0.512509289459721,
1,1,0.17736256467961278,0.5100612288639824,0.31257620645640466,
2,2,0.011347923190833394,0.10657203702134238,0.8820800397878241,
1,1,0.015217638082760864,0.7480437834517393,0.23673857846549987,
2,2,0.2694677871148459,0.28010654868007806,0.45042566420507596,
2,2,0.01778816359079517,0.20469212595185135,0.7775197104573535,
2,2,0.17960522110012986,0.31959049836164566,0.5008042805382243,
1,1,0.16675609356452106,0.48669499719285064,0.3465489092426282,
1,2,0.2745296564902138,0.17588372614920803,0.5495866173605782,
1,1,0.01660968802404767,0.6232366937354871,0.36015361824046527,
1,1,0.10748037767922008,0.543071258595914,0.349448363724866,
2,2,0.07479912896049759,0.3918597085564784,0.5333411624830241,
2,2,0.12056235182550973,0.17788265868843672,0.7015549894860535,
1,1,0.06076756656133086,0.5885528341926459,0.35067959924602327,
1,2,0.04154746749760047,0.4152176597959999,0.5432348727063996,
2,2,0.01063894523326572,0.25122954699121025,0.738131507775524,
1,1,0.023444239067982542,0.5387569930791428,0.43779876785287464,
1,2,0.028255165806084906,0.42982946763554186,0.5419153665583731,
1,1,0.1198400072150072,0.4666359126984127,0.41352408008658004,
1,2,0.1363893478394808,0.3504449096703086,0.5131657424902106,
1,2,0.1402535812776113,0.2874652690903004,0.5722811496320882,
1,1,0.1012362542656384,0.7595040123973561,0.13925973333700564,
2,1,0.06444572432519842,0.5920362733930716,0.3435180022817299,
2,2,0.01343665942032734,0.18263423283800925,0.8039291077416634,
1,1,0.027548340548340555,0.5399761904761905,0.43247546897546885,
1,2,0.05775034882589689,0.4377065620952083,0.5045430890788949,
1,2,0.10286797178906064,0.373742798750183,0.5233892294607563,
2,2,0.14672442529826774,0.2618610678843805,0.5914145068173517,
2,1,0.04368565245356468,0.6021980202931553,0.35411632725328007,
1,1,0.0295851782201261,0.5138469502808349,0.456567871499039,
2,2,0.0061065415483668095,0.383025456329388,0.6108680021222451,
1,2,0.029403749326729664,0.4206594774416732,0.5499367732315972,
1,1,0.009672800739848872,0.7161223436750973,0.2742048555850538,
1,1,0.03741980531124387,0.5156108131569268,0.4469693815318293,
1,1,0.14862421347230956,0.6686258784735832,0.1827499080541073,
1,2,0.05323999151677269,0.4649253823530084,0.48183462613021893,
1,1,0.08360298304320476,0.5009995314362683,0.4153974855205269,
2,2,0.12004693450223054,0.16675227180729033,0.7132007936904792,
1,2,0.040611469001690714,0.4740780627003259,0.48531046829798336,
1,1,0.103463807498097,0.4512638746912226,0.44527231781068033,
2,2,0.09439833966750842,0.2695192536701025,0.6360824066623891,
0,2,0.17018290043290044,0.3035914330767272,0.5262256664903724,
2,2,0.03337738664529886,0.39179413692415566,0.5748284764305456,
1,1,0.3302976879611261,0.4181801601542474,0.25152215188462657,
2,2,0.030010575630847157,0.23787912749189524,0.7321102968772576,
2,2,0.015704801355524635,0.14020236866270083,0.8440928299817746,
2,2,0.10471675851879367,0.19483803785283896,0.7004452036283674,
2,2,0.04122209078731251,0.3754206441929074,0.5833572650197801,
1,1,0.11676680922116715,0.6550251980346674,0.2282079927441654,
2,2,0.025646830341031882,0.25032275087355615,0.724030418785412,
2,2,0.028991514642237922,0.12079402700435918,0.8502144583534029,
1,1,0.08904628613057566,0.5298756268279748,0.3810780870414496,
0,1,0.07942382368698157,0.49198664890112254,0.4285895274118958,
2,2,0.11532256633683202,0.2278199234770293,0.6568575101861386,
2,2,0.01914563293939724,0.4703900605337962,0.5104643065268065,
2,2,0.18812781035347917,0.06218517188062328,0.7496870177658975,
2,2,0.029376070230323445,0.30465052427611333,0.6659734054935632,
2,2,0.045865164570143745,0.16581409831817043,0.7883207371116858,
1,1,0.04665619917475639,0.5780970422905124,0.3752467585347312,
2,2,0.10417537479049754,0.23472216168246945,0.6611024635270331,
1,1,0.1017629880934414,0.8033629373563499,0.09487407455020865,
1,1,0.15099751199362377,0.6186255717692165,0.23037691623715972,
2,2,0.047676958875801284,0.34503817133648396,0.6072848697877147,
2,2,0.010803718668841451,0.0895818857706418,0.8996143955605167,
1,1,0.009624398603300282,0.6501684783558221,0.3402071230408776,
0,2,0.17212993892328257,0.2570406630066072,0.5708293980701101,
2,2,0.18183163966592916,0.14482191664926458,0.6733464436848063,
0,2,0.16720525908631112,0.28958689912019164,0.5432078417934972,
2,2,0.037551381925125395,0.4460942946664445,0.5163543234084301,
0,2,0.11470949969592624,0.17441327629269104,0.7108772240113828,
1,1,0.14448525748041235,0.5732448180557581,0.2822699244638295,
1,1,0.02428915853145224,0.6037835764895646,0.37192726497898304,
2,2,0.06639454909875817,0.17146480837730768,0.7621406425239342,
1,2,0.015045476910599686,0.3957478661907057,0.5892066568986947,
2,2,0.014209507111040017,0.3567364417457708,0.6290540511431891,
1,1,0.1053126676111313,0.6977063928371858,0.19698093955168286,
1,1,0.02836692714410505,0.7093725632811496,0.2622605095747453,
1,0,0.3561416849845952,0.31886402444568274,0.32499429056972207,
1,1,0.03317973173839366,0.7281174856548536,0.23870278260675293,
2,1,0.04284217599582755,0.7381404486572669,0.21901737534690555,
1,1,0.040049950566747414,0.7699939265914079,0.18995612284184474,
2,2,0.12390508658008657,0.2633457070707071,0.6127492063492064,
2,1,0.10938890883288296,0.6248875537027591,0.265723537464358,
2,2,0.10240261555626712,0.3907977448494468,0.5067996395942862,
1,2,0.04203427916508411,0.31334251973261257,0.6446232011023034,
2,1,0.026564254403241252,0.6128032464192554,0.3606324991775033,
1,1,0.059395872185572414,0.6962801840011147,0.24432394381331293,
2,1,0.04392878783032073,0.50939933462378,0.4466718775458993,
2,2,0.026135286009645004,0.329883480869792,0.643981233120563,
1,1,0.01909602330634771,0.7096902224900777,0.27121375420357446,
1,1,0.09177790737523013,0.6316007609854731,0.2766213316392967,
2,2,0.035931678645665495,0.41963370117934407,0.5444346201749904,
0,2,0.19422433995040234,0.3954157375272871,0.41035992252231046,
2,1,0.027623611712598563,0.5730245539787984,0.39935183430860305,
0,2,0.037230007180140155,0.3101302098773479,0.6526397829425119,
1,1,0.09655716407083846,0.47336058683665333,0.4300822490925082,
1,1,0.05259324010374893,0.747362091713934,0.20004466818231706,
2,1,0.07531033683686973,0.5423128840373294,0.3823767791258008,
2,1,0.08695757609962619,0.4679480207598864,0.4450944031404873,
1,1,0.03042964872870475,0.6855052236468061,0.2840651276244891,
2,2,0.08274099701016575,0.3532746649255137,0.5639843380643206,
1,1,0.022575733903841752,0.7819613612865507,0.19546290480960749,
2,2,0.024132546028644154,0.2995734163653541,0.6762940376060017,
2,2,0.08714179894179892,0.08671583810066781,0.8261423629575333,
2,2,0.09699990959516279,0.35725752812317524,0.545742562281662,
2,2,0.028635383147994287,0.3934753023469009,0.577889314505105,
2,2,0.01698388549678539,0.464996002902613,0.5180201116006017,
2,2,0.06343075408440564,0.3162374681696049,0.6203317777459896,
2,1,0.0738144384116235,0.5076413969093205,0.4185441646790559,
2,2,0.01754619866605251,0.3061597911366545,0.676294010197293,
1,1,0.08556307373861449,0.6765019160066972,0.23793501025468836,
2,2,0.014159488702039915,0.3263638411071519,0.6594766701908082,
1,2,0.14046793535235721,0.4134643984152548,0.44606766623238797,
1,1,0.08235710872469829,0.6329889298816178,0.28465396139368404,
2,2,0.08887741668584412,0.11984208565650253,0.7912804976576533,
2,1,0.01620388177932773,0.5558189629357089,0.42797715528496333,
2,2,0.10098758131514592,0.36045234749317984,0.5385600711916743,
2,2,0.054437229437229444,0.2945137362637362,0.6510490342990343,
2,2,0.11810974986545082,0.3267522534647257,0.5551379966698236,
0,1,0.1333131157983021,0.64012440826174,0.22656247593995787,
1,2,0.10312844284490028,0.4467443893644728,0.45012716779062695,
2,2,0.02446240130531151,0.3819364682056265,0.593601130489062,
0,2,0.024320415993396335,0.4701225960224388,0.5055569879841648,
0,2,0.16576403315824303,0.31892896835699774,0.5153069984847591,
1,2,0.06456362025609053,0.35395911849516737,0.5814772612487422,
1,1,0.027699476002681092,0.49843528906041046,0.47386523493690846,
2,2,0.025789901488743893,0.23668765440172795,0.7375224441095282,
2,2,0.06447936412808594,0.38172946608097286,0.5537911697909411,
1,1,0.035650008772764225,0.8003277899304504,0.16402220129678532,
2,2,0.026298559497401907,0.3157209363371838,0.6579805041654143,
1,1,0.11763267688280983,0.5033160591253291,0.3790512639918611,
1,2,0.0644068205867251,0.46685173599608953,0.46874144341718543,
1,1,0.03675653751999484,0.7983322203234244,0.16491124215658068,
1,1,0.06320960529739648,0.524725148521309,0.4120652461812945,
1,1,0.03376257313035316,0.538931511383381,0.42730591548626584,
1,2,0.024843415940309317,0.47977496823107707,0.49538161582861356,
1,1,0.07274582636956986,0.6034308934681597,0.3238232801622705,
2,2,0.143940873015873,0.15805595238095235,0.6980031746031746,
1,1,0.10230385300768759,0.5312397478280029,0.36645639916430967,
2,1,0.036857164160949446,0.6331503002172583,0.3299925356217922,
1,2,0.0775554763056093,0.4550678906271607,0.4673766330672301,
1,1,0.010662058183877996,0.6370333128400373,0.3523046289760847,
2,2,0.06281371101255342,0.23225108734559569,0.7049352016418509,
1,1,0.03482587302600601,0.5918785076039067,0.37329561937008743,
1,1,0.13012151076960682,0.6450558668653362,0.22482262236505685,
2,1,0.06922538267422508,0.5742034094799829,0.356571207845792,
1,1,0.022991564088457466,0.5149087177343917,0.46209971817715073,
1,1,0.07726278958056962,0.5082174421193117,0.4145197683001187,
1,1,0.023045008912655974,0.6880951107715814,0.2888598803157627,
2,1,0.06089947582245616,0.6128499403603969,0.32625058381714694,
1,1,0.025987710737843714,0.5437477115231104,0.4302645777390458,
2,2,0.0623488436621166,0.3555727124844179,0.5820784438534655,
2,2,0.15755424331894918,0.3908454084336438,0.4516003482474071,
1,1,0.007395562770562771,0.5266656475245185,0.46593878970491864,
1,1,0.057488972832722834,0.7057914504477004,0.23671957671957672,
