2,0,0.593386900837649,0.1914450166683543,0.2151680824939967,
2,2,0.43226713906993564,0.09992543954405095,0.4678074213860134,
2,1,0.002857142857142857,0.975,0.022142857142857145,
2,1,0.35483683473389355,0.6273536414565826,0.01780952380952381,
2,2,0.3736999935422854,0.12228365498897524,0.5040163514687395,
2,0,0.9122876760178663,0.0387008486565178,0.04901147532561587,
2,0,0.44835841243505486,0.2832595354077969,0.2683820521571483,
2,0,0.6976508220461709,0.025891771019677993,0.2764574069341511,
2,1,0.21286673925489716,0.7537639348955139,0.033369325849589015,
2,0,0.5811311693193849,0.14368476115882367,0.2751840695217914,
2,0,0.48485526044898036,0.33866294630212684,0.17648179324889274,
2,0,0.5697879827655218,0.4201108013895671,0.010101215844911185,
2,1,0.15412109408588281,0.5529155937958755,0.29296331211824167,
2,0,0.8322722693573642,0.14463000111846097,0.02309772952417473,
2,0,0.5794618055555556,0.23830257936507931,0.18223561507936503,
2,1,0.34621797877833327,0.5404817495742857,0.11330027164738095,
2,1,0.12827447305170075,0.8657625229555922,0.005963003992706962,
2,2,0.12576926015542608,0.4104747592682123,0.4637559805763616,
2,0,0.8115553586198747,0.02560144156918351,0.16284319981094178,
2,1,0.012859248031661824,0.6065237463685739,0.38061700559976425,
2,1,0.12613702616612832,0.7190227225818557,0.15484025125201598,
2,1,0.3218869047619048,0.637103835978836,0.041009259259259266,
2,0,0.8023387864184899,0.14401308431397022,0.05364812926753984,
2,0,0.6279477491959589,0.1812840583223256,0.19076819248171553,
2,0,0.7520935584023819,0.15437184710714125,0.09353459449047684,
2,0,0.6173903187455818,0.2215903862219652,0.16101929503245294,
2,0,0.7257292701875376,0.1451321145377512,0.12913861527471102,
2,0,0.5453599281784762,0.28088809251934055,0.1737519793021832,
2,0,0.5870371794871795,0.23500811965811966,0.17795470085470086,
2,0,0.4435903842854796,0.40110320900395974,0.15530640671056067,
2,1,0.37002046325322197,0.6249093397024431,0.005070197044334975,
2,0,0.6367962673971522,0.3336446787181361,0.029559053884711785,
2,1,0.17383140933140934,0.6682876807288571,0.1578809099397335,
2,1,0.1987301794005839,0.7745308917539407,0.026738928845475386,
2,2,0.20875889746454263,0.3441896716634619,0.4470514308719954,
2,2,0.43645502108780676,0.11688243902378007,0.44666253988841315,
2,0,0.5283984183792382,0.1944626836948802,0.2771388979258817,
2,0,0.5597571313088879,0.14148303290687864,0.2987598357842334,
2,1,0.16485119047619048,0.8168194444444444,0.018329365079365077,
2,0,0.6220004322290867,0.21111537005254974,0.16688419771836357,
2,1,0.1717900720767811,0.7220634909930644,0.1061464369301545,
2,1,0.035273063527950746,0.9509890799259221,0.013737856546127223,
2,0,0.8430300187754152,0.11876142201615349,0.03820855920843134,
2,2,0.02818777888777889,0.18091222111222113,0.7909,
2,1,0.2035345860566449,0.6009495409274821,0.19551587301587298,
2,1,0.18086624615177854,0.7924529066010391,0.02668084724718244,
2,1,0.2594456115479679,0.6753026262549707,0.06525176219706146,
2,1,0.12529879879879877,0.8738753753753753,8.258258258258256E-4,
2,0,0.6106546178665053,0.21243642871546684,0.17690895341802781,
2,0,0.4830862820754124,0.15703776115189158,0.3598759567726959,
2,0,0.8717751803751804,0.016177633477633478,0.11204718614718616,
2,0,0.7577728105228105,0.04184865134865135,0.20037853812853815,
2,0,0.49452622137321195,0.43970033671020753,0.06577344191658063,
2,0,0.8343954858084932,0.052049014925361244,0.1135554992661455,
2,1,0.22555555555555554,0.7583333333333333,0.01611111111111111,
2,0,0.5318706652643425,0.23604554112954051,0.23208379360611694,
2,0,0.7136713082911248,0.16278362443697358,0.12354506727190168,
2,1,0.36971299947912795,0.5643826709481766,0.06590432957269543,
2,0,0.6982734967765707,0.035095071575168245,0.2666314316482612,
2,0,0.6337356516685717,0.20701808451588785,0.15924626381554044,
2,0,0.728961793626167,0.22455279340448464,0.046485412969348404,
2,1,0.4150125933687546,0.4801525171808818,0.10483488945036362,
2,0,0.7194186241003578,0.0473082318094702,0.23327314409017194,
2,1,0.18086624615177854,0.7924529066010391,0.02668084724718244,
2,0,0.7560195329736529,0.15284327404572498,0.09113719298062216,
2,0,0.4505405691435439,0.30258375920418257,0.24687567165227342,
2,2,0.3337005394000072,0.2918901544467504,0.37440930615324225,
2,0,0.892683218939177,0.08363705907717703,0.02367972198364591,
2,0,0.6880460752490519,0.19328970874683776,0.11866421600411031,
2,2,0.12122822207032731,0.41431221994379897,0.4644595579858738,
2,1,0.2470674603174603,0.682876984126984,0.07005555555555555,
2,0,0.6824655599700193,0.148977181341602,0.16855725868837862,
2,0,0.449580500075671,0.11656483606094926,0.43385466386337973,
2,0,0.4647162496314381,0.11394648745486136,0.42133726291370044,
2,0,0.8286843790530324,0.10639963623549932,0.06491598471146826,
2,0,0.4908657551598728,0.42412991583579823,0.085004329004329,
2,0,0.6646260394979089,0.23258356372907182,0.10279039677301925,
2,1,0.3875368992118993,0.5255814962814962,0.08688160450660452,
2,0,0.5489675754521981,0.29417301775241145,0.1568594067953905,
2,0,0.44855927240973686,0.3883135356559506,0.16312719193431263,
2,0,0.49913038369998397,0.3610300362589984,0.13983958004101762,
2,0,0.6161200266210899,0.33248408533515295,0.051395888043757255,
2,0,0.5644668426173071,0.30211997643739125,0.1334131809453017,
2,0,0.704793334893335,0.13315027495027495,0.16205639015639012,
2,0,0.6148840602460758,0.29769164772639134,0.08742429202753291,
2,0,0.7042222222222222,0.27052777777777776,0.025249999999999998,
2,1,0.44212946629394,0.5257622448214553,0.03210828888460468,
2,0,0.673078561027022,0.13789539704203257,0.18902604193094535,
2,0,0.3783235253986004,0.25908636246616945,0.3625901121352302,
2,0,0.5800185684971035,0.2918202938849661,0.12816113761793033,
2,0,0.544844017094017,0.4230213675213675,0.03213461538461538,
2,0,0.4270728648947342,0.3595625319830401,0.21336460312222563,
2,1,0.43145365601831115,0.5222199291768258,0.046326414804863075,
2,0,0.5304780007579613,0.17886661635267867,0.2906553828893601,
2,1,0.38026776076692137,0.49638235945170706,0.1233498797813715,
2,0,0.548948905775563,0.10726814106103866,0.34378295316339835,
2,0,0.821725097125394,0.08644067242724031,0.09183423044736568,
2,2,0.24292929292929294,0.00563973063973064,0.7514309764309764,
2,0,0.7479752914868226,0.2050022625473665,0.04702244596581091,
2,1,0.3723566532152058,0.5410555194074931,0.08658782737730104,
2,1,0.42344086925092633,0.4717402564544879,0.10481887429458588,
2,0,0.6692308223177788,0.2560094760312152,0.07475970165100601,
2,1,0.3598239623448627,0.6152180422514236,0.024957995403713726,
2,0,0.5272244688463381,0.31727216679267495,0.1555033643609869,
2,2,0.20217837765304872,0.24527667464114836,0.552544947705803,
2,1,0.35089359099319667,0.37867611294188985,0.2704302960649136,
2,0,0.9015975997287472,0.09427715878535549,0.004125241485897224,
2,0,0.5001423627573227,0.4733163148158717,0.026541322426805673,
2,1,0.314483581830356,0.5455969982824821,0.1399194198871618,
2,2,0.38500614316239323,0.06256944444444444,0.5524244123931623,
2,0,0.8128936818544648,0.0946093321731198,0.0924969859724155,
2,0,0.7958333333333333,0.18916666666666665,0.014999999999999998,
2,0,0.5542783467437786,0.22502164499188257,0.22070000826433883,
2,0,0.5757456592547513,0.22569408678976757,0.19856025395548116,
2,0,0.6841836545807134,0.18892137764196584,0.12689496777732068,
2,1,0.2557427914548161,0.5843455009296732,0.1599117076155108,
2,2,0.16195867839889577,0.08325526224982746,0.7547860593512767,
2,1,0.3649171000517499,0.5893116507911277,0.045771249157122516,
2,0,0.39537978691918857,0.2826104433679266,0.3220097697128847,
2,0,0.498834188034188,0.3415774114774115,0.15958840048840048,
2,0,0.6718812432867883,0.2969215852130326,0.031197171500179022,
2,0,0.7640434782608696,0.2098695652173913,0.026086956521739136,
2,0,0.5514489538239538,0.19240508103008103,0.25614596514596516,
2,0,0.4838512306407043,0.2920137201979307,0.22413504916136495,
2,2,0.37035680297962903,0.15817763227111054,0.47146556474926044,
2,0,0.5315938121518576,0.2643080383668939,0.2040981494812485,
2,0,0.6881067741299098,0.24910174811484712,0.06279147775524309,
2,0,0.7542926425999159,0.13711247304912672,0.1085948843509574,
2,0,0.8484267590045238,0.08782073213528298,0.06375250886019328,
2,0,0.6358925905012862,0.05991541188280318,0.30419199761591065,
2,0,0.7195619664706352,0.15903955611855036,0.12139847741081437,
2,0,0.7020813321537663,0.20774083476570204,0.09017783308053169,
2,1,0.39384411310939177,0.5769903010353266,0.029165585855281617,
2,0,0.7129892213364706,0.18246175627150513,0.10454902239202415,
2,0,0.4293928809539072,0.3742288508041655,0.19637826824192725,
2,0,0.5000408613782212,0.3373570647535645,0.1626020738682143,
2,0,0.5870371794871795,0.23500811965811966,0.17795470085470086,
2,0,0.7680277777777779,0.19861111111111107,0.03336111111111112,
2,0,0.5790170063854274,0.2574432774827512,0.16353971613182136,
2,1,0.26408381407346926,0.5257130528074494,0.21020313311908143,
2,0,0.7213411480534243,0.13058894572321683,0.14806990622335894,
2,1,0.10843517239876353,0.8586666885875013,0.032898139013735166,
2,2,0.2830615079365079,0.1355218253968254,0.5814166666666666,
2,1,0.2611077717108583,0.6702757771015374,0.06861645118760418,
2,0,0.5656407897657897,0.2568627714877714,0.17749643874643872,
2,0,0.5699164267105443,0.008018099547511313,0.4220654737419444,
2,2,0.39422748416984654,0.20910326978875368,0.39666924604139975,
2,1,0.24434468211185925,0.4801015310301579,0.2755537868579829,
2,1,0.37864041696472195,0.5730760186072197,0.04828356442805847,
2,0,0.6697878248771484,0.22970619764619338,0.10050597747665829,
2,1,0.40210258469027016,0.5553273694467132,0.04257004586301664,
2,0,0.6500047905194964,0.33711756619109556,0.012877643289407993,
2,0,0.4325122872714631,0.40213997566079346,0.16534773706774347,
2,1,0.20442671782768887,0.5473132054297469,0.24826007674256417,
2,1,0.2753934455810937,0.6168733265817253,0.10773322783718102,
2,0,0.5768635543061388,0.38252677939427004,0.0406096662995912,
2,0,0.6820274170274171,0.04666666666666667,0.27130591630591633,
2,0,0.8020182054931415,0.1466138790317709,0.0513679154750877,
2,0,0.7958516483516483,0.06914102564102563,0.13500732600732598,
2,2,0.2943911955514365,0.27128026832605145,0.434328536122512,
2,0,0.6991590838472507,0.19990880422529067,0.10093211192745849,
2,0,0.8439537352813214,0.11851483446311031,0.03753143025556819,
2,1,0.31868336326278673,0.6698495499956777,0.011467086741535583,
2,0,0.8604734389561975,0.10368166966227313,0.03584489138152932,
2,0,0.6317850143223278,0.11038848685863613,0.2578264988190362,
2,1,0.28182286192068795,0.4709795747730531,0.24719756330625897,
2,2,0.34527457264957273,0.245878663003663,0.40884676434676437,
2,2,0.3917584360084361,0.13857413419913417,0.46966742979242987,
2,0,0.5912549437490614,0.21325884115884114,0.19548621509209735,
2,0,0.8808637405078581,0.05707381082969317,0.062062448662448685,
2,1,0.21418381047721585,0.5741410756941677,0.21167511382861645,
2,0,0.43833631344500906,0.21658761005500132,0.3450760764999895,
2,1,0.42020273109243694,0.5186207983193277,0.06117647058823529,
2,2,0.2968846153846154,0.10180769230769231,0.6013076923076923,
2,0,0.5967946071286218,0.05871283170238253,0.3444925611689957,
2,1,0.19485476190476192,0.6902801587301588,0.11486507936507935,
2,0,0.6255024205260755,0.2592237497408456,0.11527382973307891,
2,1,0.3052636282676754,0.6741311472482691,0.020605224484055603,
2,1,0.012,0.976,0.012,
2,0,0.6778384726323468,0.2960482224999685,0.026113304867684733,
2,1,0.1755917549883067,0.8150918047469772,0.009316440264716126,
2,0,0.7534283282130058,0.15957908346134153,0.08699258832565285,
2,0,0.6188590155114894,0.32418096163383614,0.056960022854674594,
2,2,0.0693507326007326,0.3062639652014652,0.6243853021978022,
2,0,0.395326164896908,0.34201967322896126,0.2626541618741308,
2,0,0.8129039436183432,0.15861516924507607,0.028480887136580688,
2,0,0.6450706921531076,0.24371769795655904,0.11121160989033328,
2,1,0.18857142857142856,0.704,0.1074285714285714,
2,0,0.583193227179776,0.3701495310480222,0.04665724177220181,
2,1,0.3070990675990675,0.6213210793835794,0.07157985301735302,
2,0,0.607368350530808,0.32071051436025,0.07192113510894196,
2,0,0.629463227078469,0.3119735934570222,0.05856317946450879,
2,1,0.15021384008148717,0.8220171250318309,0.027769034886681948,
2,1,0.17739620596522368,0.7727024626784353,0.049901331356341165,
2,1,0.33407057060661177,0.5839791960518506,0.0819502333415377,
2,1,0.4232601010101011,0.5734402356902357,0.0032996632996633002,
2,2,0.25372165153686893,0.22198160535117054,0.5242967431119605,
2,1,0.46537873086689785,0.50868259339908,0.025938675734022282,
2,1,0.10281537982565382,0.6053586231120478,0.2918259970622985,
2,0,0.53432696278185,0.4242571403939825,0.04141589682416751,
2,1,0.4020969693497489,0.5167821515715849,0.08112087907866618,
2,0,0.7788736214066045,0.19802262663806786,0.023103751955327587,
2,0,0.6821380599350524,0.29488024606971974,0.02298169399522783,
2,1,0.33888552821447565,0.6224338307890938,0.03868064099643046,
2,0,0.7586941050140539,0.04161058757951343,0.19969530740643274,
2,0,0.5398007577440087,0.3633631206664317,0.09683612158955954,
2,0,0.6336666666666666,0.018999999999999996,0.34733333333333327,
2,0,0.6132626262626263,0.09563973063973064,0.2910976430976431,
2,0,0.5826507876654935,0.10175175070028013,0.31559746163422636,
2,0,0.7239343711843712,0.20670054945054947,0.06936507936507935,
2,0,0.6413755998903057,0.06526884471737415,0.2933555553923201,
2,0,0.4447733119188727,0.36377358887460765,0.1914530992065197,
2,0,0.7056977804803891,0.24373247525421438,0.050569744265396434,
2,0,0.830754268489362,0.13833656111307824,0.030909170397559724,
2,1,0.39489263285024157,0.5657543478260869,0.0393530193236715,
2,1,0.39232181108098696,0.3963780708988886,0.2113001180201244,
2,2,0.3576995546760884,0.2301263877454378,0.4121740575784738,
2,0,0.785292904037508,0.09712038562323196,0.11758671033926017,
2,0,0.7680122242583163,0.07365940643214137,0.15832836930954242,
2,0,0.6572310163240136,0.26772298498131397,0.07504599869467249,
2,0,0.7443994110464699,0.1881066490698844,0.0674939398836458,
2,0,0.568787300457589,0.18589844024928887,0.24531425929312214,
2,1,0.29382031426649396,0.638591359288052,0.06758832644545398,
2,0,0.5949660437364612,0.31638653842376613,0.08864741783977263,
2,0,0.7330609920296866,0.17010995339258936,0.09682905457772398,
2,2,0.02818777888777889,0.18091222111222113,0.7909,
2,0,0.5259229709768288,0.2630935639652961,0.2109834650578751,
2,1,0.2606632772323516,0.6923854604955586,0.04695126227208976,
2,0,0.4742572430870393,0.4265370964632425,0.09920566044971818,
2,0,0.72982514943659,0.1423099745862622,0.12786487597714763,
2,0,0.5489190604081909,0.15818805469892425,0.29289288489288484,
2,1,0.15705844155844156,0.8253304473304474,0.017611111111111112,
2,1,0.2611077717108583,0.6702757771015374,0.06861645118760418,
2,1,0.32789486642823723,0.6439070117834026,0.0281981217883601,
2,1,0.176458085279876,0.7945990156790242,0.028942899041099892,
2,1,0.1409019756552636,0.6987337521417708,0.16036427220296554,
2,0,0.8517495126705653,0.12257553606237817,0.025674951267056528,
2,0,0.8208366615463389,0.056652748685006755,0.12251058976865431,
2,1,0.08832034632034633,0.8870685425685426,0.024611111111111108,
2,1,0.12325975771540292,0.5165609115347017,0.3601793307498954,
2,0,0.4713098038657249,0.12681244303941674,0.40187775309485835,
2,1,0.16505182623571368,0.7068529328585595,0.12809524090572688,
2,0,0.6848729530326304,0.1423972652795234,0.17272978168784628,
2,1,0.3949220085959675,0.5405857230441538,0.06449226835987872,
2,0,0.7045589591567852,0.20417618876512156,0.09126485207809318,
2,1,0.08568692547245783,0.9074282645763969,0.006884809951145142,
2,1,0.002,0.996,0.002,
2,0,0.7108998240564781,0.227548867502889,0.06155130844063289,
2,2,0.02818777888777889,0.18091222111222113,0.7909,
2,1,0.04442246642246643,0.6982142857142857,0.2573632478632479,
2,1,0.1901933654384929,0.7456522105851411,0.06415442397636595,
2,1,0.06510061321826027,0.8702547694753576,0.064644617306382,
2,0,0.6739387085705172,0.14627465245246946,0.17978663897701333,
2,0,0.5135456930907012,0.35700848040299493,0.12944582650630396,
2,0,0.6257655806111501,0.287488314145845,0.08674610524300487,
2,0,0.7029349251134965,0.2254565736065736,0.07160850127992985,
2,0,0.6206761302780079,0.3162101155450637,0.0631137541769283,
2,0,0.7503458344747023,0.18563736846858864,0.06401679705670907,
2,1,0.1901933654384929,0.7456522105851411,0.06415442397636595,
2,0,0.679031604166756,0.16709317988671737,0.15387521594652648,
2,0,0.7505031670997316,0.1135295989532302,0.1359672339470381,
2,0,0.5491477374570587,0.3621689586875549,0.0886833038553864,
2,0,0.5487629631065368,0.37119759433731825,0.08003944255614494,
2,0,0.8477320743464828,0.12049985669089389,0.0317680689626233,
0,1,0.24243441300654756,0.4625289555793677,0.29503663141408476,
0,1,0.4618827814595594,0.49358159890213726,0.0445356196383032,
0,0,0.6417929759782701,0.07805794287411935,0.2801490811476106,
0,0,0.8511428571428571,0.0928452380952381,0.05601190476190478,
0,0,0.9110391732880123,0.07134805856767931,0.01761276814430839,
0,0,0.8185060655289121,0.10628127903227637,0.07521265543881149,
0,0,0.9256640350877192,0.0719748538011696,0.002361111111111111,
0,0,0.6034775311025311,0.37059502359502355,0.025927445302445295,
0,0,0.6898708747499491,0.2266811305120955,0.08344799473795533,
0,0,0.614505048458948,0.3543873674105208,0.031107584130531152,
0,2,0.04555555555555555,0.09944444444444445,0.855,
0,1,0.18857142857142856,0.704,0.1074285714285714,
0,0,0.5304215815088577,0.10053476379403489,0.3690436546971074,
0,0,0.8505436807686406,0.1154742102649017,0.03398210896645765,
0,0,0.4241879480168955,0.33107024992551304,0.2447418020575915,
0,0,0.773,0.13566666666666666,0.09133333333333332,
0,0,0.7658787878787879,0.12631818181818183,0.10780303030303029,
0,0,0.42913727337094365,0.20713644498495018,0.36372628164410614,
0,0,0.6750803365879076,0.0644479242771229,0.2604717391349696,
0,0,0.390191127195332,0.36879859251795744,0.24101028028671048,
0,0,0.807018977293636,0.08917851534654829,0.10380250735981558,
0,0,0.5644739801409009,0.15663686897829363,0.27888915088080546,
0,0,0.8649807692307693,0.12197802197802199,0.013041208791208792,
0,0,0.7004533599544233,0.2569007520018196,0.042645888043757255,
0,1,0.30730596077877,0.6612459602988948,0.031448078922335226,
0,0,0.8704565216131757,0.08450513270915425,0.045038345677670136,
0,0,0.6683358006366311,0.1382135479925089,0.19345065137086004,
0,0,0.46778538228426464,0.37739870940718784,0.1548159083085476,
0,0,0.7500685265122438,0.20639097248188892,0.04354050100586735,
0,0,0.5086132759489387,0.3755721004707333,0.11581462358032805,
0,1,0.373919252969253,0.4970874070374071,0.12899333999333998,
0,0,0.7365348627174008,0.23289955019681632,0.030565587085782865,
0,0,0.8656063820739708,0.06233857216968801,0.0720550457563412,
0,0,0.7834434839261252,0.1581047471407627,0.05845176893311223,
0,0,0.5189780870270956,0.3154003694839217,0.16562154348898278,
0,1,0.15936546822356829,0.7854995900356234,0.05513494174080833,
0,1,0.16931165883442864,0.7838591143561439,0.04682922680942755,
0,0,0.6928799977768569,0.28998075987082783,0.017139242352315353,
0,0,0.5656630763554387,0.2860708504107461,0.14826607323381516,
0,0,0.8528535527490751,0.06251320321469575,0.0846332440362291,
0,0,0.42487468693587116,0.33985475613567717,0.23527055692845167,
0,0,0.47540302760484354,0.2596250950705258,0.2649718773246307,
0,0,0.7489736038814985,0.037759398496240604,0.21326699762226078,
0,0,0.92662131067454,0.05380845647017536,0.019570232855284583,
0,1,0.2950322954822954,0.6159427960927961,0.08902490842490841,
0,0,0.7948453569950448,0.19303594739987112,0.012118695605084114,
0,0,0.7124974570591027,0.15166354091923617,0.13583900202166113,
0,0,0.6868923788629671,0.06977489830431007,0.24333272283272284,
0,0,0.7878787989079248,0.11527495183671325,0.09684624925536195,
0,1,0.2577172500780913,0.6737454583402592,0.06853729158164944,
0,2,0.14052782558806654,0.12557257601835914,0.7338995983935743,
0,0,0.5982297898230408,0.31222892985724093,0.08954128031971831,
0,0,0.9672045454545455,0.0055681818181818185,0.027227272727272725,
0,0,0.7100084260572376,0.18244895659666463,0.10754261734609782,
0,1,0.1901933654384929,0.7456522105851411,0.06415442397636595,
0,0,0.9228771929824562,0.07467982456140351,0.002442982456140351,
0,0,0.615714858241174,0.31397245882772196,0.07031268293110396,
0,2,0.34527457264957273,0.245878663003663,0.40884676434676437,
0,0,0.48458018792801405,0.37744069517439083,0.13797911689759518,
0,1,0.33939330277565566,0.47414101094983446,0.18646568627450982,
0,0,0.4942327008810423,0.43580192075324287,0.06996537836571479,
0,0,0.4736309483233016,0.35747477793333854,0.16889427374335983,
0,0,0.3856173556928706,0.3481410751084663,0.26624156919866304,
0,0,0.6546211133948645,0.3157675217354442,0.02961136486969142,
0,1,0.30700889242336615,0.5548147478739583,0.1381763597026755,
0,0,0.6398054025522811,0.2220465285680769,0.13814806887964196,
0,0,0.9528836627926137,0.03296552163515438,0.014150815572231863,
0,0,0.7860070207570208,0.19124297924297917,0.022749999999999996,
0,1,0.3266279778572803,0.38166124691429953,0.29171077522842026,
0,0,0.8121212926858088,0.02942012288786482,0.15845858442632635,
0,0,0.6769569528044318,0.2991055200168645,0.02393752717870365,
0,0,0.9007217368961973,0.08254561625424936,0.016732646849553324,
0,0,0.6502069220446333,0.1565135787949929,0.1932794991603738,
0,0,0.7372071171669016,0.18974629070625176,0.07304659212684672,
0,0,0.8283601137258805,0.13899421826504404,0.03264566800907545,
0,0,0.8957817684588784,0.08994174971093127,0.01427648183019027,
0,1,0.06765117478538532,0.6650420072814809,0.2673068179331337,
0,0,0.6491879767652712,0.2858514137156996,0.06496060951902917,
0,1,0.43294154805911106,0.46138977460373337,0.1056686773371556,
0,1,0.37425762848262845,0.5666545981795982,0.05908777333777335,
0,0,0.42655135467980293,0.3861461206896552,0.18730252463054187,
0,0,0.92,0.07166666666666667,0.008333333333333333,
0,2,0.22572086877475048,0.23534601923155016,0.5389331119936994,
0,1,0.11837233118709964,0.812787822659772,0.06883984615312838,
0,0,0.9384542959804153,0.04435980810234541,0.017185895917239197,
0,0,0.8301444444444444,0.10484444444444446,0.06501111111111112,
0,2,0.07892379076861836,0.45369194885574193,0.46738426037563974,
0,0,0.5957252005173354,0.3853139182914463,0.01896088119121827,
0,0,0.5285398068106532,0.4076666336135458,0.06379355957580106,
0,0,0.9292808953070147,0.020233545476082786,0.05048555921690249,
0,0,0.8523333333333333,0.09907142857142857,0.0485952380952381,
0,2,0.209443129417839,0.17861914237474402,0.6119377282074171,
0,0,0.4707286982573992,0.42537064852918766,0.1039006532134131,
0,0,0.8824139433551198,0.07327015250544663,0.04431590413943357,
0,0,0.6814933560488873,0.2643646322542284,0.05414201169688439,
0,1,0.1836503267973856,0.7740457516339869,0.04230392156862745,
0,0,0.596477097880844,0.15289744872065178,0.2506254533985043,
0,0,0.6575455186298796,0.07163594366051472,0.2708185377096056,
0,0,0.6592647442541668,0.22783421228089334,0.11290104346493983,
0,0,0.7592719246140662,0.16072495096129744,0.08000312442463642,
0,2,0.17063555953090834,0.2754626316835619,0.5539018087855299,
0,1,0.3332986861189864,0.3372244374801243,0.3294768764008893,
0,2,0.27674912661213413,0.2902231158244622,0.4330277575634037,
0,1,0.3560527195244821,0.552557030601176,0.09139024987434184,
0,0,0.9524664502164503,0.008782467532467532,0.03875108225108225,
0,0,0.5088915945165944,0.345975468975469,0.14513293650793652,
0,0,0.8957817684588784,0.08994174971093127,0.01427648183019027,
0,1,0.4514465039473807,0.504694094236175,0.043859401816444474,
0,0,0.4580115459850138,0.3264847527925007,0.2155037012224855,
0,1,0.43145365601831115,0.5222199291768258,0.046326414804863075,
0,0,0.7349605059157911,0.1618561912739007,0.10318330281030827,
0,0,0.6400191777673875,0.1838554868937542,0.17612533533885838,
0,0,0.6715734623102435,0.25613884827529704,0.07228768941445951,
0,0,0.7027674378761335,0.07000149246888378,0.22723106965498274,
0,0,0.8422661591282281,0.050291909240185104,0.1074419316315868,
0,0,0.5819346671846671,0.30864998889998896,0.10941534391534391,
0,2,0.11749711253064911,0.2753383501096916,0.6071645373596593,
0,0,0.8246559714795009,0.042447860962566836,0.13289616755793224,
0,0,0.6829672881316614,0.25801219511388634,0.0590205167544522,
0,0,0.5481560540422769,0.39886164360235576,0.05298230235536738,
0,0,0.8291931915779969,0.14479422520770047,0.0260125832143026,
0,0,0.5809239130711722,0.2744333467925518,0.14464274013627595,
0,1,0.3688429324619408,0.38036149057745866,0.25079557696060045,
0,0,0.8342124894111024,0.1267398164827716,0.03904769410612601,
0,0,0.5426857250936199,0.42491632490316683,0.032397950003213154,
0,0,0.5266889633704337,0.4105379640841639,0.06277307254540244,
0,0,0.7495346320346319,0.23720129870129872,0.013264069264069261,
0,0,0.8678184627461191,0.06456313346507692,0.06761840378880402,
0,1,0.15443455522962102,0.825119653837746,0.02044579093263304,
0,1,0.040208333333333346,0.9552083333333334,0.004583333333333334,
0,1,0.3278644768973716,0.5916899540517961,0.08044556905083221,
0,1,0.4279113965744401,0.5287937135328439,0.04329488989271598,
0,0,0.5778199998027584,0.24811685484745832,0.17406314534978326,
0,0,0.99,0.01,0.0,
0,0,0.8647661591282281,0.0377919092401851,0.09744193163158679,
0,0,0.7163178780284043,0.17999853801169588,0.10368358395989975,
0,0,0.6541674868244711,0.2906343162921694,0.05519819688335948,
0,1,0.2867253325113738,0.48682443414708865,0.22645023334153766,
0,0,0.5395977927071431,0.38626043811621763,0.0741417691766393,
0,0,0.8150941415006708,0.15011630709264834,0.03478955140668078,
0,0,0.7636477365674029,0.11724488366476953,0.11910737976782754,
0,0,0.4464267823857488,0.4199381624656609,0.13363505514859028,
0,0,0.7996803907974795,0.13804723797883348,0.0622723712236871,
0,2,0.015966666666666667,0.050355555555555556,0.9336777777777777,
0,1,0.45070099508334804,0.5210536522301229,0.028245352686529154,
0,0,0.7533230601614013,0.21189416402704248,0.034782775811556164,
0,0,0.677391458859338,0.15800883163963664,0.16459970950102532,
0,0,0.7310024591937415,0.23889594655823676,0.030101594248021647,
0,0,0.7428434873949581,0.2538231792717087,0.0033333333333333335,
0,1,0.3084296447446603,0.5832032437376865,0.10836711151765333,
0,1,0.3264913793103449,0.6369439655172413,0.03656465517241379,
0,0,0.8251814102564103,0.05994807692307694,0.11487051282051283,
0,1,0.3923219425410019,0.5361995620610239,0.07147849539797413,
0,0,0.47027777777777774,0.06472222222222222,0.465,
0,0,0.7521496665099605,0.1382964837450132,0.10955384974502626,
0,0,0.9238094694552771,0.050753024731754186,0.025437505812968764,
0,1,0.3656373626373626,0.48728571428571427,0.14707692307692308,
0,1,0.29996861033703137,0.5647499430394167,0.13528144662355188,
0,0,0.6377926136225478,0.29532986166772673,0.06687752470972537,
0,1,0.2665974857415697,0.6926317062037481,0.040770808054682105,
0,0,0.7658787878787879,0.12631818181818183,0.10780303030303029,
0,1,0.25407518899766285,0.6030577508744963,0.14286706012784084,
0,1,0.15483333333333335,0.5423333333333333,0.3028333333333333,
0,1,0.28452302024846093,0.6102825117898069,0.10519446796173235,
0,1,0.45737362759363726,0.4823685931056463,0.060257779300716546,
0,0,0.7771647847247547,0.12361549393242001,0.09921972134282522,
0,1,0.3819793767127863,0.4546952581974792,0.16332536508973447,
0,0,0.8521892413892527,0.06049016427422939,0.08732059433651793,
0,0,0.5197059680897843,0.24673081379659068,0.23356321811362504,
0,0,0.6061040884749014,0.15025042413608727,0.24364548738901146,
0,0,0.7848283365961277,0.16326367072458112,0.051907992679291165,
0,0,0.4746729397590763,0.43900272453450095,0.08632433570642283,
0,2,0.2201175281851978,0.3505087025313683,0.42937376928343385,
0,0,0.7475513080139338,0.17585848763313083,0.07659020435293547,
0,0,0.7971160440807179,0.16180256368028106,0.04108139223900094,
0,0,0.8498154253154253,0.040761904761904756,0.10942266992266993,
0,0,0.6604375763125764,0.25918803418803416,0.08037438949938949,
0,0,0.545051468040147,0.3030804572846947,0.1518680746751584,
0,0,0.7585509472606248,0.0538100358422939,0.18763901689708143,
0,0,0.9127530834793152,0.03822829336182581,0.04901862315885907,
0,0,0.8553814102564102,0.11958974358974357,0.02502884615384615,
0,1,0.47802026484751203,0.479750593819414,0.042229141333073913,
0,0,0.5421595515189308,0.16392346968300817,0.29391697879806106,
0,0,0.731800659076046,0.2350141878864377,0.03318515303751634,
0,2,0.27051942355889724,0.31015723871644924,0.4193233377246536,
0,0,0.48328681875858137,0.45790609820024364,0.058807083041175004,
0,0,0.7896838101365194,0.18443415584234554,0.025882034021135012,
0,0,0.9234871794871795,0.03933333333333333,0.03717948717948718,
0,1,0.395421568627451,0.6039901960784314,5.88235294117647E-4,
0,0,0.7830478614522732,0.17000140056022411,0.04695073798750269,
0,0,0.6013667506495728,0.22587893130811257,0.17275431804231453,
0,0,0.8341666666666667,0.13716666666666666,0.028666666666666663,
0,0,0.9667261904761905,0.027523809523809523,0.00575,
0,0,0.7310024591937415,0.23889594655823676,0.030101594248021647,
0,0,0.9290874026506887,0.06108083489253786,0.00983176245677348,
0,0,0.7031409167905842,0.23432149937172003,0.06253758383769574,
0,0,0.5073465685258909,0.17368563784931162,0.3189677936247975,
0,1,0.2248775157590947,0.6540727766385662,0.12104970760233918,
0,0,0.7909786630944161,0.15569581411195302,0.05332552279363078,
0,0,0.8348451909609999,0.15844702560511384,0.006707783433886375,
0,0,0.8342223082530359,0.11218088424971807,0.05359680749724608,
0,2,0.2924150542440016,0.22648829021855338,0.48109665553744513,
0,0,0.8574254206245732,0.1298496771589992,0.012724902216427643,
0,0,0.8708547470375965,0.11153793484192757,0.017607318120476015,
0,0,0.8396095055691245,0.13731648562819163,0.02307400880268394,
0,0,0.7032145205485353,0.07262625161580243,0.22415922783566217,
0,0,0.9457931654676258,0.035702209660842754,0.018504624871531344,
0,1,0.07129368068898102,0.7755033755840625,0.15320294372695653,
0,0,0.9105287155891376,0.06059885343335898,0.02887243097750344,
0,1,0.4403107844082504,0.5020875398439689,0.057601675747780606,
0,2,0.15035396825396827,0.3831523809523809,0.46649365079365074,
0,0,0.8028358507855298,0.06912022131150711,0.12804392790296315,
0,0,0.5595060618316089,0.2404495603287162,0.20004437783967496,
0,0,0.7998347219399851,0.19498272708799028,0.005182550972024656,
1,1,0.3531095300055073,0.562947657421255,0.0839428125732377,
1,1,0.43145365601831115,0.5222199291768258,0.046326414804863075,
1,1,0.39674422269619175,0.5857421612259416,0.01751361607786681,
1,1,0.10520502758225543,0.8842281648580136,0.010566807559731049,
1,0,0.76285108123558,0.12835129277045546,0.1087976259939645,
1,0,0.5934814770998982,0.11197014364777524,0.2945483792523266,
1,0,0.7029349251134965,0.2254565736065736,0.07160850127992985,
1,1,0.09628156565656566,0.6765340909090909,0.22718434343434343,
1,1,0.003875,0.9116249999999999,0.08449999999999999,
1,0,0.8848567930154481,0.08611478312923222,0.029028423855319688,
1,1,0.2594456115479679,0.6753026262549707,0.06525176219706146,
1,2,0.20977987109508853,0.30026838198033845,0.48995174692457305,
1,1,0.12920980163627224,0.8375910985800692,0.033199099783658606,
1,1,0.29872488622488624,0.6121717171717171,0.08910339660339658,
1,1,0.3949220085959675,0.5405857230441538,0.06449226835987872,
1,2,0.32668466911233024,0.23051354267920984,0.44280178820845983,
1,0,0.3852322200932883,0.2487655983507376,0.366002181555974,
1,1,0.1364059008762012,0.6496695589377457,0.213924540186053,
1,1,0.3524610852940798,0.6295328839131635,0.018006030792756648,
1,0,0.7759597464521563,0.16994440769540392,0.0540958458524398,
1,0,0.5076412094536882,0.389848187914815,0.1025106026314967,
1,0,0.5992942533312099,0.2929147263364655,0.10779102033232467,
1,0,0.8390647185801207,0.13751141112002926,0.02342387029985006,
1,1,0.19147939429969466,0.5094634484691354,0.29905715723117005,
1,0,0.7042222222222222,0.27052777777777776,0.025249999999999998,
1,1,0.2557427914548161,0.5843455009296732,0.1599117076155108,
1,0,0.5271215277777778,0.24990277777777772,0.22297569444444443,
1,0,0.6501734437903988,0.2485444261574482,0.10128213005215297,
1,0,0.4658440215756696,0.4289131891212948,0.10524278930303574,
1,2,0.25774308774014654,0.3441579930962284,0.3980989191636251,
1,0,0.4368799754524413,0.43400257798458514,0.1291174465629736,
1,0,0.6807493172747541,0.24477841581553222,0.07447226690971374,
1,0,0.5545853775853775,0.41600865800865805,0.029405964405964404,
1,0,0.8453827429705876,0.0861785840941279,0.06843867293528447,
1,0,0.831529837133589,0.14862019407679553,0.019849968789615462,
1,1,0.42052468157615225,0.5625657985143279,0.01690951990951991,
1,0,0.5310135869285717,0.28793447269813144,0.1810519403732969,
1,2,0.10435186869471835,0.3375222229897452,0.5581259083155364,
1,1,0.35507145486092856,0.5102531011873116,0.13467544395175973,
1,1,0.3349383370252936,0.64351114103288,0.021550521941826287,
1,1,0.3035267762367305,0.6649682661604857,0.031504957602783705,
1,0,0.5248025657454507,0.3124569375671778,0.16274049668737162,
1,0,0.7951229094707356,0.1942545855371942,0.010622504992070209,
1,1,0.2632682143907276,0.5912823533129042,0.14544943229636823,
1,0,0.4093116404616404,0.2155555468555468,0.3751328126828127,
1,1,0.2675699888151163,0.6733535092864399,0.05907650189844388,
1,0,0.8430300187754152,0.11876142201615349,0.03820855920843134,
1,1,0.45142217840680204,0.5108823773385014,0.03769544425469665,
1,1,0.29483333333333334,0.3778333333333333,0.32733333333333337,
1,1,0.3949220085959675,0.5405857230441538,0.06449226835987872,
1,1,0.09283660621732702,0.8877784483505308,0.01938494543214223,
1,1,0.2559655709025274,0.6402366910866911,0.10379773801078147,
1,1,0.07118692547245783,0.921928264576397,0.006884809951145142,
1,1,0.3192688933336618,0.5998349152068646,0.08089619145947369,
1,0,0.6161200266210899,0.33248408533515295,0.051395888043757255,
1,0,0.783827424193191,0.18133643160725746,0.03483614419955165,
1,1,0.010224660397074188,0.9840673981191221,0.005707941483803553,
1,0,0.7542057799755776,0.17607610712351932,0.06971811290090313,
1,1,0.18455464338528862,0.5421106326469228,0.2733347239677885,
1,0,0.5152103174603174,0.46232539682539686,0.02246428571428571,
1,0,0.852577380952381,0.04324404761904762,0.10417857142857143,
1,0,0.7891893711732574,0.0946629090385348,0.11614771978820791,
1,1,0.2020187851364322,0.7753522898669958,0.022628924996572052,
1,1,0.2884531280429168,0.5306108148660965,0.18093605709098667,
1,1,0.16485119047619048,0.8168194444444444,0.018329365079365077,
1,1,0.05245046372769145,0.9424956231886924,0.0050539130836160535,
1,0,0.4093116404616404,0.2155555468555468,0.3751328126828127,
1,1,0.2640648535868735,0.4581200618482385,0.277815084564888,
1,0,0.5404733652362963,0.3623421654973379,0.09718446926636581,
1,0,0.694830111313807,0.2844196558272645,0.02075023285892851,
1,0,0.6065095921330137,0.2881188569160211,0.10537155095096516,
1,1,0.15443455522962102,0.825119653837746,0.02044579093263304,
1,0,0.6756170197535524,0.16189590740070617,0.16248707284574157,
1,0,0.7000756749710239,0.06791789863882887,0.23200642639014732,
1,1,0.4754627996272734,0.49528605434526485,0.02925114602746182,
1,0,0.5263669424933117,0.14784353077243542,0.3257895267342528,
1,2,0.3872732736853803,0.06728871643880836,0.5454380098758114,
1,0,0.4112531835686435,0.32485853272752463,0.2638882837038318,
1,1,0.28452302024846093,0.6102825117898069,0.10519446796173235,
1,1,0.2900378912023649,0.668531475590686,0.041430633206948994,
1,0,0.5194409218232747,0.4694162210338682,0.011142857142857145,
1,0,0.6750414631328476,0.28507160850712365,0.03988692836002871,
1,1,0.15526813501813502,0.7466044518544519,0.09812741312741312,
1,1,0.11837233118709964,0.812787822659772,0.06883984615312838,
1,1,0.4635876559557909,0.46804825450420423,0.06836408954000488,
1,1,0.17321315748521632,0.5061143760923172,0.3206724664224664,
1,0,0.6128101286142168,0.29855407882038254,0.08863579256540062,
1,0,0.559442069811964,0.37937575306280985,0.06118217712522615,
1,1,0.16455908971228822,0.8020871929681291,0.033353717319582685,
1,1,0.16038816738816739,0.7506738816738817,0.08893795093795095,
1,1,0.41808734939759035,0.429429718875502,0.15248293172690763,
1,0,0.49801820200368296,0.38692948219354745,0.11505231580276952,
1,0,0.5033017857860848,0.48631585380563713,0.010382360408278144,
1,1,0.22684070242296164,0.6313201591282769,0.14183913844876153,
1,0,0.5676839222857809,0.35761603586068197,0.07470004185353724,
1,1,0.13421286008042302,0.8508451616080335,0.01494197831154353,
1,1,0.16423317248239602,0.7490154445453359,0.08675138297226806,
1,1,0.33097292985726834,0.5560525011007748,0.11297456904195698,
1,0,0.5445072204487528,0.39356252341715975,0.06193025613408757,
1,1,0.13371000383112816,0.758011478257407,0.10827851791146488,
1,0,0.7754734389561976,0.19493166966227315,0.029594891381529317,
1,0,0.6875282327321801,0.24361581084607395,0.06885595642174587,
1,0,0.8605634324333922,0.11081635501961161,0.0286202125469963,
1,1,0.02529575596816976,0.9277002652519893,0.047003978779840846,
1,1,0.03387500000000001,0.9394821428571428,0.02664285714285715,
1,1,0.34829139504868317,0.5167199084612828,0.1349886964900341,
2,1,0.32280374055374056,0.5412701345201345,0.1359261249261249,
2,1,0.157255661005661,0.7706674159174159,0.07207692307692308,
2,0,0.4870697235415905,0.4713441115576666,0.041586164900742906,
2,0,0.6340959595959597,0.08813973063973064,0.2777643097643097,
2,0,0.6619227702907977,0.3105324951134299,0.02754473459577239,
2,1,0.07214710042432813,0.9234153701084393,0.004437529467232438,
2,1,0.3543050283050283,0.4573988233988234,0.18829614829614827,
2,2,0.2654627160279334,0.32830134901330554,0.406235934958761,
2,0,0.4812319945630846,0.2529380744075658,0.26582993102934965,
2,2,0.3417769921899566,0.169707751162666,0.48851525664737727,
2,0,0.7754734389561976,0.19493166966227315,0.029594891381529317,
2,0,0.7695332845298414,0.19391533087670812,0.03655138459345046,
2,0,0.5998804246230179,0.24062857397701823,0.15949100139996375,
2,0,0.39073765056265053,0.2672415247665247,0.3420208246708247,
2,1,0.15793061789540663,0.5557727366530184,0.286296645451575,
2,1,0.2803957730946778,0.4282848935535044,0.2913193333518179,
2,2,0.2657185340244551,0.07695331605528975,0.6573281499202552,
2,0,0.6396292248440136,0.27960699498727665,0.08076378016870975,
2,0,0.4876839959890936,0.4639399397640234,0.048376064246882955,
2,0,0.7104030568749239,0.25384411155766656,0.035752831567409576,
2,0,0.5010230071060774,0.291658717951903,0.2073182749420196,
2,0,0.5340541583844669,0.3192472056578227,0.14669863595771038,
2,0,0.7992443740308643,0.19181804147852288,0.008937584490612792,
2,0,0.7211126734946958,0.24509771663762314,0.03378960986768113,
2,0,0.5963919642388,0.39173764763414026,0.011870388127059794,
2,1,0.16301388888888887,0.8313418803418803,0.0056442307692307694,
2,1,0.19313908313908318,0.43558857808857804,0.3712723387723388,
2,1,0.2995323797117915,0.3621395444424856,0.3383280758457229,
2,0,0.6276923740826824,0.13589408286672133,0.23641354305059625,
2,0,0.5998804246230179,0.24062857397701823,0.15949100139996375,
2,0,0.7496108896534431,0.08511046160016178,0.16527864874639497,
2,0,0.4535888577653282,0.21355610021786492,0.3328550420168068,
2,0,0.5000802006869369,0.40527037452322084,0.09464942478984223,
2,0,0.6088755505139776,0.3857092516795202,0.005415197806502154,
2,1,0.33939062025745625,0.5195336405189154,0.14107573922362832,
2,1,0.02,0.96,0.02,
2,0,0.5198668807138712,0.400334036343907,0.07979908294222167,
2,0,0.5943397723191841,0.3181902463549522,0.08746998132586369,
2,0,0.5251789215686274,0.4086446078431372,0.0661764705882353,
2,2,0.31469310165537784,0.23738748052175157,0.44791941782287054,
2,0,0.5506191581522076,0.27318558606177534,0.17619525578601714,
2,0,0.4220642024515023,0.2648874239901127,0.31304837355838494,
2,0,0.5206844840500302,0.08188207783113247,0.3974334381188374,
2,0,0.5238113340912947,0.18553328301934535,0.2906553828893601,
2,0,0.6637047746939052,0.16702138803225755,0.1692738372738372,
2,0,0.6900756749710238,0.07791789863882888,0.23200642639014732,
2,1,0.3430450908740382,0.4929392975445608,0.16401561158140104,
2,1,0.13278496333398657,0.8541326913955654,0.013082345270447968,
2,0,0.7052125786181237,0.2634064336978811,0.0313809876839952,
