2,1,0.35669834287576224,0.37233621933621935,0.27096543778801846,
2,1,0.16339712513357835,0.7314681532661829,0.10513472160023885,
2,1,0.24799999999999997,0.5953686868686869,0.15663131313131312,
2,2,0.2869680952884958,0.2855626689720149,0.4274692357394894,
2,0,0.6040183388252715,0.2509659863945578,0.14501567478017077,
2,0,0.5817662337662337,0.24807503607503606,0.17015873015873015,
2,1,0.3935448717948718,0.43083333333333335,0.17562179487179488,
2,1,0.37201741041244085,0.43447376913147706,0.1935088204560821,
2,1,0.26469304086717876,0.42510885870196213,0.3101981004308591,
2,0,0.4780991048254674,0.3936612903225807,0.1282396048519519,
2,0,0.46110256410256417,0.4318736263736263,0.10702380952380952,
2,0,0.4678826980678714,0.3974447832868885,0.13467251864524007,
2,1,0.35871046683739993,0.487362089653288,0.15392744350931215,
2,0,0.47367736711909636,0.36768543350354493,0.15863719937735857,
2,1,0.22496141041849005,0.4965226268022585,0.27851596277925145,
2,0,0.6059765644477686,0.3046103949433176,0.08941304060891372,
2,0,0.48596428571428574,0.445,0.0690357142857143,
2,0,0.5722424242424242,0.40775757575757576,0.02,
2,1,0.27715686274509804,0.4110552584670231,0.3117878787878788,
2,1,0.30414102564102563,0.4605595193856063,0.23529945497336796,
2,0,0.38803030303030306,0.3806658008658009,0.23130389610389612,
2,0,0.5668002322880372,0.3484285714285714,0.08477119628339141,
2,0,0.4168640819964349,0.38313844233345506,0.19999747567010992,
2,1,0.24964294039294038,0.6024699781131346,0.14788708149392507,
2,1,0.45711539729776657,0.5059982271282657,0.0368863755739677,
2,1,0.27481686039677056,0.509695681511471,0.21548745809175848,
2,1,0.38677279449329144,0.46235722912353344,0.15086997638317512,
2,1,0.37349217489434877,0.4704239824421389,0.15608384266351236,
2,0,0.5981969696969697,0.36059932659932664,0.0412037037037037,
2,1,0.33444117647058824,0.5324635854341736,0.1330952380952381,
2,1,0.2777925078797172,0.45918261351052053,0.26302487860976237,
2,1,0.2608996369127948,0.38334681108365315,0.35575355200355196,
2,1,0.3245501677545022,0.5232475462274224,0.1522022860180755,
2,1,0.3394505739358681,0.4873679937922265,0.17318143227190544,
2,1,0.27110157475374863,0.45175226757369613,0.2771461576725552,
2,1,0.2221717904736773,0.547589944795345,0.2302382647309779,
2,0,0.40908868062591475,0.39591148666368564,0.1949998327103997,
2,1,0.16968257587822805,0.5582202525971047,0.2720971715246673,
2,1,0.2367061646208721,0.5763748653704439,0.18691897000868404,
2,0,0.6914047619047619,0.2565952380952381,0.052,
2,1,0.2646630036630037,0.44595054945054946,0.2893864468864469,
2,1,0.3802015011132658,0.3945157113357063,0.2252827875510279,
2,1,0.319695224130708,0.5347372647160423,0.1455675111532497,
2,1,0.2839190476190476,0.4880430735930736,0.2280378787878788,
2,1,0.058859649122807,0.8852117794486216,0.055928571428571425,
2,1,0.3010000929022668,0.5126541514041514,0.1863457556935818,
2,1,0.34482763975155273,0.4630678053830228,0.1921045548654244,
2,1,0.32465187794001354,0.44729052429052435,0.2280575977694622,
2,1,0.2911168317240424,0.4311336623528274,0.27774950592313025,
2,1,0.3349430894308943,0.4481768707482993,0.21688003982080634,
2,1,0.31751403003989215,0.4399901960784313,0.24249577388167648,
2,1,0.26328585887796413,0.4522027358606306,0.2845114052614053,
2,1,0.42474159174159176,0.44984065934065937,0.12541774891774893,
2,1,0.31893782887955824,0.3435950480636498,0.3374671230567919,
2,1,0.25561813186813187,0.4342592592592593,0.31012260887260884,
2,1,0.2900116052356281,0.4618518967340656,0.24813649803030632,
2,1,0.248134935444189,0.45945095170316413,0.29241411285264685,
2,0,0.6516672771672771,0.18621500721500722,0.16211771561771562,
2,0,0.41752501563477173,0.3775,0.20497498436522826,
2,1,0.42430146705146704,0.45155486180486176,0.12414367114367114,
2,0,0.4375197134477495,0.3505513296227581,0.21192895692949237,
2,1,0.23275276513767565,0.4219562892350616,0.3452909456272627,
2,1,0.20758583959899746,0.7021641604010025,0.09025,
2,1,0.16454761904761908,0.6338339993339993,0.20161838161838164,
2,1,0.3271009886340075,0.45686956911013515,0.21602944225585735,
2,0,0.4190976950591842,0.3908736424394319,0.19002866250138392,
2,1,0.29932587478240463,0.5449734778434228,0.15570064737417255,
2,1,0.3777446433033484,0.5091310750874563,0.11312428160919541,
2,0,0.4359795321637428,0.3826617226125422,0.181358745223715,
2,1,0.31713867654085043,0.5069061355311356,0.17595518792801398,
2,1,0.14297531882141082,0.6679770987215302,0.18904758245705888,
2,1,0.3057407407407407,0.5826597476597477,0.11159951159951159,
2,0,0.3575641751111597,0.3352032822091461,0.3072325426796943,
2,2,0.33273887241900224,0.3241176895689156,0.3431434380120821,
2,1,0.30892254074966397,0.4678277626700547,0.22324969658028126,
2,0,0.4078023255813954,0.3686143410852713,0.22358333333333336,
2,1,0.211906663668812,0.5320663219866524,0.2560270143445357,
2,0,0.47369448999111846,0.36202380952380947,0.16428170048507204,
2,1,0.26975295323233467,0.5093792895249081,0.22086775724275726,
2,1,0.3666983289042113,0.4709721324427207,0.16232953865306804,
2,1,0.2555058180052854,0.4487621686377012,0.2957320133570133,
2,1,0.3880816175694224,0.4374523809523809,0.17446600147819663,
2,2,0.25283640177159455,0.3505198355104015,0.396643762718004,
2,0,0.5080357142857143,0.24089285714285713,0.25107142857142856,
2,0,0.6026166323513885,0.3395849567099567,0.057798410938654836,
2,1,0.18180370643848903,0.4888896115429645,0.32930668201854646,
2,2,0.3069676329807882,0.3277863101775027,0.365246056841709,
2,0,0.43482884748102135,0.34256349206349207,0.22260766045548652,
2,0,0.3524911014911015,0.34308321308321305,0.3044256854256854,
2,1,0.23523845744898378,0.477682156008243,0.28707938654277326,
2,0,0.4029582071944501,0.31166666666666665,0.2853751261388832,
2,1,0.19580016770730901,0.45663886031334544,0.3475609719793456,
2,0,0.3797727740668917,0.3468124832683656,0.2734147426647426,
2,1,0.39438547563547566,0.4121994810744811,0.1934150432900433,
2,1,0.1832214351514808,0.4556008635574329,0.3611777012910863,
2,0,0.4213580976560031,0.35876384408150463,0.2198780582624922,
2,0,0.7501659544159545,0.20198148148148146,0.0478525641025641,
2,1,0.3410714285714285,0.46142857142857147,0.19749999999999995,
2,1,0.2826813641408536,0.3859202341313884,0.331398401727758,
2,1,0.2079375901875902,0.5114959187183645,0.2805664910940453,
2,1,0.21984826284826287,0.5455896778578343,0.23456205929390284,
2,2,0.3142586109542631,0.32593515904385467,0.35980623000188217,
2,0,0.4475491366750765,0.3719264069264069,0.18052445639851655,
2,0,0.4650101237943343,0.3280311252992818,0.20695875090638396,
2,0,0.42692857142857144,0.39397510822510823,0.17909632034632036,
2,0,0.5944570707070707,0.2448124098124098,0.16073051948051947,
2,1,0.22969047619047622,0.6404761904761904,0.12983333333333336,
2,1,0.3473908353312494,0.5478815678744531,0.10472759679429759,
2,0,0.44112267732324695,0.32683328779682214,0.23204403487993097,
2,1,0.4575816544566545,0.4811683455433456,0.06125,
2,1,0.3443274275008145,0.44153375528578265,0.21413881721340272,
2,1,0.19637830687830685,0.614005291005291,0.18961640211640213,
2,0,0.4149555555555555,0.37487398244213893,0.2101704620023056,
2,0,0.46581118822707535,0.42150681966435394,0.1126819921085708,
2,0,0.4253622595080396,0.4095811700376917,0.16505657045426866,
2,1,0.38335416666666666,0.4441488095238095,0.17249702380952378,
2,2,0.22530397790615184,0.3053320346320346,0.4693639874618135,
2,0,0.46634686609686604,0.39316653716653716,0.14048659673659675,
2,1,0.22241868246531088,0.6245294524965063,0.15305186503818285,
2,0,0.42127830502830504,0.3145100122417719,0.26421168272992307,
2,1,0.3412026146267526,0.3729378167809202,0.2858595685923272,
2,0,0.4258346499890278,0.3714555811571941,0.20270976885377806,
2,1,0.29459374123278964,0.48510182571052135,0.22030443305668906,
2,1,0.21616028741845217,0.54810756302521,0.23573214955633776,
2,0,0.508074894780987,0.3843486182010209,0.10757648701799204,
2,2,0.33711486701704096,0.24574542124542123,0.41713971173753783,
2,1,0.3232875089568454,0.5045068534313385,0.1722056376118161,
2,0,0.519922743922744,0.46774392274392274,0.012333333333333335,
2,0,0.4921479927939555,0.27873969508752117,0.22911231211852331,
2,0,0.5667573529411765,0.25329166666666664,0.17995098039215687,
2,2,0.23508223684210527,0.36191134673658426,0.4030064164213104,
2,1,0.2682339743589744,0.4715421143102707,0.2602239113307549,
2,1,0.3803867463773124,0.5360589030770595,0.08355435054562807,
2,1,0.21152324245802506,0.6271406321694571,0.16133612537251782,
2,1,0.34738862425818945,0.42725157370809547,0.22535980203371506,
2,1,0.29049864024864025,0.525797619047619,0.18370374070374068,
2,1,0.21248989898989898,0.47627777777777774,0.3112323232323232,
2,1,0.3704430894308943,0.4398333333333333,0.18972357723577235,
2,1,0.30883827215096565,0.5165629334634237,0.1745987943856106,
2,0,0.7342257589154141,0.13666791924550545,0.1291063218390804,
2,1,0.340565970470521,0.5291738368303297,0.13026019269914943,
2,1,0.2700481273939566,0.5431535087719298,0.18679836383411363,
2,2,0.2338070158070158,0.37500524159384924,0.39118774259913486,
2,1,0.2854004329004329,0.4791060606060606,0.2354935064935065,
2,1,0.2659834368530021,0.6447116506681724,0.08930491247882552,
2,1,0.4086432748538012,0.468843537414966,0.12251318773123283,
2,1,0.4063099415204679,0.43951020408163266,0.15417985439789952,
2,0,0.47477153875934364,0.368504884004884,0.15672357723577235,
2,0,0.521670753572747,0.2968685485516116,0.18146069787564148,
2,1,0.32432266009852223,0.5214285714285715,0.15424876847290642,
2,1,0.20639713909279125,0.3972267809240842,0.3963760799831245,
2,1,0.3030180078749846,0.5262134736064968,0.17076851851851851,
2,1,0.41237837339965,0.5157686794118359,0.07185294718851416,
2,1,0.24665055234620453,0.4442966277439309,0.3090528199098645,
2,2,0.2389878588568981,0.31439750986507653,0.4466146312780254,
2,1,0.2696547499827794,0.5635205746925454,0.16682467532467535,
2,1,0.3950890391285465,0.5611585477440404,0.043752413127413126,
2,1,0.33811510725403093,0.3804391976191187,0.2814456951268503,
2,1,0.32269436459799417,0.599731728617532,0.07757390678447375,
2,1,0.3499027639027639,0.42706060606060603,0.22303663003663002,
2,0,0.43281090152226137,0.35331822564347914,0.21387087283425957,
2,0,0.3772327481451296,0.34915730601173134,0.2736099458431391,
2,2,0.30891694324194324,0.295972607022607,0.3951104497354498,
2,1,0.3573917546505781,0.393637898244658,0.2489703471047639,
2,1,0.14605829228243022,0.6169000126586711,0.23704169505889872,
2,0,0.5333412535985932,0.34866741184183203,0.11799133455957492,
2,1,0.23742862838915474,0.5717956140350877,0.1907757575757576,
2,1,0.25991780331839026,0.6310695389928679,0.1090126576887419,
2,0,0.45573731235711595,0.33441417534141854,0.20984851230146548,
2,1,0.4110192307692308,0.42676299830113384,0.16221777092963535,
2,1,0.2262194564694564,0.4900483916244786,0.283732151906065,
2,1,0.2512277345296213,0.7042527294508426,0.04451953601953601,
2,0,0.6955952380952382,0.23954761904761906,0.06485714285714286,
2,1,0.25645791287565484,0.49178150899279927,0.25176057813154584,
2,0,0.3560054845694232,0.33680099638923167,0.3071935190413451,
2,1,0.09128571428571426,0.855797619047619,0.052916666666666654,
2,1,0.35871635440918564,0.4325179172679172,0.20876572832289708,
2,1,0.2766807229825675,0.4325354434531903,0.2907838335642423,
2,1,0.37586834733893554,0.41748518518518524,0.20664646747587928,
2,1,0.2707088274044796,0.4662576698663654,0.26303350272915493,
2,1,0.3257968354830537,0.453741630350326,0.2204615341666203,
2,1,0.29000942068684005,0.4526597170944997,0.25733086221866025,
2,1,0.18738912054129442,0.5504885567567132,0.2621223227019923,
2,1,0.2748054250337401,0.6080992847964433,0.11709529016981661,
2,0,0.49101851851851847,0.2994057239057239,0.2095757575757576,
2,1,0.300297032274823,0.42824575807334425,0.2714572096518327,
2,0,0.47654166666666664,0.32333333333333336,0.200125,
2,1,0.22023037420096245,0.4253660309507318,0.3544035948483058,
2,1,0.1904445189700813,0.49080483322931834,0.31875064780060036,
2,1,0.29596796250344637,0.5483107389026743,0.15572129859387923,
2,1,0.2811986669766721,0.404390061004639,0.31441127201868896,
2,0,0.505715240513146,0.34654696373962435,0.1477377957472297,
2,1,0.28911392306835654,0.47839743589743583,0.23248864103420755,
2,1,0.2618809523809524,0.5274166666666668,0.210702380952381,
2,1,0.32587555447428174,0.42821520061214985,0.24590924491356844,
2,1,0.3532692983451996,0.43301863560154535,0.21371206605325493,
2,1,0.2906235891270954,0.5447085921325052,0.16466781874039937,
2,0,0.40849886681945513,0.3615,0.23000113318054496,
2,1,0.26166666666666666,0.612642857142857,0.12569047619047619,
2,1,0.18101225021108924,0.517603743315508,0.30138400647340274,
2,0,0.4180232901002791,0.3569113402936932,0.22506536960602777,
2,1,0.1954593366245609,0.4832142857142857,0.32132637766115346,
2,0,0.50746729719126,0.31258372675875734,0.17994897604998264,
2,1,0.3048188405797101,0.4790447957839262,0.21613636363636363,
2,1,0.25976661647855925,0.6003416703665335,0.13989171315490723,
2,1,0.28798433583959904,0.39762527677001364,0.3143903873903874,
2,0,0.5047792207792208,0.35077272727272724,0.14444805194805194,
2,1,0.2958300865800866,0.35409090909090907,0.35007900432900435,
2,1,0.22910714285714284,0.5628968253968254,0.20799603174603173,
2,1,0.30661764882413406,0.3485646266852935,0.3448177244905724,
2,1,0.23265210872007608,0.6757234905028139,0.09162440077711016,
2,1,0.3665018315018315,0.5356648351648352,0.09783333333333333,
2,1,0.20574305881563948,0.5127517436791631,0.28150519750519754,
2,1,0.2678627206127206,0.5078249219135296,0.22431235747374992,
2,0,0.5786479729853522,0.34824997292040116,0.07310205409424668,
2,0,0.4772515764296587,0.4563128367385274,0.06643558683181397,
2,1,0.2572525015365584,0.44018977657994646,0.30255772188349517,
2,0,0.6959517076061194,0.17077906162464984,0.13326923076923075,
2,1,0.27517682586230974,0.5465850788995951,0.17823809523809522,
2,0,0.37247465121817575,0.2686820951063991,0.35884325367542513,
2,2,0.2864779845445349,0.3483482423101067,0.36517377314535837,
2,0,0.7335909090909091,0.2005,0.0659090909090909,
2,0,0.4902978892890522,0.26656379155435755,0.2431383191565902,
2,1,0.09522727272727273,0.7509265734265734,0.15384615384615385,
2,1,0.2791146573552234,0.443180735930736,0.2777046067140407,
2,1,0.32876617788144996,0.3828449809531941,0.2883888411653559,
2,1,0.2505408845540425,0.41763685437369646,0.3318222610722611,
2,1,0.26097718033998524,0.44435810485810484,0.29466471480191,
2,1,0.3385648556236791,0.4519617710720653,0.2094733733042557,
2,1,0.25579002859885214,0.4202435701553348,0.32396640124581305,
2,0,0.4713850574712643,0.4203534482758621,0.10826149425287357,
2,2,0.2713119595664353,0.25972431106830085,0.468963729365264,
2,1,0.22277275976056463,0.5369505494505495,0.24027669078888592,
2,0,0.34025757575757576,0.3335025252525252,0.326239898989899,
2,1,0.2214006611510856,0.5411693070071179,0.23743003184179653,
2,0,0.48184909377020757,0.21366825825484526,0.3044826479749471,
2,1,0.1948055555555555,0.5026035353535353,0.3025909090909091,
2,1,0.3229823597455176,0.44537112010796215,0.23164652014652012,
2,1,0.32177147998200634,0.43491733688131445,0.2433111831366792,
2,0,0.5181865436865437,0.3431666666666667,0.13864678964678967,
2,0,0.37521022507302987,0.32538600288600295,0.29940377204096713,
2,1,0.35130995930710596,0.5368893557422969,0.11180068495059717,
2,1,0.2186525974025974,0.6240936147186148,0.15725378787878788,
2,1,0.2623273940230462,0.42700225861095426,0.3106703473659995,
2,1,0.18190267059832282,0.54562729471775,0.2724700346839273,
2,0,0.6298747771836006,0.22332760376878025,0.14679761904761904,
2,1,0.35718244295236706,0.38593970814132106,0.2568778489063119,
2,0,0.4178812290113298,0.3887780398111272,0.19334073117754305,
2,1,0.2662094948343233,0.4947854026393046,0.23900510252637205,
2,0,0.40991868850104146,0.3645178945237769,0.2255634169751817,
2,2,0.30505850916449995,0.27601046176046173,0.4189310290750383,
2,2,0.3040300897170462,0.30739924085576265,0.38857066942719115,
2,1,0.26048577100973425,0.45800933873722477,0.2815048902530409,
2,0,0.5953184415008941,0.28828800107613667,0.1163935574229692,
2,1,0.3096464323842373,0.40942099567099566,0.2809325719447671,
2,1,0.37544351083839533,0.37913909689130926,0.2454173922702953,
2,1,0.376431623931624,0.42831926203877413,0.19524911402960185,
2,0,0.4111292968754736,0.3314761815035896,0.2573945216209367,
2,0,0.4772322918627266,0.2838096336031119,0.2389580745341615,
2,0,0.5744150691356573,0.26702747252747255,0.15855745833687013,
2,1,0.2929204749602453,0.4500784763446663,0.25700104869508844,
2,1,0.28269506339071554,0.44001269262138826,0.2772922439878962,
2,1,0.22766666666666668,0.4758985507246377,0.29643478260869566,
2,0,0.39887206157686705,0.3164589193071498,0.28466901911598314,
2,1,0.20057936507936505,0.5048361495135689,0.29458448540706605,
2,1,0.3074188311688312,0.6603787878787878,0.03220238095238095,
2,1,0.3253340909090909,0.5025598484848485,0.1721060606060606,
2,1,0.17782539682539686,0.4880555555555556,0.33411904761904765,
2,0,0.4444768245130165,0.3529356414195124,0.2025875340674711,
2,1,0.3516814931100645,0.4363531479308178,0.21196535895911758,
2,1,0.2688278765352295,0.4379335392655086,0.2932385841992619,
2,1,0.22866970286325125,0.6941743831582541,0.07715591397849463,
2,1,0.3229789362072512,0.4058175364464547,0.27120352734629416,
2,0,0.6855555555555555,0.15734487734487737,0.15709956709956713,
2,1,0.4008024393906747,0.48680345471521946,0.1123941058941059,
2,1,0.2967420416930904,0.4982717811661475,0.20498617714076206,
2,1,0.40710270462398124,0.4728296568331074,0.12006763854291141,
2,1,0.2819659090909091,0.49466901154401155,0.22336507936507935,
2,0,0.650906862745098,0.19566456582633054,0.15342857142857141,
2,1,0.37008771929824563,0.3935450176073095,0.23636726309444497,
2,0,0.48601585522537144,0.27267020740369147,0.2413139373709372,
2,1,0.26647551521818214,0.4357436001882272,0.2977808845935907,
2,1,0.15154761904761901,0.6707922077922079,0.17766017316017313,
2,0,0.4729598476402824,0.2844083240431067,0.2426318283166109,
2,1,0.21666666666666667,0.6926363636363636,0.09069696969696968,
2,1,0.3055755563711588,0.48476899448160227,0.20965544914723888,
2,0,0.5499883947289607,0.2504074074074074,0.19960419786363182,
2,1,0.23868491949625376,0.5630628837393544,0.19825219676439187,
2,0,0.5098782980304719,0.2405616605616606,0.24956004140786747,
2,1,0.2883835978835979,0.4355608465608466,0.27605555555555555,
2,1,0.3713926656704343,0.5138062590607485,0.11480107526881721,
2,0,0.5989889781999758,0.27700262746968124,0.12400839433034312,
2,0,0.7511303660108009,0.13587791556269818,0.11299171842650102,
2,1,0.2742026804432465,0.45728571428571435,0.26851160527103923,
2,1,0.22384637336980096,0.4959764055880082,0.2801772210421909,
2,1,0.16111191964527527,0.5345577262518834,0.3043303541028413,
2,1,0.2677098997493735,0.3692610136452242,0.3630290866054024,
2,1,0.31745008912655975,0.41491889483065947,0.2676310160427808,
2,1,0.26395098039215686,0.5511792717086835,0.1848697478991597,
2,1,0.32602474913336976,0.46347560083594563,0.21049965003068455,
2,0,0.44326864724022497,0.428367139959432,0.12836421280034302,
2,1,0.3537492224603875,0.5194833249274997,0.12676745261211284,
2,1,0.15186853002070394,0.5934590964590964,0.2546723735201996,
2,1,0.4020160782703886,0.5407151017634306,0.05726881996618077,
2,1,0.3019964387464388,0.49524145299145295,0.20276210826210822,
2,1,0.4173464619927336,0.4275741255312194,0.15507941247604695,
2,1,0.30708504828504835,0.4189778887778888,0.27393706293706294,
2,0,0.43786006289308177,0.42236673860730456,0.1397731984996136,
2,1,0.397875,0.434551948051948,0.16757305194805192,
2,1,0.31382549713283653,0.43550290302183536,0.250671599845328,
2,1,0.2991549232614716,0.43247698580471106,0.26836809093381736,
2,1,0.1855010102891459,0.5276715506715507,0.2868274390393035,
2,0,0.5955378361475923,0.35065749892565534,0.0538046649267524,
2,2,0.2770238095238095,0.2690995670995671,0.45387662337662343,
2,0,0.6240048451082857,0.2251630009775171,0.1508321539141973,
2,1,0.2988468921710383,0.5992733299554251,0.10187977787353653,
2,2,0.30505305383022774,0.2872288961038961,0.40771805006587614,
2,1,0.3669659090909091,0.41328968253968257,0.21974440836940837,
2,1,0.37014935388115683,0.3895976491862567,0.24025299693258642,
2,1,0.3087427715790887,0.4953055995344997,0.1959516288864115,
2,0,0.5634545454545455,0.19981385281385283,0.23673160173160174,
2,1,0.2672385362577179,0.4485980908832571,0.2841633728590251,
2,0,0.5833769841269841,0.3550873015873016,0.061535714285714284,
2,0,0.4654452840727948,0.3036819841752891,0.2308727317519161,
2,0,0.4283756613756614,0.39414223641039287,0.17748210221394578,
2,1,0.16741300366300366,0.5772692307692308,0.2553177655677656,
2,0,0.46285289115646255,0.37663690476190476,0.16051020408163263,
2,1,0.19318442629150592,0.4833333988856113,0.3234821748228828,
2,1,0.2784919078742608,0.3832494122813816,0.3382586798443576,
2,1,0.2242649601606124,0.4693772225359181,0.30635781730346945,
2,0,0.40857242897158863,0.35833611642081725,0.23309145460759412,
2,0,0.5578666666666666,0.3372476190476191,0.10488571428571429,
2,1,0.27290234724411766,0.43552873060007996,0.2915689221558024,
2,0,0.4081844307739045,0.310055145439356,0.2817604237867396,
2,1,0.27322111413735456,0.3735358858542823,0.3532430000083631,
2,0,0.43774695824564147,0.2691928395354061,0.29306020221895246,
2,1,0.3514808802308802,0.47462301587301586,0.17389610389610394,
2,0,0.38383838383838387,0.3712535014005601,0.24490811476105598,
2,0,0.43541426135671657,0.4063578329882678,0.15822790565501565,
2,1,0.241993265993266,0.47977104377104385,0.27823569023569017,
2,2,0.17980128205128204,0.3812141599459196,0.43898455800279834,
2,1,0.26403748733535964,0.43154339416365317,0.3044191185009872,
2,1,0.27562657423712195,0.605622868882301,0.11875055688057717,
2,0,0.47736149855314614,0.30367361585782643,0.2189648855890275,
2,1,0.35119768928389616,0.4390796387520526,0.2097226719640513,
2,0,0.6376598838923246,0.18233447924624396,0.18000563686143142,
2,0,0.4351130952380952,0.4273750000000001,0.13751190476190478,
2,1,0.3498118562971373,0.41975740410347906,0.23043073959938365,
2,1,0.20803121791884277,0.46449369747899155,0.3274750846021656,
2,1,0.21113088255830192,0.43567698412698413,0.35319213331471394,
2,0,0.4257480413140084,0.3770810052016948,0.1971709534842968,
2,0,0.43693650793650796,0.28431096681096685,0.27875252525252525,
2,2,0.30287295504090733,0.3391013657917585,0.3580256791673342,
2,2,0.3192857142857143,0.33256709956709957,0.34814718614718615,
2,0,0.5129854454435895,0.20589285714285716,0.2811216974135533,
2,1,0.35569865319865324,0.39610816538533933,0.2481931814160075,
2,0,0.41879554655870443,0.3922044534412955,0.18899999999999997,
2,1,0.2538890787574999,0.600962943771942,0.14514797747055813,
2,0,0.425503461869741,0.38224737988110086,0.19224915824915825,
2,0,0.43199368686868683,0.39821500721500724,0.16979130591630592,
2,1,0.249435972629521,0.4462207637046347,0.3043432636658443,
2,0,0.4268118090994865,0.3057477004222657,0.26744049047824797,
2,1,0.2606942991305174,0.48557342720027924,0.25373227366920337,
2,0,0.3709074735333317,0.3500491292333398,0.2790433972333286,
2,1,0.3603571428571429,0.3850641025641025,0.25457875457875456,
2,0,0.4607927869232217,0.28587638931117193,0.25333082376560634,
2,0,0.4246646058330726,0.29543773959653324,0.2798976545703942,
2,0,0.6032592592592592,0.23709982174688055,0.15964091899386013,
2,1,0.18712202049158566,0.5293113287678505,0.28356665074056375,
2,1,0.20027777777777778,0.45264057239057237,0.34708164983164985,
2,1,0.31649715197083617,0.4502934214907899,0.23320942653837387,
2,1,0.2107910779696494,0.5717333836371404,0.21747553839321013,
2,1,0.14213492063492064,0.6893333333333334,0.168531746031746,
2,1,0.1075,0.8785,0.013999999999999999,
2,0,0.7257802706552706,0.2479402680652681,0.02627946127946128,
2,1,0.2062630675029869,0.6801709183673469,0.1135660141296662,
2,1,0.2902832387738048,0.5409060338568534,0.16881072736934166,
2,1,0.20629188107489996,0.4648545008450668,0.3288536180800332,
2,1,0.1988102564102564,0.6803142857142856,0.12087545787545788,
2,1,0.29737007930509984,0.46894740075246233,0.23368251994243788,
2,1,0.2867162223741171,0.41505470406786205,0.29822907355802086,
2,1,0.2747755102040817,0.5092535014005602,0.21597098839535808,
2,0,0.47131529581529585,0.36436013531095496,0.1643245688737492,
2,0,0.45910098039215685,0.36596568627450976,0.17493333333333336,
2,1,0.32497160993000307,0.5506882403378568,0.12434014973214025,
2,0,0.5375000647500647,0.2719923237681859,0.1905076114817494,
2,1,0.2542142857142857,0.5703055056055055,0.17548020868020867,
2,0,0.4644435987255212,0.31937293099057806,0.2161834702839007,
2,0,0.4095733256939139,0.3634274891774892,0.22699918512859685,
2,1,0.2762936597414819,0.39554318266931704,0.3281631575892011,
2,0,0.37958651122649,0.3709090909090909,0.24950439786441908,
2,0,0.4435417376740906,0.3298257281933752,0.22663253413253415,
2,1,0.17254166666666668,0.48601510989011,0.3414432234432234,
2,0,0.6102777777777778,0.3563888888888889,0.03333333333333333,
2,1,0.2103166786543821,0.589513217912755,0.20017010343286287,
2,0,0.5011975237414121,0.2725239497536462,0.2262785265049416,
2,1,0.24457310431503984,0.5353108155285575,0.22011608015640277,
2,1,0.34543968134996195,0.4875555234239444,0.16700479522609363,
2,1,0.2448375350140056,0.5289447578565225,0.22621770712947178,
2,1,0.4026039711922065,0.4773902522528366,0.1200057765549569,
2,1,0.280333568240545,0.3760282590364976,0.3436381727229574,
2,0,0.4482886002886003,0.3807624694146434,0.1709489302967564,
2,0,0.6192936507936507,0.2553492063492063,0.12535714285714283,
2,0,0.4520520050125314,0.2796666666666667,0.268281328320802,
2,1,0.3150476190476191,0.4847024440741302,0.2002499368782508,
2,0,0.40493674624319426,0.3334582229040284,0.2616050308527773,
2,1,0.2112510733355127,0.5159358523119393,0.27281307435254804,
2,1,0.42610074651870317,0.5274054454317612,0.046493808049535595,
2,1,0.23045267688996507,0.4971335241030156,0.27241379900701934,
2,1,0.24813251449808052,0.5855776620958185,0.16628982340610096,
2,1,0.2742434291328912,0.5269957608858407,0.19876080998126813,
2,1,0.41641642567958365,0.4179758048968575,0.1656077694235589,
2,0,0.432862122816087,0.35951412412537737,0.20762375305853564,
2,0,0.579089588377724,0.20801190476190481,0.21289850686037126,
2,1,0.2868065167066024,0.44858992094861655,0.26460356234478105,
2,0,0.5179899267399268,0.3347664835164835,0.14724358974358975,
2,1,0.39791548831070894,0.3985160233965381,0.203568488292753,
2,1,0.29700582890498856,0.4085412446259455,0.294452926469066,
2,0,0.47233705475810744,0.36488516746411476,0.1627777777777778,
2,2,0.29768019058236456,0.3035407647907648,0.3987790446268707,
2,1,0.36738649642869586,0.42223268847419376,0.2103808150971103,
2,1,0.2502083333333333,0.6811891025641025,0.0686025641025641,
2,1,0.17073589743589743,0.4836807692307692,0.34558333333333335,
2,0,0.347743006993007,0.3136184210526316,0.3386385719543614,
2,1,0.29187087286110236,0.42794661357105057,0.28018251356784707,
2,1,0.28943596654053927,0.4869216365843053,0.22364239687515547,
2,0,0.5668142199356984,0.3937860404435747,0.03939973962072695,
2,1,0.3241450179392019,0.3397836961425671,0.33607128591823093,
2,0,0.44453534672874306,0.38186595014181224,0.17359870312944484,
2,1,0.3441434786015903,0.5173242287475576,0.13853229265085212,
2,0,0.4293989218328841,0.3858885893980233,0.18471248876909252,
2,1,0.27234161084161085,0.4497450433164718,0.2779133458419173,
2,1,0.2956111111111111,0.5911190476190477,0.11326984126984127,
2,0,0.5066111111111111,0.22908333333333336,0.2643055555555555,
2,1,0.33645129870129864,0.4238971861471862,0.23965151515151514,
2,2,0.25105661881977676,0.32868610251117986,0.4202572786690434,
2,1,0.3796047570850203,0.4919868180065548,0.12840842490842488,
2,0,0.40893467643467646,0.3932240537240538,0.19784126984126987,
2,1,0.3088950980392157,0.4128796536796537,0.27822524828113065,
2,1,0.2729227905737194,0.47279826443791884,0.2542789449883618,
2,0,0.5918872186084227,0.21720706189292574,0.19090571949865148,
2,1,0.228452380952381,0.7113617216117216,0.06018589743589743,
2,1,0.27064652080344337,0.44520403615991855,0.28414944303663814,
2,1,0.3019872995579657,0.5510583725618231,0.14695432788021118,
2,0,0.5772454587501666,0.28312571831837885,0.1396288229314545,
2,0,0.38965101542799524,0.3814659322725418,0.228883052299463,
2,1,0.2489474590922407,0.47575986610288934,0.2752926748048699,
2,1,0.28882032958996534,0.48509016113929926,0.2260895092707354,
2,1,0.15272414864828662,0.4915731412548523,0.3557027100968611,
2,1,0.29916546350981865,0.5607330872148191,0.14010144927536236,
2,2,0.2525646298146298,0.3699326923076924,0.3775026778776779,
2,1,0.2683075977481638,0.4771860942433812,0.2545063080084551,
2,2,0.3359690033908301,0.3261505790248051,0.33788041758436493,
2,0,0.5320200077700078,0.27679176379176385,0.19118822843822847,
2,1,0.389500876108019,0.5353800762729334,0.07511904761904763,
2,2,0.32398059542796387,0.3168224859935387,0.3591969185784975,
2,0,0.40971739130434787,0.2888025825433148,0.3014800261523374,
2,1,0.135,0.7948409090909091,0.07015909090909091,
2,0,0.40628360851309536,0.32094216519559765,0.27277422629130704,
2,1,0.283985294117647,0.4343308764641782,0.28168382941817477,
2,2,0.3394891320822196,0.2938780628094183,0.36663280510836205,
2,1,0.4085128373258728,0.4576776388646034,0.1338095238095238,
2,1,0.3655332649806333,0.39337081339712915,0.24109592162223742,
2,1,0.2881269841269841,0.4048537851037851,0.3070192307692307,
2,0,0.4528305647840531,0.4527253599114065,0.0944440753045404,
2,1,0.24892498860009118,0.6312486808676959,0.11982633053221288,
2,1,0.2688062770562771,0.6589437229437229,0.07225000000000001,
2,1,0.17354034531360113,0.6487346723044396,0.17772498238195916,
2,0,0.6003982896188778,0.3499260461760462,0.04967566420507596,
2,1,0.41440017193208684,0.5080601455282306,0.07753968253968253,
2,1,0.3918741217470407,0.40447186147186154,0.2036540167810978,
2,1,0.1633976272583252,0.5596002758047952,0.2770020969368796,
2,1,0.20300195851624228,0.586570940359076,0.21042710112468174,
2,1,0.2960359170241523,0.5582079318260883,0.1457561511497594,
2,1,0.33637841119312756,0.36297295921636247,0.30064862959051,
2,1,0.4144159544159544,0.4939387464387464,0.09164529914529915,
2,1,0.19962208713272545,0.6147123284516901,0.18566558441558445,
2,1,0.25032843137254907,0.6561666666666668,0.0935049019607843,
2,0,0.531501133786848,0.2659627715121136,0.2025360947010383,
2,1,0.31324660633484164,0.40775398727444767,0.27899940639071075,
2,0,0.4091865252061285,0.4057820146193561,0.18503146017451538,
2,0,0.52425,0.36307142857142854,0.11267857142857142,
2,1,0.35153242047807265,0.395806617753921,0.2526609617680064,
2,0,0.43983333333333335,0.3270567886061307,0.23310987806053596,
2,1,0.30239350873071796,0.4413874836403906,0.25621900762889127,
2,0,0.5563294366372342,0.21810135555279195,0.2255692078099739,
2,0,0.6655000000000001,0.13866666666666666,0.19583333333333336,
2,1,0.27959018759018756,0.5252217171717172,0.19518809523809522,
2,1,0.3064377289377289,0.44388730713730706,0.24967496392496394,
2,2,0.3685722135007849,0.24691261808367074,0.38451516841554434,
2,0,0.4150275557775558,0.3631022033522034,0.22187024087024085,
2,1,0.3972975134394408,0.4286232973881498,0.17407918917240953,
2,1,0.29426747311827955,0.5393623271889401,0.16637019969278033,
2,1,0.22998878582233606,0.5787372176684361,0.1912739965092278,
2,1,0.2039927536231884,0.47874604743083005,0.31726119894598154,
2,1,0.29320548654244305,0.5092886432834003,0.1975058701741566,
2,0,0.44750305250305256,0.405989010989011,0.1465079365079365,
2,1,0.3538928571428571,0.5287857142857143,0.11732142857142858,
2,0,0.4036835387287313,0.3031326135105205,0.29318384776074824,
2,1,0.23455902382218174,0.4792002354370775,0.28624074074074074,
2,0,0.5129285714285714,0.3231428571428572,0.16392857142857142,
2,1,0.2748526975716056,0.5585704307488939,0.16657687167950058,
2,1,0.33559044207824695,0.3510214785214786,0.3133880794002746,
2,1,0.4590811965811965,0.4856400966183574,0.05527870680044593,
2,2,0.24149489518844358,0.35089219227606316,0.4076129125354932,
2,1,0.2922182099851435,0.37949007936507934,0.32829171064977714,
2,1,0.21126346692523165,0.5073938806291748,0.2813426524455936,
2,0,0.6043261575026282,0.2658830431006901,0.12979079939668176,
2,1,0.3114626697666042,0.43980971882256953,0.2487276114108263,
2,1,0.18116666666666664,0.5819666666666666,0.2368666666666667,
2,1,0.12773160173160172,0.6092922077922078,0.2629761904761905,
2,2,0.330297619047619,0.3038095238095238,0.36589285714285713,
2,1,0.36737756979862246,0.40569385877280617,0.22692857142857142,
2,1,0.2933163870629921,0.4939562288073124,0.2127273841296955,
2,1,0.30279817324382546,0.5192771357416803,0.17792469101449424,
2,1,0.19924804462847942,0.5795302324487107,0.22122172292280987,
2,0,0.6027255868063028,0.30571485866887893,0.09155955452481815,
2,2,0.30569732803428457,0.31973247151399325,0.3745702004517221,
2,1,0.19240591133004925,0.6479917350848384,0.1596023535851122,
2,1,0.3852044917257683,0.4347380952380952,0.18005741303613645,
2,1,0.21685824780193502,0.5169932700352868,0.2661484821627781,
2,0,0.5193401686033265,0.3368005240373661,0.14385930735930738,
2,1,0.3256388888888888,0.4728492063492064,0.20151190476190475,
2,0,0.5014295995739673,0.3374393376110415,0.16113106281499115,
2,1,0.22576309485581247,0.5504615662559895,0.22377533888819798,
2,0,0.817356252274857,0.12120968179107715,0.06143406593406594,
2,1,0.23238218390804594,0.5954511494252873,0.1721666666666667,
2,0,0.5323333333333333,0.307862012987013,0.15980465367965369,
2,1,0.19598053898053894,0.4696361998361999,0.33438326118326117,
2,2,0.2855872319893323,0.3141868750139568,0.40022589299671096,
2,0,0.38971470440810063,0.31096692196692194,0.2993183736249774,
2,0,0.4348249937863398,0.42646162097079776,0.13871338524286245,
2,1,0.3658313181071801,0.5170096629560915,0.11715901893672828,
2,1,0.28842373968518137,0.45097548713681435,0.26060077317800434,
2,0,0.410600565148048,0.3025365027590515,0.28686293209290054,
2,1,0.27796507969301265,0.44527378408528423,0.2767611362217031,
2,1,0.4326446608946609,0.4493888888888889,0.11796645021645022,
2,1,0.42551515151515146,0.4405412748171369,0.1339435736677116,
2,1,0.3390673641266177,0.387874139626352,0.27305849624703027,
2,1,0.21586425651643043,0.6125213675213675,0.17161437596220203,
2,1,0.3808543956043956,0.49154018807558586,0.1276054163200185,
2,1,0.2450234348984349,0.3827575757575758,0.37221898934398934,
2,1,0.38787422871246396,0.4123244892362539,0.19980128205128206,
2,0,0.3793105627335741,0.37290657801676547,0.24778285924966037,
2,0,0.4140102348319003,0.25088371609558047,0.3351060490725192,
2,0,0.6872175324675325,0.2720779220779221,0.04070454545454545,
2,0,0.3680590557794868,0.34108387957072167,0.29085706464979155,
2,0,0.40031132248874185,0.37166702279202285,0.22802165471923533,
2,1,0.35956777401342627,0.36505619078988644,0.2753760351966874,
2,1,0.22418350168350165,0.4760407837776258,0.2997757145388725,
2,1,0.3191388381439533,0.3531315253374077,0.32772963651863907,
2,1,0.2738772893772894,0.4238947718947719,0.30222793872793874,
2,0,0.3959827167945966,0.3175170097572218,0.2865002734481816,
2,1,0.2898040323077563,0.45625276420911853,0.25394320348312527,
2,1,0.253441182129622,0.6024912736939436,0.14406754417643444,
2,1,0.2273971248876909,0.4566931216931217,0.31590975341918737,
2,1,0.2260529211840573,0.45896290292222963,0.3149841758937131,
2,1,0.3570905483405483,0.4266399711399712,0.21626948051948047,
2,1,0.34244761904761906,0.37828928571428566,0.2792630952380953,
2,1,0.18431843595193165,0.6461160944998154,0.16956546954825286,
2,1,0.41178197945845,0.42545485223074736,0.1627631683108026,
2,1,0.35681746031746037,0.5854466422466422,0.057735897435897444,
2,0,0.6378787878787879,0.25323671497584543,0.10888449714536672,
2,1,0.30878523963179644,0.37119685553546317,0.32001790483274045,
2,0,0.6199360788240245,0.25241228070175437,0.12765164047422112,
2,1,0.1926741054613936,0.4788815039009954,0.32844439063761094,
2,0,0.6108383238637854,0.18869348468955963,0.20046819144665484,
2,1,0.33712654486434973,0.4805014004831601,0.18237205465249012,
2,0,0.6378300296999975,0.17379075981489778,0.18837921048510473,
2,1,0.21456979295214587,0.5226788844029232,0.2627513226449309,
2,1,0.34787820512820516,0.3609967948717949,0.291125,
2,1,0.356057808045613,0.44083333333333335,0.20310885862105374,
2,0,0.3679600540925579,0.29301973022554717,0.3390202156818949,
2,0,0.3672731885231885,0.32179015721120985,0.31093665426560163,
2,1,0.18161341910122397,0.6875255152572749,0.1308610656415011,
2,1,0.3982699535700004,0.41780511505768075,0.18392493137231894,
2,1,0.3648290043290043,0.42679437229437234,0.20837662337662338,
2,1,0.21568283917340522,0.46381948508764154,0.3204976757389532,
2,1,0.3152744412450295,0.3797480295987575,0.3049775291562131,
2,0,0.3831149525027402,0.31358428272494765,0.3033007647723121,
2,0,0.38869077568134164,0.37336706349206344,0.2379421608265948,
2,1,0.3794020302932374,0.42134144389312245,0.1992565258136401,
2,0,0.46352958152958146,0.4347777777777778,0.10169264069264067,
2,1,0.36268544418544413,0.5069242424242424,0.1303903133903134,
2,1,0.31505389708330883,0.42383424908424905,0.26111185383244206,
2,0,0.5652968785600364,0.3155364547732969,0.11916666666666666,
2,1,0.2858572201163868,0.45287452926195726,0.26126825062165593,
2,1,0.2999104316825545,0.4500658434184357,0.25002372489900987,
2,0,0.4406991989778367,0.33348077301095874,0.22582002801120446,
2,1,0.20464215784215786,0.5045238753999624,0.29083396675787976,
2,0,0.43886139989592676,0.2587549019607843,0.30238369814328897,
2,1,0.2727699292577341,0.45946366728509586,0.26776640345717,
2,2,0.30232574916759153,0.30690272712858724,0.3907715237038212,
2,1,0.332,0.4633974358974359,0.20460256410256408,
2,1,0.3208095238095238,0.3647669085951165,0.3144235675953598,
2,1,0.3532355816597195,0.4172118002366633,0.22955261810361705,
2,1,0.35608478246012737,0.450655268391871,0.1932599491480016,
2,0,0.5510728291316527,0.3083257080610022,0.14060146280734517,
2,1,0.26085185185185183,0.38346759259259267,0.35568055555555556,
2,1,0.18417835332109328,0.524351851851852,0.2914697948270549,
2,1,0.3705464854700928,0.45913094704616236,0.17032256748374486,
2,1,0.31713888888888886,0.46550816993464056,0.2173529411764706,
2,1,0.3580131980422678,0.44111084458177485,0.20087595737595737,
2,1,0.2649066565085034,0.38367033630524294,0.35142300718625363,
2,1,0.23519588744588749,0.4496505994005994,0.3151535131535132,
2,1,0.2837692287148809,0.44143482798818434,0.27479594329693474,
2,1,0.12812841117320128,0.6851715189483181,0.1867000698784807,
2,1,0.3314374667729931,0.452157326751839,0.21640520647516795,
2,1,0.3550749549940924,0.40134740651262185,0.24357763849328581,
2,1,0.3225,0.53522113997114,0.14227886002886003,
2,1,0.19727402597402602,0.5326848484848484,0.2700411255411255,
2,0,0.6197916666666666,0.21666666666666667,0.16354166666666664,
2,1,0.37016144803833484,0.44001910751722073,0.18981944444444443,
2,1,0.2826968253968253,0.5006960317460317,0.21660714285714286,
2,1,0.33037091897690973,0.3856746031746031,0.28395447784848704,
2,0,0.58175,0.24999458874458874,0.1682554112554113,
2,1,0.28994871794871796,0.44766239316239315,0.2623888888888889,
2,0,0.4448864859246215,0.2661664724164724,0.2889470416589061,
2,1,0.2613323635428899,0.3950811965811966,0.34358643987591353,
2,1,0.285385794282346,0.5786856342890826,0.13592857142857143,
2,0,0.5309285532394776,0.32547619047619053,0.1435952562843319,
2,0,0.40882791631848237,0.39153821178821174,0.19963387189330586,
2,0,0.4685873958435049,0.3208933270676691,0.21051927708882595,
2,1,0.3078160675641494,0.36456683938397494,0.32761709305187564,
2,0,0.6497738095238096,0.28189285714285717,0.06833333333333333,
2,0,0.45619673592087395,0.23899345466155808,0.304809809417568,
2,1,0.34518733273862623,0.3528490163176181,0.3019636509437557,
2,1,0.2126061384267906,0.43324605647975206,0.3541478050934573,
2,1,0.38908075435203093,0.4121980519480519,0.19872119369991711,
2,1,0.259156162464986,0.5514746882624018,0.1893691492726123,
2,0,0.5556687627817659,0.27880541663359004,0.16552582058464416,
2,1,0.15478469678469678,0.5915998343679908,0.25361546884731245,
2,0,0.4143781676413255,0.35272700641621546,0.232894825942459,
2,1,0.36744094009910483,0.40933940137116104,0.22321965852973416,
2,1,0.29346150146150146,0.42180291005291004,0.28473558848558844,
