0,0,0.5597060629413572,0.041120926120926125,0.006827541827541829,0.03592567567567568,0.07093699084875557,0.0738236271986272,0.05463491573785692,0.07015914128414129,0.04656315568815569,0.040301962676962684,
2,2,0.0,0.026540015540015536,0.5922719686227751,0.08923296998700223,0.050470695970695964,0.06492739898989897,0.08876889776889775,0.04290957698215762,0.03774125874125874,0.007137217397298041,
5,5,0.09111904761904764,0.05874780945295134,0.021668376068376072,0.13105272453644548,0.04724347431247368,0.37835828505467933,0.0468276405551635,0.05478405081157376,0.058169230769230786,0.1120293608200585,
7,7,0.007451345755693584,0.08433537414965987,0.024112659400677836,0.05554409938926068,0.02460286090720874,0.03745275555829553,0.009000000000000001,0.6802877760655159,0.015108792001649147,0.06210433677203866,
4,4,0.04652643715143714,0.14497125600117267,0.03456813353065725,0.044057005869505866,0.4727807940376596,0.06938038931788931,0.09668660791714066,0.029704554829554822,0.040592103237264525,0.02073271810771811,
9,9,0.09636644053316903,0.05853405540902814,0.08391395058878821,0.19307719700762938,0.029567840011678618,0.0921553469309356,0.013401308615049073,0.0436749993009535,0.037175460382446776,0.35213340122032155,
9,9,0.030332649138057596,0.04858544753892626,0.06275962913111587,0.040025075683019044,0.12143364220102008,0.11853934118450249,0.041621031746031746,0.09310883432720782,0.04864945195124609,0.39494489709887304,
3,3,0.005684955589479709,0.10518768594264317,0.07237748672649844,0.2492045775788241,0.05364592760180995,0.0811440336371791,0.022000000000000002,0.20437780819567458,0.1214512889382514,0.08492623578963948,
8,1,0.024166666666666666,0.167130523507452,0.09607179589928538,0.07944795931822579,0.07118884818884819,0.09860142901096618,0.0705952380952381,0.147072259826818,0.10608564704216877,0.1396396324443309,
3,3,0.03973058783321942,0.03161854053738999,0.14834990135663334,0.3941706032577514,0.03660925799346853,0.10084749565000485,0.009561904761904763,0.0898002886002886,0.04572923976608187,0.10358218024325737,
6,6,0.056727594375764155,0.08863905535867599,0.021861459020597454,0.03954916685964125,0.06066270258531115,0.13952981028183378,0.43863421958409454,0.02693167586629438,0.04416985801253674,0.08329445805525047,
6,6,0.05343862352336926,0.08037503183091417,0.06779055762006907,0.003855042016806722,0.09562916761600969,0.11211945304437564,0.46236919760199924,0.03774350649350649,0.06251275358628297,0.024166666666666663,
2,2,0.04753745216116262,0.07026099341855042,0.25932549910768626,0.16127270670706895,0.04095020420673459,0.13824121099322062,0.046082991871290134,0.06857175145392294,0.13225596427412978,0.03550122580623378,
0,0,0.500826097015902,0.015641025641025638,0.029051948051948044,0.02007215007215007,0.07060684625609469,0.06765483664642172,0.06839572092799247,0.044960935406057355,0.0807216672216672,0.1020687727607408,
1,1,0.01005214100862625,0.3448031615206104,0.1305832925810461,0.08332340655560469,0.04177986563350971,0.05238122085849509,0.055986281346415014,0.0978125469560973,0.16533944679337026,0.01793863674622518,
0,0,0.5133190458006175,0.04542028608875926,0.039246794756608146,0.011273232586416534,0.13820371909699689,0.05186884420008821,0.05616303146443676,0.048706152758132955,0.02819661863775177,0.06760227461019204,
0,0,0.5305211744881234,0.02047349762679952,0.026142915522632502,0.03217677762489084,0.09623979798447224,0.07838357521140542,0.07937908979977276,0.05443610368018183,0.041957130768425895,0.04028993729329558,
4,4,0.057116845143160934,0.0537931571352624,0.016309523809523812,0.0033333333333333335,0.42639834924554787,0.04457936507936509,0.06611707359797343,0.1235115948473334,0.07017857142857144,0.1386621863799283,
5,5,0.03651523597175772,0.13380347270660573,0.035961980048936575,0.06912599598469166,0.051913584852203785,0.35872725784090875,0.05238753999623565,0.05785719835719836,0.10570654255165125,0.09800119168981063,
5,5,0.05037499999999999,0.07250712613212612,0.08985432979708681,0.013681634921920212,0.15218462987471978,0.30393395130731266,0.09352326839826837,0.10120781589758618,0.08288343425213197,0.03984880941884776,
5,5,0.0015151515151515152,0.18746464089262851,0.026471859939196696,0.16581792663944994,0.0265151213165919,0.23021931273721843,0.035058036734841674,0.16621710620602329,0.033973555223784584,0.12674728879511332,
0,4,0.14366303102218597,0.10046726084288846,0.03256927249965225,0.06797040258428207,0.23810385125027828,0.06690068469891078,0.1174728790805031,0.09603797844605029,0.07678580462221081,0.060028834953038075,
9,9,0.045385548381526176,0.11190903950386417,0.018221423571268772,0.03857310295386369,0.10740627423699098,0.07127435886593034,0.013603896103896103,0.04296893491890996,0.012393536216285032,0.5382638852474647,
7,7,2.702702702702702E-4,0.04323739531267753,0.08353608424648638,0.08765678895856241,0.05070906319853687,0.010734848484848483,0.01765610438024231,0.5741028864969365,0.030445325826293234,0.10165123282514586,
2,2,0.005584485407066052,0.07299031666611683,0.4682512473372241,0.1396692330083099,0.048278042557045674,0.0388738747544046,0.042449631860776445,0.06980063844411916,0.08825685831730783,0.02584567164762948,
2,2,0.04133333333333333,0.0350235521081096,0.38562580895394494,0.12489897187286468,0.040225461088618984,0.07456800976800976,0.05937929847929848,0.02571919007940007,0.12496728502872663,0.0882590892876934,
7,7,0.0501550106173762,0.04768864468864469,0.09872629937780648,0.1447054525473351,0.07628499921396095,0.025333333333333333,0.02644100911997086,0.3147027923276381,0.11347859200318217,0.10248386677075198,
4,4,0.13571456797050832,0.07015241944046294,0.01084555661729575,0.0072481684981685005,0.5007176555188436,0.022989010989010992,0.10236343738555569,0.09590099331631184,0.0346280193236715,0.019440170940170944,
6,6,0.0631522990787892,0.07380412716155832,0.059188888834299444,0.015466515485771755,0.1131602700369948,0.08197661918678459,0.49775027100847014,0.003542925814055528,0.06403543108306783,0.02792265231020854,
5,5,0.11523868309357031,0.06391570300427292,0.06803148926146271,0.09442805689006803,0.033073145314142585,0.37049572996797464,0.07137228411439836,0.013769028793373361,0.10838966174740508,0.06128621781333195,
3,5,0.015659588159588157,0.08957876677566258,0.077788870733786,0.17446498865372667,0.0744215854828589,0.1921594002391779,0.044388344706141315,0.15234682759248264,0.061569223463006716,0.11762240419356912,
9,9,0.16604069031212898,0.15038890625187787,0.013116491228070175,0.05469233670327804,0.10418533971126238,0.12317186530664954,0.018076321839080457,0.022863387278579603,0.04928435581814352,0.29818030555092934,
6,4,0.08712433217189315,0.05787543406322538,0.08822205328546794,0.05993352954633444,0.22438431655049132,0.05865737514518003,0.11485200216316768,0.11531701533163156,0.11333154961058946,0.08030239213201912,
0,0,0.4252748783260923,0.05922947467831079,0.027623571609685194,0.03004140483163844,0.14501831918716077,0.05300036644478253,0.09320252060939944,0.022953857418989324,0.09404456071449688,0.04961104617944444,
3,3,0.023230392156862747,0.10239550678427399,0.07902959281713975,0.4321946840185264,0.05425955062876214,0.1128839695452649,0.01826923076923077,0.030126393110435665,0.0482906162464986,0.09932006392300506,
9,9,0.12818825931663017,0.07394154187206675,0.030629769646794404,0.1211995710212736,0.04932678668848881,0.14278587552919034,0.009107142857142859,0.04021009657181658,0.08318793379682572,0.32142302269977074,
2,2,0.019236914600550964,0.025784161965980153,0.4959174333080875,0.04228191000918274,0.054634208402489046,0.08067218321285308,0.12622693265232793,0.03474891774891775,0.07430909200227383,0.046188246097337016,
1,1,0.021744307547233575,0.5150015912084871,0.1019653954192475,0.03330095654549231,0.03386865399373811,0.03415820562101185,0.049044636975343496,0.05496418008410855,0.10670826433787041,0.049243808267467035,
2,2,0.029475670180951742,0.08492958770189189,0.24391007871298978,0.13572609376006978,0.032004337577991246,0.13216682738932303,0.03980681938190469,0.03946252687829149,0.10307594465606618,0.15944211376052025,
4,4,0.057670476642406696,0.02282776205180806,0.00791390613068702,0.003106224790801276,0.554734867810825,0.059523830250932844,0.21483431227173022,0.0261108000509613,0.04387963867499265,0.009398181324854794,
0,0,0.35789185917074995,0.015368677549215719,0.07492331684446828,0.02242857142857143,0.07275958895738376,0.03957158020825922,0.19700067544748395,0.020591869300911853,0.08439612511671336,0.11506773597624254,
6,6,0.04912710294925061,0.04209306286151923,0.088643941063486,0.0827230434025736,0.08728850062910466,0.04381048388144476,0.46913649203798985,0.04014640772006953,0.0542095635157102,0.0428214019388516,
5,5,0.058805609284332684,0.13907327400731656,0.058208974358974354,0.06381443001443002,0.03906990881458966,0.3144477874961918,0.036487179487179486,0.05692816486114358,0.10591056815524899,0.12725410352059285,
4,4,0.011375812390342748,0.04884091819691197,0.07817910499617818,0.016945949522233904,0.5552109840046076,0.059302164219912024,0.0980400641025641,0.03614387464387465,0.06307832888632059,0.03288279903705436,
3,3,0.07069515191234356,0.1359260469290004,0.06052900579443999,0.28101449346489,0.01853395121518763,0.08174361844368772,0.015986421215961256,0.03476235237880976,0.15556189825206332,0.14524706039361635,
6,6,0.04666061382594995,0.02825355169058176,0.06151060064560729,0.043474882260596544,0.07539783401889769,0.10307664991649952,0.5459722754136619,0.02601894732251875,0.05937079280614221,0.010263852099544269,
3,3,0.011152272707192616,0.053534302127601165,0.05547199539032588,0.41924191705805575,0.02261113966487596,0.14215648322542193,0.02742082398604138,0.06160008820400994,0.09779533315742187,0.10901564447905344,
6,6,0.04597194098105834,0.018714123818343125,0.027859672619047614,0.04720286831812256,0.05251690226101568,0.058632066833686956,0.6477068667790541,0.015569122987628605,0.06256843680929855,0.023257998592744352,
3,3,0.009829877724614567,0.054537928480191226,0.13958096643295137,0.40083984463032174,0.023966849754597813,0.1005343679234381,0.03151625754171052,0.08545696774627587,0.024172323293404685,0.12956461647249415,
2,9,0.18978955007256892,0.04026500066429734,0.05853382934201349,0.12245328201210555,0.09171959015826942,0.0800739006682617,0.014166666666666668,0.02668588879673785,0.06288095238095238,0.3134313392381267,
8,8,0.06290641711229947,0.10373589452310861,0.11075058343346507,0.10180402884246698,0.04414904847518945,0.08258210180623973,0.06253391053391054,0.070506885924533,0.2936832757036719,0.0673478536451153,
3,3,0.05283309323729493,0.05950441730646437,0.1718995575279292,0.36650296684510875,0.02143417174562133,0.07361827939717648,0.016313423831070893,0.06811888183979034,0.06755313298979267,0.10222207527975116,
8,8,0.07740562432487591,0.13079501403122815,0.06514632748549022,0.03100704907149104,0.06892664299193602,0.09030492109162828,0.05924317573206998,0.16308208726673507,0.24097955614307742,0.07310960186146785,
7,7,0.03398832391038343,0.1378530732413109,0.07274117922876033,0.08182036978750173,0.14472917042358013,0.053283581324282965,0.03431664867681181,0.3022302717947246,0.07521968255419759,0.06381769905844652,
1,1,0.05257822270322269,0.4143588580136949,0.07748270863425812,0.044641276115189144,0.07114058857808855,0.06157533589598805,0.10200710129242734,0.0335307498057498,0.1136773376373515,0.029007821324029754,
7,7,0.08090868973509041,0.08239039827019366,0.08787960325019974,0.02779149544624753,0.15138085688820982,0.10154573934837093,0.025,0.303576488781443,0.04281046489742143,0.09671626338282348,
9,9,0.06811869535505521,0.09329300951864831,0.06444254992012789,0.20530121489009345,0.02159963250555515,0.1291894434428262,0.016861406859618372,0.04116439542192967,0.05630545993684358,0.30372419214930224,
9,9,0.036837448069646214,0.03627498608930765,0.09022139782677116,0.10194055215249768,0.022107644677304118,0.16197247850768873,0.04355502727406753,0.04156306645596731,0.019028683706542145,0.4464987152402075,
5,5,0.06416470858576122,0.15192244878003394,0.03157310939547782,0.06478836084888716,0.10022649879360404,0.28442943923778696,0.11711433805235255,0.05118096931517984,0.06027064258643207,0.0743294844044844,
5,5,0.01776190476190476,0.05239012570288661,0.08339872393401805,0.1199367090425914,0.043898667672197085,0.473954149735584,0.004641025641025641,0.020410124434389137,0.05764780181978325,0.1259607672556202,
8,5,0.12355123232160851,0.10470185781146192,0.10749102923083709,0.08238619884514313,0.08419019424844693,0.1435269258391294,0.0536674373130895,0.11318821934758519,0.0898410286850783,0.09745587635762008,
1,1,0.004369271127423301,0.4337422678557589,0.02921929824561404,0.054611989253436626,0.22715494337253658,0.04324013157894737,0.014345520931484725,0.05310727225672878,0.029819353224959644,0.11038995215311007,
4,4,0.05416039979221262,0.048848586091666577,0.02406362255599488,0.00792873499326321,0.4182904625086546,0.08043527136876646,0.2754062390581585,0.026272142534259114,0.040333297304135055,0.024261243792889242,
5,5,0.01782764287768602,0.10496711061480804,0.045925956938397364,0.1165696247683367,0.08210434569806571,0.3443112026828258,0.05516186220718039,0.029302711188098175,0.07657243854556443,0.12725710447903738,
4,4,0.09102961625059404,0.06270499375718147,0.015871784612781898,0.0052502969885400465,0.5421311142087171,0.016941083722209253,0.14949496557965983,0.0419479668216859,0.049116285928848986,0.025511892129781454,
8,8,0.061197573561704015,0.09858437320042343,0.15611764961583466,0.08233718907140071,0.03074340870001543,0.10322530577185915,0.03667777526622464,0.15509852446888367,0.1905692516970586,0.08544894864659588,
3,3,0.03394339125613785,0.09272511599908695,0.111932006670503,0.2395712508593623,0.03493927995774986,0.07683582261381085,0.02585054850240355,0.05013307998656971,0.19566257508180154,0.1384069290725744,
1,1,0.046119047619047615,0.4972469050920922,0.0397408844418291,0.03810730362568567,0.08476034485170539,0.015054347826086953,0.027919546735725817,0.14874103653430104,0.07032782747097627,0.031982755802549855,
6,6,0.07361301669270438,0.012069031273836761,0.07466620526689174,0.014438710412394622,0.03400382306032461,0.10301860877490168,0.5799047319284565,0.031411326891203045,0.06528097844782459,0.011593567251461987,
5,5,0.010634744854013955,0.06335723904638228,0.10892886536884044,0.05784803044236911,0.06566544044441036,0.48076523576446767,0.059983593778928944,0.06786564044421187,0.03930383491292594,0.045647374943449434,
1,1,0.024730590290935113,0.431516819437872,0.05548716381066652,0.06893487287752655,0.1133315325025851,0.0403871635610766,0.011773809523809523,0.1779052527206279,0.041404567654567646,0.03452822762033288,
9,9,0.06913671350949374,0.06264246349387859,0.022404462413896372,0.022451045722272134,0.2417727458559927,0.09523867197503373,0.105326873059115,0.08608135971220467,0.022993901276920144,0.2719517629811928,
5,5,0.023176248042456646,0.10120829479731819,0.03760930422191356,0.13470781651691474,0.07752900183839953,0.31420595369527615,0.08514695821542549,0.036779543521875624,0.04501559763693942,0.14462128151348064,
7,7,0.05667489241804706,0.03320098773072838,0.0721058844381425,0.06493706799507684,0.0987821852089781,0.07522936040056799,0.030616647076748948,0.49953688402969454,0.021983268640217064,0.04693282206179865,
8,0,0.31738773766805484,0.05779759211376858,0.03327468487394958,0.09150433519183516,0.006206628069967622,0.16473288301413297,0.02242767199017199,0.024668386611401315,0.16633952076231492,0.11566055970440299,
4,4,0.027296710681791323,0.14896418943706005,0.07125634411972173,0.04194256083750765,0.2831474650875303,0.05732775452825,0.06388937462313722,0.07445358854521518,0.13148084366380564,0.10024116847598091,
8,0,0.2072538793896311,0.12997294162927153,0.06544696969696968,0.07566414141414139,0.04824650299409688,0.10377138912298423,0.09620759575186481,0.056795518207282895,0.08465781195928254,0.1319832498344747,
3,3,0.053358633170108576,0.11005996391758278,0.06957072662891874,0.3360337904408151,0.03986323690445549,0.12749675660865215,0.04774660560753484,0.046681454963030146,0.05895399453140259,0.11023483722749955,
5,5,0.20525308900326006,0.04590566958880913,0.0664812964812965,0.08846857183134542,0.04176902167599842,0.2648138255193659,0.025594812696043894,0.03433902838117955,0.08852081100234313,0.1388538738203581,
5,5,0.007903794851273844,0.04306653989450234,0.06383092467693424,0.06389567678558264,0.060987973659516,0.47201465663335745,0.042027110614579255,0.08409173586879962,0.019797963629896404,0.14238362338555838,
9,9,0.08920833419313125,0.03765314009661836,0.057072414415715735,0.10224724372507625,0.04001765251095382,0.1649054205008408,0.09479820657619299,0.054386559696342304,0.10246510768109063,0.25724592060403784,
0,0,0.5062984976089827,0.03859208551752493,0.023121117666924925,0.02556390977443609,0.014409625126646404,0.06152979766279316,0.06138114521170786,0.02862792086599477,0.10935151709662083,0.13112438346836833,
8,8,0.11421760696416511,0.13890019845654683,0.07590568561463858,0.11975191715349397,0.04400227599550292,0.03944002754262321,0.08083836163836165,0.05795415976463545,0.2056573846936643,0.12333238217636805,
2,2,0.05067338217338217,0.03694973544973545,0.43516728848636743,0.08515091548315233,0.04081168831168831,0.0363866864130022,0.03025833333333334,0.08103137384058436,0.08828191345691344,0.11528868305184092,
6,6,0.04582921644495637,0.014524070756829377,0.04337228835978836,0.050243207941483806,0.07166228070175439,0.06437123200824255,0.5060722810571001,0.059970262809470175,0.07709061954127742,0.06686454037909745,
3,3,0.10323305824769648,0.07114792315245526,0.06585083594908837,0.21156980321468155,0.06657756098925317,0.07001056432066868,0.03933519709098185,0.0992375369342199,0.10709414334961292,0.16594337675134185,
8,8,0.18148910514024158,0.01905619638926767,0.05209514273221514,0.10246007409472778,0.06629699511683455,0.09433537904315926,0.07380363046852682,0.047135341731826666,0.2530272063559939,0.11030092892720653,
2,2,0.02157467532467533,0.07076961174895958,0.5713600484861354,0.09885558246101726,0.016485870409783453,0.044516761016761025,0.007949675324675325,0.038086204697074265,0.05892193519041347,0.07147963534050492,
1,1,0.03185271317829457,0.20210437149247112,0.17804350633390123,0.022936661278266088,0.0876501778040093,0.0987152956926566,0.1846784031442034,0.06652798957936205,0.07193613463823821,0.05555474685859741,
1,1,0.00991214859437751,0.31650211939405587,0.22484479307911936,0.02364972933781389,0.06944265385814896,0.05179482790499266,0.16682933248443368,0.041902705806591195,0.04371921342270577,0.05140247611776104,
6,6,0.1448048558365872,0.03685924938712902,0.035952895392164154,0.05474240525556315,0.08155030563506012,0.12065514495618647,0.33429179376131496,0.018576348969791594,0.09576120328956826,0.07680579751663512,
6,6,0.053861497461990974,0.02948951962680137,0.035734368972157815,0.055572493669349673,0.07828022585783717,0.1455681930327421,0.4977879027895035,0.021833327562353518,0.04536296663086358,0.03650950439640032,
3,3,0.0535717008797654,0.07369664077157065,0.032628955453149006,0.29297295070520873,0.02656887883037953,0.20501174766094124,0.03314494878660377,0.0843242503172377,0.1421035588301367,0.055976367765007314,
4,4,0.04574004664290705,0.04467180689353623,0.012601693489671632,0.03123976070755993,0.3623548701016032,0.09478503339118523,0.047140845886849726,0.183787721684025,0.03196234029397168,0.14571588090869028,
3,3,0.011792249417249418,0.10519950515171105,0.14510256410256414,0.32416333388833385,0.02329166666666667,0.1991655289155289,0.015817163228927938,0.02041071428571429,0.055508555170319884,0.09954871917298388,
4,4,0.08367305787315167,0.05787976048336512,0.019855818997643267,0.013156801661474558,0.5660666857562555,0.016237394957983188,0.08370869551145527,0.06020490444511654,0.05352708249674018,0.045689797816814565,
5,5,0.04229661172161173,0.07553966601218585,0.058544325239977414,0.02966539085717979,0.1450737277215538,0.2924112327581334,0.07040686813186812,0.07086286780851998,0.08945494238154421,0.12574436736742564,
8,8,0.1740294922789354,0.07388453334105508,0.04701603107037889,0.08157920915401734,0.041246111376546164,0.1421209737745502,0.07799345457409973,0.05234178098116717,0.1952050190502876,0.11458339439896242,
2,2,0.058141025641025655,0.057036749254802,0.4517178099204095,0.10642296592296595,0.033476814851814855,0.057706644232960035,0.011250000000000003,0.06241496865203763,0.05694138025716975,0.10489164126681476,
3,3,0.07745454545454546,0.0359516390586158,0.10662765193462867,0.3295684890690705,0.03968847818847819,0.07049187246861666,0.02794432234432235,0.08114718614718615,0.0765478132978133,0.15457800203672295,
6,0,0.28848219307580414,0.030222682357394826,0.057892871328505666,0.029022047397047394,0.06926855890808348,0.09606531902058482,0.20882712012891994,0.02400729856793289,0.07204782172758467,0.12416408748814209,
8,0,0.20484673659673658,0.03939242424242426,0.060748279498279524,0.08111946386946388,0.056796031746031754,0.16456050616050621,0.05728917748917751,0.06316833166833169,0.17641812631812637,0.09566092241092242,
6,6,0.02337417898193761,0.005651652348760757,0.04759085213032582,0.02865788798140905,0.04849570674953435,0.058689113022032606,0.6473259590487982,0.014462969055043596,0.09382142461746795,0.03193025606469003,
8,8,0.056903604920228966,0.11951715499284149,0.09742434298956036,0.06116711597284352,0.06398799564245788,0.07366375996925195,0.04391074973619731,0.11098814858940717,0.2902136195623879,0.08222350762482343,
2,2,0.014444444444444449,0.05797644993697626,0.598198347531154,0.0672156203626792,0.008439849624060152,0.055356007929537356,0.0814516676060904,0.033102447518082195,0.048413067144878315,0.03540209790209791,
3,3,0.07222062732589049,0.03812499357135169,0.05326936293771151,0.4694547240226322,0.024305985778297297,0.08110712475541196,0.008880459770114943,0.1022652107089936,0.05729992265267691,0.09307158847691951,
0,0,0.7812551847208711,0.005769230769230769,0.015445951107715815,0.016833333333333332,0.006938154891586264,0.02680499892264598,0.05196651623612408,0.0073048175499155895,0.047118464052287576,0.04056334841628959,
8,8,0.028149193123485225,0.054249858767544776,0.06705909564567031,0.2134762303624235,0.04879257787670825,0.05373729631995024,0.04725514538162759,0.09797923978781341,0.23406470301264515,0.15523665972213152,
8,8,0.08691774891774892,0.03369233608207882,0.04343891336070552,0.09362122676476457,0.0538758042455002,0.10852999084480876,0.034274984222444974,0.059138888888888894,0.2846901328708044,0.201819973802255,
6,6,0.06502545478590513,0.05703092571252845,0.015027101561123827,0.0420954944766406,0.09128396575868276,0.0723769101696757,0.5364356746184662,0.0333736324931949,0.0644882312708518,0.022862609152930532,
1,1,0.010633490761481785,0.6441323233344958,0.01968199847223019,0.030991727887397912,0.05954480875555151,0.01592132740758897,0.059020013012909316,0.014878632229355267,0.10747115880472073,0.037724519334268375,
6,6,0.07160761289513042,0.06092615596963423,0.03327777777777778,0.06359439634439634,0.15241136267503727,0.11613791120312862,0.37586568044702695,0.07236659218917284,0.022935693338919143,0.03087681715977648,
4,4,0.04134210322953567,0.07744046279496258,0.03700013400957302,0.035054086422748265,0.5298935110274771,0.05473948494126332,0.03044766125264654,0.04820228934051005,0.05798922959265676,0.08789103738862657,
6,6,0.0725895183192094,0.04844737775501688,0.04723174603174604,0.024830917874396133,0.05926086673236326,0.05108065998329156,0.5870883153533677,0.019526723205991733,0.028554985855728434,0.0613888888888889,
5,5,0.10795502018133596,0.03964455513403815,0.05351724000637043,0.08040643183017879,0.07990947404894773,0.29878148622139905,0.009545454545454544,0.013971588818593799,0.0570399609162767,0.25922878829740476,
7,7,0.018276259776259775,0.01636910477009292,0.00848985041542873,0.07042537507300936,0.08467568043702675,0.04345384158699554,0.03002945252945253,0.5624414287046008,0.09999037446207257,0.06584863224506116,
5,5,0.10397855956412348,0.038277863873265934,0.01811254853892045,0.06379030421210163,0.05781944991958149,0.38756068230380664,0.03600178104589478,0.045205078656845865,0.06688623601494473,0.18236749587051498,
2,2,0.026250410509031194,0.07193048289796869,0.4095963136526211,0.10590905713329349,0.03150362429132909,0.04442698550471736,0.02243990743687343,0.08270112266675433,0.14838890309890537,0.05685319280850591,
9,9,0.05709225292251609,0.03345690722321157,0.04815562770562771,0.06606252868667056,0.14291109336252358,0.1432920274170274,0.022748556998557,0.12381431658857288,0.041576366615840306,0.3208903224794529,
9,9,0.05957575757575758,0.0732907463469867,0.009854431228573103,0.089481357700891,0.090758764929924,0.13906140787595672,0.014415501165501166,0.10388679735330392,0.11187663088711795,0.3077986049359878,
3,3,0.10643334550541889,0.07542198124746127,0.03277748065187877,0.3624859864143518,0.018886053742887255,0.07270291538860797,0.02309184699249679,0.17233876996986747,0.07627818334791693,0.059583436739112774,
5,5,0.09181242837425636,0.039446945818034006,0.016160120933023034,0.09772391426975717,0.02627003383400863,0.32911704308451195,0.005289038244026863,0.0862076256670045,0.06263794837079535,0.24533490140458217,
0,0,0.7123226568922222,0.015202898550724635,0.01707246376811594,0.0452311939268461,0.03542020757020757,0.056548882196708276,0.035454545454545454,0.014361111111111111,0.015881554677206852,0.05250448585231194,
5,5,0.01245634649314865,0.05956647389211035,0.0743873941172169,0.04106042950148761,0.04724549015640163,0.49908580279968495,0.02377748325170589,0.09698080970212525,0.07804565963149354,0.06739411045462525,
6,6,0.05658776428885124,0.02212323631869166,0.02957934609250399,0.029718593775197547,0.1440899391598961,0.023226803401828228,0.5983547404956293,0.04372433407325195,0.02098484848484848,0.03161039390930156,
7,7,0.029331161624005956,0.061465599191799114,0.0655034765445904,0.09080663587430053,0.042772527541712374,0.06274050122083003,0.018657480314960635,0.43896519659472594,0.0828225322741495,0.10693488881892568,
3,3,0.0814571676055342,0.04297455570789483,0.07321282097536004,0.36687767767838136,0.042255877742946715,0.08726601422932312,0.0016238244514106587,0.07515610522518418,0.10341380554311591,0.1257621508408491,
0,0,0.5809625683854359,0.006379509379509379,0.0106265664160401,0.021432748538011696,0.022294185044638763,0.054453065134099615,0.05507416529830323,0.0391991341991342,0.08275888126795568,0.12681917633687143,
3,3,0.03488394255187569,0.0191937794937795,0.08208606055034627,0.3790968005550898,0.026679756751185328,0.1094348345455786,0.01066666666666667,0.16050118073223668,0.037948841698841704,0.13950813645439986,
7,7,0.013157193280712763,0.08303919706315481,0.034371083583800276,0.05605171103047311,0.03716683127766349,0.06948943830467762,0.029364051763321825,0.4899136830733413,0.0637228413104372,0.12372396931241747,
0,0,0.6060225274991008,0.00738960113960114,0.01725188781806429,0.016369174942704356,0.03201621698714722,0.05474634633492363,0.10238824519706874,0.02856060606060606,0.06271647470176882,0.07253891931901509,
1,1,0.053412474849094574,0.5117489273966944,0.02749650115143073,0.0577739004318928,0.06818438796773511,0.019469877705834627,0.03098591549295775,0.06730157365351595,0.037740645895575485,0.12588579545526854,
6,6,0.028718094689585912,0.006537013203679868,0.01986046652713319,0.0119668786335453,0.05939575939575938,0.055467151675484994,0.7063415972780007,0.03160493827160493,0.046419105109894575,0.033688995215311,
1,1,0.007979166666666666,0.6083751951834657,0.012680272108843533,0.1030853766568052,0.05690124458874458,0.05852792333149475,0.0182310606060606,0.03975206751522539,0.02133774590917447,0.07312994743351885,
2,2,0.009999999999999998,0.17549408615960335,0.37393637857086126,0.13318641238641235,0.02797619047619047,0.0743241758241758,0.013118503118503117,0.06312412137412136,0.08974056499056497,0.03909956709956709,
1,1,0.08183061024996509,0.4439957297419052,0.01467270004241182,0.040223610480084805,0.08484281224526725,0.06396766463687448,0.09960280550684152,0.05833989711005839,0.08053691406860296,0.03198725591798856,
5,5,0.0633778441726341,0.05058794782731033,0.09270650796931584,0.17602169077654636,0.06913154559725988,0.39199643947724316,0.02469547785547786,0.02347290804433662,0.057719026687598124,0.05029061159227778,
7,7,0.042703722827267046,0.04363598613289015,0.08763847875432458,0.04859899934144901,0.09950658667957431,0.03808150669310465,0.035656846421552306,0.4083291912774247,0.09182530241608568,0.10402337945632772,
8,8,0.03566826730692277,0.05772426058462599,0.16751147683029882,0.10711895862728513,0.050604435338047454,0.10565537825177854,0.06491335239536714,0.0743659498987101,0.24743748092715712,0.08900043983980688,
1,1,0.04399555437007698,0.6146737836698208,0.04020364665713502,0.0339778989313873,0.022614098045976208,0.031701507118450635,0.020182818476227694,0.0348756418357592,0.140546204687745,0.01722884620742092,
8,8,0.055177629388155715,0.07005570810973137,0.08426358331384928,0.04884130162473185,0.09156168304416071,0.14494388920212697,0.18799358078160983,0.05882678820189431,0.19200067011107372,0.06633516622266622,
4,4,0.045721625188536945,0.08311123612543883,0.047570279709592926,0.009608915544861893,0.5145479146669166,0.04368333361118984,0.12952966634180738,0.04136288533385112,0.02264057966886914,0.06222356380893523,
4,4,0.07386679538689675,0.07792390896612676,0.03403805388297051,0.005296234772978958,0.43396977736747894,0.03715827416237813,0.20186224854782406,0.025150054088656157,0.0668710771618664,0.04386357566282326,
2,2,0.02708391782433593,0.06913817797733862,0.3931095964044775,0.0906710116984968,0.054548003315122634,0.08615287451144497,0.032986301189701216,0.06679489836884947,0.09605248006672602,0.08346273864350656,
7,7,0.0701656314699793,0.016926970788315326,0.04630557440367452,0.021059290382819798,0.034247107538667644,0.028649481091280765,0.015305078553160396,0.6135340565138181,0.07909440442843804,0.07471240482984608,
3,3,0.0439061904210886,0.05622307823382617,0.11233122407674165,0.26984574269099965,0.03407122896298051,0.062106015043000964,0.015996241486984846,0.16561820836731259,0.1680807830649905,0.07182128765207459,
9,9,0.0894955203441147,0.043404724786325836,0.02255521170639884,0.1824231987454882,0.05421027126622624,0.1476982093531389,0.09605379245167976,0.039886120479150855,0.07523073572325083,0.24904221514422567,
3,3,0.03464615789558866,0.11141383163750959,0.08983097309665097,0.21958929263923765,0.041536783381609155,0.06520000622213963,0.03954723823109784,0.21547222956021042,0.13192223958061713,0.05084124775533894,
7,7,0.04327990565635915,0.033474927849927845,0.05423831805449453,0.06238210678210678,0.16800359504266826,0.03551720354808589,0.016713690476190476,0.5247202761044245,0.020614194477053573,0.04105578200868898,
9,9,0.070825579758668,0.07713153107475,0.055784154119379384,0.19972375845451953,0.03522229141555155,0.14901151010546299,0.033314759951017604,0.026354080782972158,0.10751798326013301,0.24511435107754573,
7,7,5.882352941176471E-4,0.0167794089968003,0.04946778434694035,0.048631092436974804,0.041709097183010226,0.031699567099567096,0.01619047619047619,0.6144630139539347,0.10571782309761853,0.07475350140056024,
0,0,0.4712830119162133,0.036480579605579606,0.013454887218045115,0.032202380952380955,0.09275606480791712,0.021730930431874244,0.09181320172364948,0.035492316555749394,0.119148088023088,0.08563853876550263,
6,6,0.03177919483419219,0.08710011379591745,0.04848254972683508,0.021374807987711214,0.15159784510688795,0.05845796661008008,0.44465509451736496,0.04601342509949067,0.06113796812485059,0.04940103419666987,
3,3,0.04172093837535014,0.050964714531077836,0.16077938430372507,0.19575854361483166,0.08314240141819677,0.0666468386957471,0.08113442640772629,0.11661956764277681,0.12835958213189452,0.07487360287867388,
6,6,0.032677655677655675,0.04084902496540428,0.016119630602389225,0.01599576128923955,0.044169427191166316,0.05121081919357781,0.6761497782980167,0.02572931959345003,0.07020175779227504,0.026896825396825398,
1,1,0.07478169399021338,0.40056573379851607,0.030497149192798553,0.0300792526450853,0.08925528576743982,0.06095593047694828,0.032664891175622504,0.032976924997055825,0.2314884296443972,0.01673470831192324,
9,9,0.07526725078806484,0.06587893027272791,0.08371681040019235,0.13906629754288066,0.04653831329016342,0.1629662435125883,0.05035023103374168,0.06059365722628826,0.04916168228934186,0.26646058364401065,
9,9,0.06015079365079364,0.1079952475597637,0.05406899481899481,0.2039684197184197,0.05860714285714285,0.12968204775462844,0.008916666666666666,0.0399702380952381,0.04364183039183039,0.2929986184865217,
6,6,0.06799105812220567,0.022941273205898567,0.07969789445125253,0.052211220277766875,0.03436370397538562,0.04403061726966242,0.5862699188557957,0.029073170731707322,0.05633728183445144,0.027083861275873953,
9,9,0.18090880296402392,0.038588501144164754,0.025398665394024453,0.1184442058517789,0.03253250845899587,0.1387340386974557,0.031643518518518515,0.04080175433138819,0.12126285977334661,0.2716851448663029,
6,6,0.018595744680851064,0.025564993496761945,0.04218298953421658,0.001148982957669049,0.047080717598004834,0.06824206987141788,0.7072764641762047,0.014828150572831426,0.04824064361322457,0.02683924349881797,
8,6,0.0930321816089282,0.06592478303571352,0.07985626811057227,0.04068821811210615,0.15168617801851636,0.15799654582414266,0.16658551249694453,0.05447535129534638,0.08791199350816133,0.1018429679895686,
8,8,0.15265774090925566,0.10740108048368767,0.045961184307662654,0.03683683538443088,0.024387403854167475,0.11251200548422771,0.01334420928865373,0.07811181948299985,0.3728720950590099,0.05591562574590438,
1,1,0.08438452671211294,0.39012564641440717,0.0682063457605002,0.029164920807162188,0.06441845439043715,0.02693145161033092,0.028682944506473924,0.05636834959045914,0.21526024596220913,0.03645711424590735,
0,0,0.42784635233105006,0.037527647346533,0.05136504918035439,0.05647617339753996,0.025617899943757738,0.05139514247990227,0.1233718631182517,0.057497759464692696,0.06403168893559884,0.10487042380231958,
3,3,0.030742424242424248,0.07228010897148829,0.11993958475734794,0.3669268792820508,0.012575757575757577,0.07514199582970199,0.01900432900432901,0.07818718164790146,0.09037956263001636,0.13482217605898245,
1,1,0.019999999999999997,0.5536309593335023,0.08350780395310838,0.0480580939528308,0.05193551185656448,0.048630633823616286,0.04016792357968828,0.04721918532837932,0.07256188454271732,0.03428800362959289,
3,2,0.05451264602832438,0.08946515331424855,0.1730332965158306,0.1646691541281638,0.060297851841829855,0.06562984447661324,0.07435043218252173,0.09326289658751787,0.15580869456435065,0.06897003036059926,
3,3,0.042138888888888885,0.06281646825396826,0.08866748996896055,0.42572569814018024,0.025148148148148152,0.07664051268942573,0.0017037037037037036,0.114672893481717,0.12105513468013468,0.041431062044872784,
0,0,0.6044852048334809,0.04686239316239317,0.03205064935064936,0.007142857142857143,0.030333333333333337,0.038259740259740264,0.08994184704184706,0.023591186591186596,0.055536796536796544,0.07179599174771588,
2,2,0.012990595611285266,0.06828050833254114,0.46140721804195445,0.0926874791972684,0.016034167026494392,0.07666515498757273,0.08434685598377281,0.061031981269458115,0.09505714362286696,0.031498895926785696,
5,9,0.08058390884726865,0.08067698080798769,0.02040540112908534,0.060773950390655196,0.08631057828069538,0.18309068814655027,0.02942857142857143,0.14522492896680203,0.04252308578933966,0.27098190621304435,
5,5,0.08418713887016833,0.031126481993654673,0.034318466174348534,0.06482051394508327,0.15838755306961363,0.30762466071153194,0.16173144579256393,0.043961861917193076,0.0392125744781557,0.07462930304768706,
8,1,0.04444136460554371,0.1941884432932104,0.06045036457389167,0.09582884672087459,0.08134340729565022,0.0951806610423964,0.07295812345669457,0.10957905275944389,0.16280226997842864,0.08322746627386586,
6,6,0.004803675856307436,0.06385295361613821,0.02240638229108057,0.027705627705627713,0.16616777614822278,0.015824404761904765,0.5820614126370705,0.03911128310973513,0.0597254327681559,0.018341051105756994,
0,0,0.6423819643398405,0.022483988336559776,0.017145036555622627,0.009190283400809714,0.03485741911193572,0.08772570890330114,0.03497077919024078,0.014846383815994766,0.07269823152460782,0.06370020482108697,
4,4,0.028711744627662135,0.04695889771450252,0.017381396178850882,0.02182776469080012,0.5236072506717385,0.07467590440038216,0.1345745697924683,0.06597063453290318,0.023244060800669278,0.06304777659002297,
1,1,0.0216374269005848,0.5705465833601214,0.03454178686399933,0.003246268656716418,0.1498871709589673,0.02630514096185738,0.04120446010892235,0.05797325232693786,0.06056835762308717,0.03408955223880597,
0,0,0.7455158578880313,0.016742424242424243,0.014509803921568629,0.026123376623376625,0.006666666666666667,0.018332558685449182,0.04462380103556575,0.014895833333333336,0.046565359477124195,0.06602431812646008,
0,0,0.5605174660561885,0.027320478766219135,0.019372698504689232,0.042478829880959704,0.051803978814662546,0.018626116289293625,0.0960544484251381,0.03624061857682548,0.08918243867356443,0.05840292601245948,
3,3,0.053488678804855284,0.03881568726781493,0.11126997559178411,0.4688890404562576,0.007738354037267082,0.11172353662402369,0.002807539682539683,0.04683149971366902,0.06516823514649603,0.09326745267529264,
0,0,0.6368907606289838,0.026731469323913307,0.04634593064569614,0.04415608696207966,0.03757354814428811,0.03593991795940728,0.021327282728272827,0.03157272512965583,0.03988610432471818,0.07957617415298499,
7,7,0.04883926099593443,0.0369972130889778,0.04101771094402674,0.048265666368424984,0.12658673761150543,0.03159151373761922,0.06985823529411765,0.4432177260149173,0.06125815655685945,0.0923677793876171,
4,4,0.03819549660172452,0.09575941930574443,0.05179422201045149,0.03172835320776986,0.5262251309517612,0.051257709369385715,0.08504198364065858,0.03726357194696452,0.024694381519950206,0.058039731445589736,
6,6,0.14248981626076565,0.03839509664863438,0.04413272084301035,0.006129490023921935,0.058996925040315736,0.05668243595905536,0.4959576649137583,0.008426352730044004,0.0776895151467853,0.07109998243370885,
9,9,0.007552414690572586,0.16962911686010895,0.044095113512013936,0.14757255271999312,0.1164675134991072,0.09834221023065419,0.01657944086805643,0.0497204795555076,0.06701069311379712,0.28303046495018885,
5,5,0.04870349778244514,0.052167588119794,0.0669359366124072,0.043618881118881105,0.05356311019178667,0.570302254265296,0.05135710612916495,0.008076923076923075,0.07617478874464167,0.029099913958660087,
9,9,0.04203571428571428,0.18189359244573047,0.018874194281171028,0.0643241692584463,0.08384587813620073,0.11092795932861657,0.029960317460317454,0.04554665684556989,0.06591422466422467,0.35667729329400866,
7,1,0.022829257693211185,0.2202598051516325,0.09207200404331552,0.1010038301407154,0.14319167359731766,0.03731473787787169,0.04133151260504202,0.15550524204266103,0.1018475423216021,0.08464439452663082,
2,2,0.0017208931419457733,0.06341062589053018,0.5140341594160379,0.15615302547680157,0.010917877813089423,0.043326770146113615,0.03868149949548811,0.055336378670588396,0.059385023446314994,0.05703374650308996,
3,3,0.030783071520531887,0.03383510317185809,0.06847248045821452,0.5222842607679329,0.03706426823722322,0.08524463089142566,0.012884318232320769,0.04420700217136488,0.0466447653223969,0.11858009922673117,
7,7,0.027100529100529104,0.06895271340859577,0.05396669996669997,0.14942818129582836,0.08354924449752037,0.021492840492840493,0.02280952380952381,0.4746263223854502,0.0613357356151474,0.0367382094278646,
6,6,0.049404761904761896,0.07685421754171755,0.05569749694749694,0.03556878306878307,0.12012237808487808,0.10193775853775852,0.4872318422318421,7.692307692307692E-4,0.036904872904872904,0.03550865800865801,
8,8,0.03913254616869074,0.05692285239914465,0.11789321337663405,0.1682711726024979,0.06037259210539427,0.06506606940062003,0.036612172043496864,0.07268457672181615,0.328985655549975,0.05405914963173026,
